600061 国投资本 日线 不复权
      日期	    开盘	    最高	    最低	    收盘	    成交量	    成交额
2017/03/27	15.30	15.39	15.25	15.28	6388991	97840000.00
2017/03/28	15.26	15.32	15.13	15.22	4932168	75139968.00
2017/03/29	15.25	15.26	15.02	15.14	6376831	96524856.00
2017/03/30	15.09	15.18	14.97	15.06	6953573	104705200.00
2017/03/31	15.05	15.13	14.94	15.04	6426053	96602984.00
2017/04/05	14.99	15.33	14.99	15.25	9543123	145113040.00
2017/04/06	15.28	15.28	15.16	15.22	6371412	96915056.00
2017/04/07	15.27	15.43	15.25	15.37	11232326	172385680.00
2017/04/10	15.34	15.41	15.12	15.23	8108092	123598256.00
2017/04/11	15.16	15.33	15.10	15.32	7960417	121016432.00
2017/04/12	15.35	15.48	15.20	15.33	12015528	184771600.00
2017/04/13	15.25	15.31	15.21	15.29	5516424	84159200.00
2017/04/14	15.29	15.31	15.16	15.27	6060397	92227968.00
2017/04/17	15.18	15.28	15.09	15.25	5442428	82698592.00
2017/04/18	15.18	15.23	14.99	15.05	5287920	79927856.00
2017/04/19	14.98	15.07	14.81	15.05	7789888	116530736.00
2017/04/20	15.01	15.05	14.84	14.98	5929038	88444568.00
2017/04/21	14.92	15.15	14.91	15.11	6144359	92218696.00
2017/04/24	15.06	15.13	14.85	15.11	12080416	181864576.00
2017/04/25	15.05	15.10	14.96	14.99	5315665	79799400.00
2017/04/26	14.98	15.11	14.91	14.96	5809480	87043632.00
2017/04/27	14.90	14.95	14.46	14.66	15211755	223048208.00
2017/04/28	14.64	14.66	14.48	14.66	8627499	125510336.00
2017/05/02	14.64	14.66	14.53	14.56	5223624	76266160.00
2017/05/03	15.16	15.55	14.93	14.96	29038000	441750368.00
2017/05/04	14.63	15.14	14.61	14.98	19169094	285041248.00
2017/05/05	14.86	15.03	14.68	15.00	17351352	257587104.00
2017/05/08	14.90	15.11	14.71	15.10	13938026	208630928.00
2017/05/09	14.91	15.05	14.85	14.97	6225498	93031136.00
2017/05/10	14.95	15.00	14.71	14.88	8437804	125359352.00
2017/05/11	14.75	15.05	14.68	14.98	11821265	176071648.00
2017/05/12	15.05	15.29	14.92	15.11	8279201	125388448.00
2017/05/15	15.03	15.20	14.99	15.14	7691551	116086088.00
2017/05/16	15.10	15.18	14.84	15.17	7101954	106616680.00
2017/05/17	15.18	15.27	15.00	15.06	9020505	136169920.00
2017/05/18	14.88	14.96	14.79	14.87	6356919	94575472.00
2017/05/19	14.87	14.91	14.69	14.76	5216355	77098272.00
2017/05/22	14.57	14.71	14.14	14.49	10975997	158370560.00
2017/05/23	14.42	14.71	14.26	14.69	9597537	139497312.00
2017/05/24	14.55	14.78	14.46	14.74	5120526	74831168.00
2017/05/25	14.68	15.34	14.60	15.08	13172000	197555280.00
2017/05/26	15.00	15.16	14.93	15.07	7561780	113785960.00
2017/05/31	15.10	15.30	15.06	15.23	12916876	196362048.00
2017/06/01	15.21	15.40	15.08	15.34	20716876	317025248.00
2017/06/02	15.28	15.43	15.13	15.29	7128418	108994224.00
2017/06/05	15.28	15.33	15.10	15.11	5884486	89310624.00
2017/06/06	15.10	15.23	15.08	15.20	3805921	57759696.00
2017/06/07	15.19	15.35	15.14	15.29	8112344	123779632.00
2017/06/08	15.25	15.28	15.10	15.15	5270253	79932592.00
2017/06/09	15.14	15.22	14.93	15.01	7129117	107459216.00
2017/06/12	14.99	15.07	14.84	14.94	4830325	72142232.00
2017/06/13	14.88	15.05	14.88	15.00	4167995	62435472.00
2017/06/14	14.96	15.04	14.90	14.99	3410859	51118840.00
2017/06/15	14.96	15.15	14.88	15.09	4987832	74957984.00
2017/06/16	15.09	15.21	15.05	15.18	6903703	104700184.00
2017/06/19	15.25	15.51	15.20	15.33	13939830	214051280.00
2017/06/20	15.33	15.49	15.21	15.24	10584145	162585632.00
2017/06/21	15.38	15.44	15.17	15.29	7973867	121720200.00
2017/06/22	15.21	15.44	15.13	15.27	11593809	177043632.00
2017/06/23	15.15	15.31	14.95	15.30	9800568	148616448.00
2017/06/26	15.28	15.53	15.25	15.53	13255698	204634976.00
2017/06/27	15.53	15.56	15.38	15.44	7111030	109913896.00
2017/06/28	15.47	15.65	15.39	15.59	14922100	232017120.00
2017/06/29	15.59	15.64	15.40	15.46	7317281	113266992.00
2017/06/30	15.40	15.57	15.36	15.55	6247640	96776352.00
2017/07/03	15.54	15.57	15.33	15.52	8982580	139066832.00
2017/07/04	15.53	15.60	15.38	15.58	7083492	109844208.00
2017/07/05	15.52	15.59	15.40	15.48	6370431	98610352.00
2017/07/06	15.43	15.48	15.27	15.42	7751814	119065688.00
2017/07/07	15.38	15.62	15.14	15.58	15041829	231674016.00
2017/07/10	15.52	15.77	15.43	15.64	13158629	205593248.00
2017/07/11	15.54	15.77	15.51	15.56	10665529	167135840.00
2017/07/12	15.54	15.65	15.29	15.35	7172143	110515736.00
2017/07/13	15.34	15.55	15.30	15.54	7828113	120787512.00
2017/07/14	15.50	15.76	15.48	15.75	10260689	160309728.00
2017/07/17	15.74	16.40	15.30	15.88	29264040	465340544.00
2017/07/18	15.78	16.10	15.54	16.04	22545615	358279744.00
2017/07/19	16.08	16.69	15.90	16.68	54397577	894017344.00
2017/07/20	16.58	16.75	16.40	16.43	25045378	413383104.00
2017/07/21	16.32	16.57	16.06	16.20	20936564	341557184.00
2017/07/24	16.10	16.30	16.07	16.11	16319813	263950320.00
2017/07/25	16.13	16.19	15.82	15.90	13967631	222759600.00
2017/07/26	15.90	16.08	15.79	16.06	13380651	213191936.00
2017/07/27	15.92	16.17	15.60	16.15	21330280	338932608.00
2017/07/28	16.05	16.06	15.73	15.78	10146654	161555040.00
2017/07/31	15.76	15.94	15.62	15.84	12831544	202926832.00
2017/08/01	15.94	16.25	15.89	15.97	19476385	313245760.00
2017/08/02	15.96	16.23	15.92	16.03	19064328	306462240.00
2017/08/03	16.08	16.20	15.89	16.00	14531107	233573504.00
2017/08/04	16.01	16.31	15.92	16.05	19966017	322606080.00
2017/08/07	16.05	16.09	15.80	15.88	11866355	188849568.00
2017/08/08	15.87	15.96	15.65	15.83	13246933	209014384.00
2017/08/09	15.75	15.79	15.51	15.57	12050485	188562912.00
2017/08/10	15.57	15.75	15.47	15.67	10722811	167597872.00
2017/08/11	15.59	15.66	15.35	15.60	13881790	215580368.00
2017/08/14	15.62	15.89	15.51	15.84	10023710	157442896.00
2017/08/15	15.82	15.85	15.61	15.74	5447294	85633816.00
2017/08/16	15.74	15.78	15.62	15.70	4842467	76006448.00
2017/08/17	15.70	15.95	15.65	15.93	11054679	175082832.00
2017/08/18	15.81	16.03	15.81	15.92	9745136	155216832.00
2017/08/21	15.98	16.10	15.92	15.98	6505727	104079752.00
2017/08/22	16.06	16.14	15.90	15.96	6904478	110569976.00
2017/08/23	15.97	16.22	15.71	16.03	11065437	176845200.00
2017/08/24	16.04	16.05	15.72	15.74	6999671	111006024.00
2017/08/25	15.78	16.17	15.74	16.10	16248347	259964704.00
2017/08/28	16.19	16.94	16.18	16.71	48528315	808755520.00
2017/08/29	16.61	16.64	16.36	16.44	21513800	354743200.00
2017/08/30	16.40	16.92	16.40	16.46	26869538	447271904.00
2017/08/31	16.47	16.67	16.40	16.53	16364827	270558144.00
2017/09/01	16.54	16.73	16.38	16.48	16429324	271892576.00
2017/09/04	16.48	16.63	16.31	16.52	14727927	242070432.00
2017/09/05	16.48	16.74	16.46	16.57	15595892	259390192.00
2017/09/06	16.51	16.65	16.38	16.53	11452697	188919584.00
2017/09/07	16.55	16.65	16.22	16.23	12669931	208442000.00
2017/09/08	16.21	16.33	16.10	16.24	11091620	179717936.00
2017/09/11	16.24	16.35	16.13	16.14	9708494	157438304.00
2017/09/12	16.18	16.45	16.15	16.25	14567800	237145072.00
2017/09/13	16.20	16.33	16.02	16.10	10724663	172856976.00
2017/09/14	16.10	16.24	16.01	16.07	11043722	178138448.00
2017/09/15	16.05	16.21	16.02	16.12	8619188	138871792.00
2017/09/18	16.20	16.31	16.11	16.16	14350436	232772816.00
2017/09/19	16.20	16.24	15.98	16.06	9694793	155789744.00
2017/09/20	16.06	16.11	15.98	16.09	8104133	130057968.00
2017/09/21	16.08	16.23	16.01	16.02	9535485	153742464.00
2017/09/22	16.00	16.13	15.69	16.06	16474263	261516640.00
2017/09/25	15.95	16.06	15.78	16.03	12346974	196740896.00
2017/09/26	15.99	16.10	15.92	16.06	5816881	93240936.00
2017/09/27	16.04	16.13	16.00	16.00	4393601	70586976.00
2017/09/28	16.04	16.13	15.97	16.03	6881555	110560808.00
2017/09/29	16.05	16.32	16.05	16.31	14102680	228781744.00
2017/10/09	16.67	16.72	16.18	16.21	17893242	293237728.00
2017/10/10	16.18	16.25	16.09	16.24	9829004	159001152.00
2017/10/11	16.28	16.29	16.12	16.17	7509600	121639432.00
2017/10/12	16.14	16.18	15.93	15.99	9487811	152133600.00
2017/10/13	16.00	16.04	15.91	16.01	5792451	92545512.00
2017/10/16	16.04	16.16	15.80	15.83	10243929	163876784.00
2017/10/17	15.85	15.90	15.71	15.77	6327592	100063576.00
2017/10/18	15.76	15.95	15.75	15.92	9969846	157946880.00
2017/10/19	15.90	15.90	15.46	15.87	13242366	207807360.00
2017/10/20	15.72	15.85	15.66	15.76	4432716	69818264.00
2017/10/23	15.71	15.79	15.61	15.66	4247511	66592340.00
2017/10/24	15.62	15.89	15.61	15.85	8680883	137201216.00
2017/10/25	15.82	15.89	15.76	15.85	3424527	54210444.00
2017/10/26	15.83	16.07	15.83	15.86	5828638	92878824.00
2017/10/27	15.89	15.91	15.72	15.74	4206048	66332608.00
2017/10/30	15.74	15.77	15.12	15.47	12102416	185985552.00
2017/10/31	15.36	15.39	15.22	15.28	4234711	64863912.00
2017/11/01	15.29	15.33	14.85	14.89	11986016	181174544.00
2017/11/02	14.90	14.96	14.67	14.93	10001165	148298576.00
2017/11/03	14.89	14.92	14.58	14.88	11869128	175012880.00
2017/11/06	14.79	14.81	14.68	14.74	6091659	89770320.00
2017/11/07	14.71	14.88	14.70	14.81	9038373	133650272.00
2017/11/08	14.77	15.22	14.72	15.11	16694458	250766912.00
2017/11/09	15.00	15.05	14.92	14.99	5497855	82391488.00
2017/11/10	15.03	15.11	14.88	15.00	6661655	99867752.00
2017/11/13	15.05	15.15	14.85	14.89	6554389	98208416.00
2017/11/14	14.86	14.92	14.73	14.74	4920893	72776584.00
2017/11/15	14.76	14.82	14.66	14.74	5530273	81408504.00
2017/11/16	14.73	14.77	14.41	14.43	7061590	103001632.00
2017/11/17	14.42	14.85	14.17	14.79	16334065	238607504.00
2017/11/20	14.63	14.88	14.55	14.84	6435614	94977056.00
2017/11/21	14.77	15.39	14.77	15.07	13486806	204380272.00
2017/11/22	14.97	15.09	14.73	14.79	9601662	142891936.00
2017/11/23	14.73	14.92	14.38	14.57	8254241	120729024.00
2017/11/24	14.45	14.63	14.39	14.61	6081469	88367184.00
2017/11/27	14.56	14.68	14.48	14.63	6149814	89677904.00
2017/11/28	14.64	14.64	14.50	14.57	2604054	37889204.00
2017/11/29	14.58	14.60	14.30	14.41	5069319	73139776.00
2017/11/30	14.41	14.57	14.33	14.41	3940939	56894336.00
2017/12/01	14.41	14.48	14.35	14.45	3120896	44972460.00
2017/12/04	14.41	14.48	14.27	14.47	4287741	61654056.00
2017/12/05	14.46	14.90	14.40	14.82	16216716	238773712.00
2017/12/06	14.73	14.83	14.67	14.80	4293301	63389588.00
2017/12/07	14.75	14.81	14.67	14.80	2748328	40513916.00
2017/12/08	14.75	14.87	14.63	14.65	3413401	50193104.00
2017/12/11	14.67	14.70	14.49	14.55	4242978	61777808.00
2017/12/12	14.58	14.58	14.36	14.37	3211116	46414592.00
2017/12/13	14.37	14.43	14.31	14.34	4235194	60789312.00
2017/12/14	14.33	14.38	14.14	14.17	4506151	64059552.00
2017/12/15	14.17	14.23	14.12	14.18	2422441	34377688.00
2017/12/18	14.23	14.26	13.98	14.15	4960100	69925320.00
2017/12/19	14.14	14.16	14.06	14.10	3219967	45419328.00
2017/12/20	14.14	14.23	13.91	14.17	5487511	77288624.00
2017/12/21	14.15	14.20	13.99	14.15	4452978	62856996.00
2017/12/22	14.18	14.18	14.02	14.04	3010009	42454508.00
2017/12/25	14.03	14.05	13.70	13.76	5482400	75872456.00
2017/12/26	13.78	13.83	13.61	13.67	4838544	66158844.00
2017/12/27	13.67	13.67	13.29	13.38	7222400	97083240.00
2017/12/28	13.35	13.54	13.11	13.19	7433677	98826968.00
2017/12/29	13.15	13.26	13.13	13.18	4184466	55212956.00
2018/01/02	13.19	13.32	13.16	13.29	4596390	60953792.00
2018/01/03	13.28	13.48	13.23	13.43	7742386	103693472.00
2018/01/04	13.38	13.43	13.30	13.36	4827950	64544820.00
2018/01/05	13.36	13.57	13.36	13.46	7926766	106914704.00
2018/01/08	13.36	13.79	13.35	13.56	9123675	123781808.00
2018/01/09	13.51	13.57	13.40	13.41	4628768	62229256.00
2018/01/10	13.41	13.48	13.23	13.28	4534443	60457644.00
2018/01/11	13.31	13.40	13.23	13.38	3523884	47045624.00
2018/01/12	13.38	13.43	13.26	13.27	3574077	47703584.00
2018/01/15	13.23	13.33	13.01	13.05	4735177	62503552.00
2018/01/16	13.08	13.32	13.07	13.31	5779352	76336392.00
2018/01/17	13.41	13.93	13.32	13.67	16253992	222712496.00
2018/01/18	13.55	13.83	13.53	13.62	7971832	108648168.00
2018/01/19	13.61	14.25	13.59	13.96	16735543	232929328.00
2018/01/22	13.86	14.06	13.73	13.94	9824656	136318992.00
2018/01/23	13.92	14.07	13.80	13.92	8927916	124246912.00
2018/01/24	13.93	14.25	13.81	14.20	14588312	205738160.00
2018/01/25	14.13	14.17	13.90	13.94	8974072	126268880.00
2018/01/26	13.87	14.08	13.85	13.90	7811167	109069920.00
2018/01/29	13.88	14.15	13.84	13.88	8443152	118011040.00
2018/01/30	13.87	13.95	13.63	13.64	7875376	108334432.00
2018/01/31	13.56	13.66	13.24	13.27	6825738	91584280.00
2018/02/01	13.31	13.49	13.12	13.47	11776347	156921616.00
2018/02/02	13.33	13.46	13.03	13.20	5791221	76272568.00
2018/02/05	13.03	13.20	12.95	13.13	4890635	63853848.00
2018/02/06	12.87	13.15	12.81	13.13	14777563	192866096.00
2018/02/07	13.20	13.24	12.77	13.12	6680311	87163336.00
2018/02/08	12.99	13.15	12.93	13.12	4109814	53728032.00
2018/02/09	12.90	12.95	11.96	12.65	10588033	130535336.00
2018/02/12	12.40	12.47	12.23	12.28	4710028	58135792.00
2018/02/13	12.31	12.43	12.21	12.27	3526401	43483596.00
2018/02/14	12.23	12.30	12.05	12.14	4112929	49983320.00
2018/02/22	12.18	12.25	12.06	12.17	5322856	64729104.00
2018/02/23	12.22	12.26	12.13	12.18	3603631	43924068.00
2018/02/26	12.22	12.41	12.15	12.32	8102269	99683632.00
2018/02/27	12.35	12.43	12.30	12.39	5468170	67576864.00
2018/02/28	12.34	12.49	12.16	12.33	4236232	52167968.00
2018/03/01	12.25	12.40	12.19	12.39	3217250	39673600.00
2018/03/02	12.31	12.63	12.31	12.46	4955362	61824528.00
2018/03/05	12.43	12.54	12.35	12.53	3545495	44149512.00
2018/03/06	12.52	12.67	12.46	12.57	5169414	64945076.00
2018/03/07	12.58	12.62	12.36	12.47	4488513	56109128.00
2018/03/08	12.46	12.48	12.36	12.41	2775144	34457656.00
2018/03/09	12.44	12.58	12.40	12.53	4038457	50463456.00
2018/03/12	12.57	12.75	12.51	12.66	6574219	82936256.00
2018/03/13	12.63	12.68	12.46	12.53	5224418	65602864.00
2018/03/14	12.56	12.58	12.38	12.39	2925500	36444344.00
2018/03/15	12.38	12.40	12.27	12.30	3283096	40434432.00
2018/03/16	12.29	12.38	12.22	12.23	3845100	47285316.00
2018/03/19	12.27	12.29	12.20	12.23	2950461	36152408.00
2018/03/20	12.21	12.33	12.11	12.28	3558344	43492784.00
2018/03/21	12.29	12.56	12.26	12.31	7594443	94294288.00
2018/03/22	12.31	12.45	12.20	12.32	4745456	58593540.00
2018/03/23	12.00	12.31	11.83	12.29	16175721	195199696.00
2018/03/26	12.01	12.17	11.95	12.15	4572760	55204180.00
2018/03/27	12.24	12.37	12.18	12.25	4850331	59535780.00
2018/03/28	12.15	12.94	12.12	12.54	10576874	132855432.00
2018/03/29	12.58	12.80	12.48	12.73	9727339	123174480.00
2018/03/30	12.74	12.75	12.58	12.72	6804400	86228528.00
2018/04/02	12.68	12.96	12.61	12.69	8684753	111052888.00
2018/04/03	12.67	12.67	12.46	12.52	5575169	69966592.00
2018/04/04	12.46	12.50	12.03	12.09	10770320	132252376.00
2018/04/09	12.05	12.24	12.00	12.09	4210415	51077720.00
2018/04/10	12.12	12.25	12.08	12.24	5584815	67984464.00
2018/04/11	12.25	12.36	12.17	12.29	4844520	59457848.00
2018/04/12	12.30	12.41	12.24	12.25	3369775	41530984.00
2018/04/13	12.25	12.33	12.14	12.16	2836308	34758832.00
2018/04/16	12.12	12.18	12.00	12.06	3926782	47391160.00
2018/04/17	12.06	12.22	12.00	12.01	3464040	41973568.00
2018/04/18	12.10	12.18	12.00	12.16	3351369	40538776.00
2018/04/19	12.15	12.28	12.11	12.17	3136460	38261912.00
2018/04/20	12.13	12.15	11.77	11.78	4278439	51326872.00
2018/04/23	11.78	11.90	11.69	11.77	3476476	40939092.00
2018/04/24	11.72	11.97	11.72	11.96	3665719	43616536.00
2018/04/25	11.90	11.94	11.80	11.86	2259169	26789228.00
数据来源:通达信
