600095 哈高科 日线 不复权
      日期	    开盘	    最高	    最低	    收盘	    成交量	    成交额
2017/03/27	12.53	12.59	11.54	11.69	25879688	310520736.00
2017/03/28	11.51	12.04	11.33	11.91	21280973	246954960.00
2017/03/29	11.80	11.87	11.58	11.62	10271845	120155680.00
2017/03/30	11.50	11.66	11.00	11.12	11874809	133430704.00
2017/03/31	11.18	11.41	11.02	11.37	9519190	106664072.00
2017/04/05	11.45	11.65	11.26	11.53	7826178	89434664.00
2017/04/06	11.55	11.66	11.25	11.29	9425258	107776680.00
2017/04/07	11.30	11.40	10.98	11.16	10228978	113697080.00
2017/04/10	11.17	11.17	10.83	10.90	8006466	87514032.00
2017/04/11	10.90	10.91	10.01	10.39	20673061	212795056.00
2017/04/12	10.30	10.61	10.23	10.38	12054024	126226752.00
2017/04/13	10.30	10.48	10.30	10.37	5031015	52241948.00
2017/04/14	9.90	10.30	9.90	10.16	5817936	59126960.00
2017/04/17	10.19	10.23	9.14	9.14	24921281	232947536.00
2017/04/18	9.15	9.50	9.15	9.22	10490442	97587392.00
2017/04/19	9.09	9.44	9.05	9.36	8000003	74135864.00
2017/04/20	9.47	9.47	9.12	9.22	6327678	58382292.00
2017/04/21	9.28	9.28	9.09	9.16	5569088	50966936.00
2017/04/24	9.16	9.18	8.37	8.49	9709761	83553056.00
2017/04/25	8.50	8.64	8.44	8.47	5519976	47073900.00
2017/04/26	8.53	8.75	8.37	8.67	7775949	66078304.00
2017/04/27	8.60	9.21	8.51	9.01	16503301	147494224.00
2017/04/28	9.46	9.91	9.27	9.91	32416956	315555104.00
2017/05/02	10.00	10.90	9.92	10.90	53113310	568644608.00
2017/05/03	9.96	11.46	9.92	10.53	60589019	628392128.00
2017/05/04	10.20	10.49	9.80	9.86	41102262	414885376.00
2017/05/05	9.69	9.74	9.20	9.25	29008880	274939712.00
2017/05/08	9.15	9.31	8.64	8.74	19637147	176178000.00
2017/05/09	8.72	8.80	8.45	8.76	16324201	141109536.00
2017/05/10	8.73	8.83	8.38	8.39	15704014	135443968.00
2017/05/11	8.05	8.17	7.63	8.01	19657282	154707280.00
2017/05/12	7.99	8.19	7.94	8.02	12394590	100017816.00
2017/05/15	8.19	8.20	7.75	7.81	11105745	88748432.00
2017/05/16	7.95	8.32	7.80	8.27	17662365	142021264.00
2017/05/17	8.21	8.37	8.15	8.22	14806138	122345960.00
2017/05/18	8.10	8.60	8.06	8.41	19786536	165994016.00
2017/05/19	8.50	8.56	8.18	8.28	14514088	120825168.00
2017/05/22	8.23	8.39	7.70	7.80	13961667	111698424.00
2017/05/23	7.75	7.80	7.21	7.27	12361337	93360792.00
2017/05/24	7.23	7.35	6.84	7.32	9984381	71333904.00
2017/05/25	7.29	7.55	7.04	7.47	14884423	108662920.00
2017/05/26	7.42	7.66	7.40	7.62	11675615	87914880.00
2017/05/31	7.68	7.81	7.25	7.49	13601190	103397904.00
2017/06/01	7.46	7.49	7.00	7.03	13110803	95062832.00
2017/06/02	7.00	7.30	6.92	7.26	8310600	59455160.00
2017/06/05	7.31	7.48	7.29	7.35	7832044	57803380.00
2017/06/06	7.37	7.53	7.35	7.45	9462172	70359360.00
2017/06/07	7.44	7.67	7.43	7.65	11463029	86842600.00
2017/06/08	7.69	7.76	7.55	7.68	14487887	111062256.00
2017/06/09	7.65	8.45	7.61	8.45	34391065	280397152.00
2017/06/12	8.55	8.95	8.41	8.51	45486000	394774048.00
2017/06/13	8.38	9.13	8.21	8.62	28766860	248015968.00
2017/06/14	8.51	8.60	8.32	8.35	18965597	159084880.00
2017/06/15	8.31	8.42	8.24	8.36	12251159	102132384.00
2017/06/16	8.33	8.53	8.30	8.39	10392739	87192480.00
2017/06/19	8.39	8.57	8.35	8.43	7601500	64289668.00
2017/06/20	8.45	9.09	8.38	8.90	24159552	211535936.00
2017/06/21	8.87	9.02	8.63	8.75	10958598	96078896.00
2017/06/22	8.70	8.78	8.30	8.40	10334331	88059392.00
2017/06/23	8.44	8.67	8.30	8.60	9044443	76575600.00
2017/06/26	8.55	8.72	8.48	8.71	6929798	59741296.00
2017/06/27	8.71	8.82	8.56	8.59	4980300	43029696.00
2017/06/28	8.65	8.65	8.42	8.48	4106300	35018612.00
2017/06/29	8.48	8.62	8.46	8.52	4178002	35630472.00
2017/06/30	8.51	8.65	8.46	8.59	5307346	45509428.00
2017/07/03	8.66	8.70	8.55	8.70	4783526	41259872.00
2017/07/04	8.71	9.08	8.71	8.79	11823577	105010464.00
2017/07/05	8.71	8.88	8.71	8.85	7323921	64521256.00
2017/07/06	8.80	8.93	8.74	8.89	8214374	72646856.00
2017/07/07	8.88	8.92	8.78	8.83	5963387	52731692.00
2017/07/10	8.80	9.71	8.80	9.71	38836589	368067616.00
2017/07/11	9.65	9.67	9.20	9.38	25108839	236194384.00
2017/07/12	9.38	10.12	9.31	9.96	34307232	332388512.00
2017/07/13	9.80	9.96	9.64	9.85	17668484	173249472.00
2017/07/14	9.75	9.89	9.47	9.48	14973948	143496704.00
2017/07/17	9.47	9.54	8.53	8.86	15190271	137865872.00
2017/07/18	8.80	9.30	8.64	9.11	9844594	87937872.00
2017/07/19	9.10	9.31	9.00	9.19	10544791	96540728.00
2017/07/20	9.25	9.48	9.10	9.11	10256536	94732928.00
2017/07/21	9.11	9.17	8.82	8.87	8750400	78163448.00
2017/07/24	8.92	8.92	8.48	8.62	13360902	115201496.00
2017/07/25	8.63	8.86	8.54	8.84	8438308	73487424.00
2017/07/26	8.77	8.84	8.62	8.71	4793798	41823392.00
2017/07/27	8.77	8.78	8.58	8.72	4783260	41585400.00
2017/07/28	8.77	9.05	8.66	8.90	9725876	86463232.00
2017/07/31	8.90	9.09	8.82	8.99	7536172	67763088.00
2017/08/01	8.99	8.99	8.74	8.90	5013373	44366904.00
2017/08/02	8.75	8.91	8.63	8.67	6245292	54327440.00
2017/08/03	8.60	8.77	8.57	8.68	4746100	41134696.00
2017/08/04	8.68	8.68	8.33	8.34	11162096	94275376.00
2017/08/07	8.35	8.41	8.20	8.28	4715101	38962428.00
2017/08/08	8.30	8.34	8.19	8.22	4505913	37148680.00
2017/08/09	8.22	8.43	8.17	8.29	5069910	42134536.00
2017/08/10	8.24	8.34	8.18	8.19	4571100	37654436.00
2017/08/11	8.14	8.20	8.03	8.06	5024003	40653852.00
2017/08/14	8.05	8.19	8.05	8.19	4417602	35897648.00
2017/08/15	8.19	8.19	8.11	8.18	2851113	23244626.00
2017/08/16	8.19	8.33	8.10	8.25	4137700	33970928.00
2017/08/17	8.25	8.42	8.18	8.33	5727655	47603084.00
2017/08/18	8.26	8.39	8.23	8.32	3639300	30330664.00
2017/08/21	8.35	8.45	8.28	8.41	3960003	33128674.00
2017/08/22	8.44	8.44	8.29	8.33	2959189	24637008.00
2017/08/23	8.30	8.33	8.13	8.17	3772360	30894496.00
2017/08/24	8.16	8.19	8.09	8.13	2204280	17924688.00
2017/08/25	8.13	8.41	8.10	8.39	5426625	44796392.00
2017/08/28	8.39	8.80	8.36	8.46	10634373	90777624.00
2017/08/29	8.39	8.46	8.25	8.37	6303002	52566528.00
2017/08/30	8.33	8.34	8.24	8.29	4530207	37495368.00
2017/08/31	8.29	8.29	8.10	8.22	5484001	44925816.00
2017/09/01	8.21	8.27	8.17	8.25	4116522	33802268.00
2017/09/04	8.21	8.25	8.17	8.21	4159334	34089656.00
2017/09/05	8.23	8.25	8.16	8.19	4261425	34961176.00
2017/09/06	8.16	8.25	8.06	8.23	5051480	41081360.00
2017/09/07	8.24	8.24	8.12	8.14	3874900	31720024.00
2017/09/08	8.14	8.16	8.08	8.13	3665087	29743328.00
2017/09/11	8.13	8.19	8.08	8.18	3044602	24780512.00
2017/09/12	8.19	8.20	8.03	8.04	6313473	51115048.00
2017/09/13	8.04	8.09	7.98	8.06	4347270	34897896.00
2017/09/14	8.11	8.87	8.10	8.79	44477350	383708864.00
2017/09/15	8.68	8.70	8.52	8.53	15625355	134347424.00
2017/09/18	8.53	8.85	8.29	8.69	19271680	164669744.00
2017/09/19	8.69	8.84	8.54	8.57	11062618	95874008.00
2017/09/20	8.46	8.56	8.42	8.52	7115594	60266524.00
2017/09/21	8.52	8.55	8.26	8.28	9892374	82705272.00
2017/09/22	8.22	8.35	8.21	8.29	4210994	34919768.00
2017/09/25	8.35	8.37	8.17	8.18	4526200	37340736.00
2017/09/26	8.19	8.54	8.15	8.39	12414226	103884416.00
2017/09/27	8.35	8.38	8.23	8.30	4855829	40261720.00
2017/09/28	8.28	8.45	8.23	8.24	4572700	38123300.00
2017/09/29	8.25	8.29	8.16	8.24	4502850	37037696.00
2017/10/09	8.37	8.39	8.25	8.30	4057901	33598684.00
2017/10/10	8.28	8.36	8.26	8.35	3345926	27821446.00
2017/10/11	8.36	8.36	8.18	8.20	6672700	55100040.00
2017/10/12	8.18	8.23	8.08	8.15	6260841	50924640.00
2017/10/13	8.13	8.17	8.10	8.16	2909574	23696164.00
2017/10/16	8.17	8.18	8.00	8.01	5079311	40962152.00
2017/10/17	8.02	8.02	7.80	7.89	4649313	36695968.00
2017/10/18	7.84	7.92	7.84	7.85	2492400	19642428.00
2017/10/19	7.84	7.84	7.60	7.62	4185710	32112546.00
2017/10/20	7.52	7.72	7.51	7.70	1969198	15065400.00
2017/10/23	7.70	7.78	7.69	7.74	1604251	12417769.00
2017/10/24	7.75	7.75	7.62	7.68	1955000	15031612.00
2017/10/25	7.63	7.72	7.63	7.70	1911768	14713370.00
2017/10/26	7.70	8.08	7.61	7.72	33548657	259807808.00
2017/10/27	7.55	7.60	7.26	7.28	22656445	167234400.00
2017/10/30	7.32	7.32	6.89	6.95	11072718	77739856.00
2017/10/31	7.01	7.09	6.91	7.08	7026500	49324888.00
2017/11/01	7.08	7.11	7.01	7.07	4277700	30246450.00
2017/11/02	7.06	7.06	6.92	6.94	3809800	26539630.00
2017/11/03	6.97	7.03	6.90	6.97	3856449	26841076.00
2017/11/06	6.91	7.31	6.90	7.14	7397100	52633596.00
2017/11/07	7.12	7.20	6.99	7.06	7724900	54571776.00
2017/11/08	7.06	7.14	7.03	7.10	4809250	34089680.00
2017/11/09	7.09	7.17	7.03	7.16	5004900	35670264.00
2017/11/10	7.14	7.15	7.08	7.13	4226400	30035900.00
2017/11/13	7.10	7.14	7.01	7.03	4759010	33614628.00
2017/11/14	7.03	7.03	6.92	6.95	4266250	29715928.00
2017/11/15	6.96	6.96	6.88	6.93	3512150	24274028.00
2017/11/16	6.90	6.94	6.86	6.88	3753400	25882644.00
2017/11/17	6.90	6.97	6.48	6.53	6506539	43751400.00
2017/11/20	6.49	6.55	6.19	6.50	5254717	33270588.00
2017/11/21	6.48	6.53	6.39	6.44	3271433	21123652.00
2017/11/22	6.42	6.46	6.18	6.31	7117122	44699236.00
2017/11/23	6.28	6.39	6.20	6.21	4830615	30418492.00
2017/11/24	6.18	6.30	6.15	6.22	3096582	19311018.00
2017/11/27	6.22	6.26	6.15	6.19	2705985	16796496.00
2017/11/28	6.23	6.31	6.18	6.30	2691714	16844554.00
2017/11/29	6.25	6.38	6.25	6.38	4089883	25868540.00
2017/11/30	6.33	6.37	6.28	6.29	3369510	21292232.00
2017/12/01	6.29	6.40	6.26	6.38	3985323	25241244.00
2017/12/04	6.37	6.39	6.13	6.16	4344204	27174572.00
2017/12/05	6.13	6.15	5.75	5.84	7082800	42118560.00
2017/12/06	5.88	5.91	5.78	5.90	3678980	21473948.00
2017/12/07	5.88	5.98	5.83	5.92	3338100	19744884.00
2017/12/08	5.92	6.10	5.88	6.03	3831100	22902068.00
2017/12/11	6.00	6.07	5.97	6.06	2539332	15329300.00
2017/12/12	6.04	6.11	6.02	6.05	3856800	23377122.00
2017/12/13	6.00	6.07	5.98	6.07	2454675	14816537.00
2017/12/14	6.04	6.08	5.99	6.06	3384577	20415710.00
2017/12/15	6.05	6.26	6.02	6.23	6288631	38847824.00
2017/12/18	6.19	6.28	6.07	6.13	3625859	22333410.00
2017/12/19	6.11	6.24	6.11	6.20	3008903	18645268.00
2017/12/20	6.21	6.25	6.10	6.12	2615538	16058819.00
2017/12/21	6.11	6.15	5.93	6.04	3148057	18942036.00
2017/12/22	6.04	6.23	6.01	6.21	3494929	21397608.00
2017/12/25	6.23	6.45	6.15	6.33	12482945	78282424.00
2017/12/26	6.27	6.32	6.15	6.28	5116003	31858204.00
2017/12/27	6.24	6.28	6.16	6.17	4455600	27599176.00
2017/12/28	6.13	6.22	6.09	6.14	2826108	17424552.00
2017/12/29	6.12	6.24	6.11	6.20	2517237	15560397.00
2018/01/02	6.21	6.27	6.17	6.26	3364400	20951990.00
2018/01/03	6.26	6.43	6.25	6.35	5536331	35191156.00
2018/01/04	6.35	6.44	6.30	6.33	4413737	28070928.00
2018/01/05	6.33	6.55	6.30	6.49	8698929	56078448.00
2018/01/08	6.48	6.54	6.38	6.43	5860062	37772232.00
2018/01/09	6.41	6.43	6.33	6.35	3416264	21794660.00
2018/01/10	6.32	6.38	6.14	6.20	5058129	31605536.00
2018/01/11	6.20	6.26	6.08	6.25	3761265	23207944.00
2018/01/12	6.21	6.82	6.20	6.44	13694176	89535936.00
2018/01/15	6.34	6.39	6.19	6.22	7120346	44831276.00
2018/01/16	6.22	6.47	6.16	6.40	7104101	44664772.00
2018/01/17	6.50	6.56	6.32	6.35	8052482	51831636.00
2018/01/18	6.31	6.43	6.28	6.33	3402700	21538396.00
2018/01/19	6.30	6.37	6.25	6.26	4537068	28578072.00
2018/01/22	6.23	6.29	6.15	6.24	5655300	35174232.00
2018/01/23	6.26	6.27	6.17	6.22	4489980	27901628.00
2018/01/24	6.22	6.23	6.17	6.20	3170755	19660612.00
2018/01/25	6.20	6.27	6.17	6.19	4413663	27452972.00
2018/01/26	6.20	6.25	6.18	6.23	3293531	20479944.00
2018/01/29	6.23	6.25	6.07	6.11	5140380	31541364.00
2018/01/30	6.12	6.18	6.06	6.14	3308610	20240034.00
2018/01/31	6.15	6.15	5.85	5.87	4683653	28086724.00
2018/02/01	5.82	5.91	5.28	5.41	6727947	38034752.00
2018/02/02	5.41	5.44	5.21	5.42	3580931	19156956.00
2018/02/05	5.40	5.46	5.30	5.45	2464500	13343667.00
2018/02/06	5.34	5.40	5.05	5.15	4028500	21150908.00
2018/02/07	5.20	5.25	4.90	5.16	4230114	21599248.00
2018/02/08	5.16	5.22	5.08	5.16	4245163	21866436.00
2018/02/09	5.06	5.10	4.91	5.01	6428559	32039432.00
2018/02/12	5.05	5.10	4.97	5.09	4971598	25123268.00
2018/02/13	5.17	5.17	5.07	5.10	3664703	18730320.00
2018/02/14	5.11	5.12	5.05	5.12	2109306	10733064.00
2018/02/22	5.16	5.23	5.13	5.19	2757279	14279468.00
2018/02/23	5.22	5.40	5.20	5.26	4752683	25113936.00
2018/02/26	5.27	5.34	5.21	5.33	4103714	21668222.00
2018/02/27	5.31	5.33	5.28	5.30	2898828	15367769.00
2018/02/28	5.31	5.34	5.24	5.33	3110802	16504866.00
2018/03/01	5.33	5.80	5.29	5.61	12813483	71409912.00
2018/03/02	5.61	5.81	5.54	5.56	7358755	41364256.00
2018/03/05	5.51	5.55	5.44	5.47	5018976	27469242.00
2018/03/06	5.46	5.55	5.44	5.51	4772200	26209974.00
2018/03/07	5.52	5.52	5.42	5.43	3130401	17072304.00
2018/03/08	5.42	5.47	5.40	5.46	4162119	22626636.00
2018/03/09	5.45	5.66	5.43	5.62	9453129	52544800.00
2018/03/12	5.61	5.79	5.57	5.73	10041738	57121684.00
2018/03/13	5.71	5.72	5.63	5.70	5834474	33069790.00
2018/03/14	5.69	5.90	5.62	5.83	12716813	73467848.00
2018/03/15	5.77	5.81	5.61	5.76	7393824	42262584.00
2018/03/16	5.74	5.88	5.65	5.65	6426428	36686496.00
2018/03/19	5.64	5.70	5.60	5.63	3487235	19701232.00
2018/03/20	5.60	5.77	5.58	5.75	6558879	37371280.00
2018/03/21	5.74	5.82	5.68	5.72	6411283	36849948.00
2018/03/22	5.71	6.29	5.71	6.29	32299946	198176640.00
2018/03/23	6.92	6.92	6.92	6.92	12132681	83958152.00
2018/03/26	7.61	7.61	7.06	7.15	107486715	802662976.00
2018/03/27	6.60	7.35	6.58	6.99	82476238	559683392.00
2018/03/28	6.71	6.78	6.30	6.36	57321902	374087520.00
2018/03/29	6.24	6.43	6.21	6.33	32157130	203061952.00
2018/03/30	6.30	6.58	6.16	6.42	36899102	234230000.00
2018/04/02	6.45	6.91	6.24	6.74	52291243	341421216.00
2018/04/03	6.55	6.68	6.40	6.47	35868852	234342000.00
2018/04/04	6.61	6.88	6.50	6.74	54361476	364896896.00
2018/04/09	6.63	6.68	6.40	6.48	35794222	233362128.00
2018/04/10	6.35	6.43	6.01	6.14	31403662	193527408.00
2018/04/11	6.14	6.20	6.05	6.17	18570662	113667112.00
2018/04/12	6.12	6.12	5.90	5.92	19673467	118408088.00
2018/04/13	5.97	5.99	5.86	5.88	12005572	71071800.00
2018/04/16	5.89	5.89	5.66	5.73	13799102	79291632.00
2018/04/17	5.73	5.93	5.67	5.88	18033624	104624960.00
2018/04/18	5.75	5.81	5.50	5.70	14382824	81484176.00
2018/04/19	5.61	5.70	5.60	5.66	10657196	60203728.00
2018/04/20	5.62	5.69	5.35	5.37	12442759	68725696.00
2018/04/23	5.36	5.39	5.18	5.26	8777724	46250832.00
2018/04/24	5.28	5.39	5.26	5.37	8810102	47131152.00
2018/04/25	5.33	5.76	5.28	5.51	13639315	74918296.00
数据来源:通达信
