600064 南京高科 日线 不复权
      日期	    开盘	    最高	    最低	    收盘	    成交量	    成交额
2017/03/27	17.87	17.92	17.59	17.60	8878485	157406048.00
2017/03/28	17.69	17.92	17.62	17.73	6762123	120166984.00
2017/03/29	17.73	17.86	17.60	17.67	9756485	172918752.00
2017/03/30	17.20	17.27	16.62	16.70	23286644	393102432.00
2017/03/31	16.68	16.78	16.58	16.67	7558245	126142800.00
2017/04/05	16.70	16.96	16.70	16.85	9526730	160545264.00
2017/04/06	16.88	16.88	16.76	16.81	6071822	102068944.00
2017/04/07	16.83	16.84	16.74	16.83	5145998	86388416.00
2017/04/10	16.82	16.83	16.57	16.59	8290725	138363376.00
2017/04/11	16.55	16.84	16.50	16.78	6271892	104526640.00
2017/04/12	16.72	16.86	16.69	16.79	4193550	70344176.00
2017/04/13	16.73	17.15	16.73	16.98	7282866	123416312.00
2017/04/14	17.08	17.25	16.91	16.96	10395978	177563312.00
2017/04/17	16.88	16.88	16.60	16.77	6939753	115839816.00
2017/04/18	16.68	16.90	16.56	16.58	6724317	112306208.00
2017/04/19	16.50	16.61	16.30	16.58	8006629	131444952.00
2017/04/20	16.58	16.58	16.34	16.52	4561163	74959040.00
2017/04/21	16.53	16.63	16.39	16.60	4078395	67319952.00
2017/04/24	16.49	16.60	16.18	16.58	6636616	108562792.00
2017/04/25	16.49	16.57	16.31	16.34	3247236	53397460.00
2017/04/26	16.36	16.46	16.25	16.26	2944433	48167792.00
2017/04/27	16.26	16.26	16.03	16.22	4704240	75849744.00
2017/04/28	16.16	16.27	16.13	16.16	2882167	46714264.00
2017/05/02	15.85	15.89	15.50	15.56	8788219	137699504.00
2017/05/03	15.56	15.59	15.35	15.38	3671702	56778124.00
2017/05/04	15.38	15.55	15.38	15.47	2725482	42190128.00
2017/05/05	15.45	15.45	15.30	15.32	2225146	34209156.00
2017/05/08	15.21	15.31	14.96	14.98	3795833	57375224.00
2017/05/09	14.97	15.11	14.88	14.98	3599076	53960304.00
2017/05/10	14.98	15.14	14.85	14.85	3151162	47355120.00
2017/05/11	14.78	14.90	14.59	14.84	4991534	73630000.00
2017/05/12	14.81	15.07	14.79	14.99	3352339	50091792.00
2017/05/15	14.96	15.09	14.96	14.99	1977388	29707734.00
2017/05/16	15.00	15.08	14.80	15.07	4342184	64785752.00
2017/05/17	15.03	15.16	15.03	15.05	3228762	48725048.00
2017/05/18	14.97	14.98	14.83	14.86	3077090	45839408.00
2017/05/19	14.86	14.93	14.80	14.84	1833714	27222958.00
2017/05/22	14.80	14.95	14.66	14.69	2637391	39065424.00
2017/05/23	14.65	14.79	14.48	14.53	3108132	45401236.00
2017/05/24	14.48	14.61	14.32	14.60	2778667	40262668.00
2017/05/25	14.59	15.06	14.50	14.95	4412396	65455596.00
2017/05/26	14.94	15.09	14.92	14.98	3155586	47303116.00
2017/05/31	15.12	15.23	14.94	14.99	3426478	51485424.00
2017/06/01	14.95	14.95	14.70	14.74	2810698	41643040.00
2017/06/02	14.70	15.05	14.69	14.97	3870184	57662836.00
2017/06/05	15.00	15.06	14.94	15.01	2866431	43006656.00
2017/06/06	15.04	15.04	14.85	14.96	2774103	41427640.00
2017/06/07	14.92	15.18	14.92	15.15	5143026	77555896.00
2017/06/08	15.15	15.25	15.10	15.18	3672649	55752452.00
2017/06/09	15.18	15.25	15.11	15.21	3472631	52759000.00
2017/06/12	15.17	15.26	15.08	15.11	3272004	49680072.00
2017/06/13	15.05	15.24	15.05	15.24	2549247	38703952.00
2017/06/14	15.17	15.30	15.17	15.26	3378667	51564632.00
2017/06/15	14.89	14.97	14.86	14.88	3862685	57607664.00
2017/06/16	14.90	14.92	14.70	14.72	3201368	47325604.00
2017/06/19	14.79	14.92	14.74	14.83	2203869	32657362.00
2017/06/20	14.82	14.90	14.77	14.82	2322806	34494900.00
2017/06/21	14.82	14.92	14.82	14.90	3898187	58026836.00
2017/06/22	14.92	15.11	14.86	14.89	5944261	89004096.00
2017/06/23	14.88	14.90	14.71	14.86	3450824	51133768.00
2017/06/26	14.83	15.06	14.82	15.03	4507667	67442856.00
2017/06/27	15.04	15.13	15.02	15.10	3580065	53970528.00
2017/06/28	15.10	15.10	14.99	15.01	2935772	44124876.00
2017/06/29	15.05	15.13	15.00	15.06	2118836	31950008.00
2017/06/30	15.06	15.13	15.01	15.10	2695416	40701464.00
2017/07/03	15.15	15.15	15.02	15.13	2071147	31232940.00
2017/07/04	15.13	15.16	14.99	15.03	3222100	48477904.00
2017/07/05	15.03	15.18	14.99	15.16	3179276	48049184.00
2017/07/06	15.16	15.17	15.03	15.09	2522525	38109148.00
2017/07/07	15.06	15.13	15.00	15.08	1973851	29735036.00
2017/07/10	15.09	15.12	14.98	14.99	4100405	61664312.00
2017/07/11	14.95	14.98	14.78	14.80	6432050	95523840.00
2017/07/12	14.80	14.87	14.63	14.69	5120889	75437776.00
2017/07/13	14.69	14.82	14.64	14.80	3892260	57306856.00
2017/07/14	14.78	14.96	14.74	14.87	3576119	53157256.00
2017/07/17	14.86	14.94	14.42	14.50	6434424	94512560.00
2017/07/18	14.45	14.66	14.44	14.58	3450547	50161664.00
2017/07/19	14.59	14.90	14.52	14.89	4772292	70416760.00
2017/07/20	14.83	14.99	14.83	14.87	3732600	55678440.00
2017/07/21	14.87	15.13	14.81	15.06	6861636	102633384.00
2017/07/24	15.06	15.30	15.03	15.10	7907917	120046272.00
2017/07/25	15.09	15.18	14.83	15.00	6064729	90734376.00
2017/07/26	14.94	15.01	14.87	14.97	2910229	43470492.00
2017/07/27	14.99	15.06	14.88	15.00	5423718	81127672.00
2017/07/28	15.02	15.04	14.86	14.88	3963000	59227160.00
2017/07/31	15.35	16.36	15.35	16.22	32689418	519063200.00
2017/08/01	16.00	16.14	15.83	15.91	18678828	297824256.00
2017/08/02	15.94	16.06	15.56	15.65	15288809	241342496.00
2017/08/03	15.62	15.91	15.59	15.81	11264341	177638576.00
2017/08/04	15.80	15.80	15.45	15.46	8698608	135989312.00
2017/08/07	15.51	15.72	15.47	15.52	7023140	109600624.00
2017/08/08	15.59	15.92	15.52	15.84	11220791	177499744.00
2017/08/09	15.79	15.89	15.66	15.80	6238244	98499384.00
2017/08/10	15.80	15.93	15.53	15.63	6470266	101678440.00
2017/08/11	15.62	15.62	15.22	15.25	7374948	113692152.00
2017/08/14	15.28	15.52	15.28	15.43	4744092	73236576.00
2017/08/15	15.45	15.56	15.40	15.46	3341140	51688384.00
2017/08/16	15.44	15.53	15.36	15.51	3795017	58631040.00
2017/08/17	15.50	15.55	15.38	15.48	5262011	81268408.00
2017/08/18	15.39	15.46	15.30	15.42	4091221	62974216.00
2017/08/21	15.45	15.67	15.39	15.66	5683881	88096400.00
2017/08/22	15.61	15.73	15.52	15.59	4809711	75041680.00
2017/08/23	15.56	15.61	15.42	15.46	3476200	53878332.00
2017/08/24	15.54	15.54	15.32	15.34	3373463	52003668.00
2017/08/25	15.35	15.57	15.35	15.56	4913079	76156592.00
2017/08/28	15.61	15.86	15.59	15.82	8600344	135515152.00
2017/08/29	15.80	15.84	15.61	15.76	5288829	83222960.00
2017/08/30	15.74	15.82	15.68	15.74	3545028	55825248.00
2017/08/31	15.76	15.76	15.61	15.68	3824647	59921060.00
2017/09/01	15.72	15.75	15.57	15.61	5398909	84509728.00
2017/09/04	15.57	15.67	15.55	15.63	4245765	66257452.00
2017/09/05	15.63	15.78	15.61	15.72	4813912	75642400.00
2017/09/06	15.67	15.78	15.57	15.58	4884224	76336176.00
2017/09/07	15.63	15.70	15.52	15.53	6894975	107642816.00
2017/09/08	15.54	15.59	15.45	15.50	4226092	65634416.00
2017/09/11	15.49	15.57	15.46	15.53	3534530	54852928.00
2017/09/12	15.54	15.64	15.51	15.56	5094949	79326208.00
2017/09/13	15.50	15.56	15.46	15.54	3442594	53392788.00
2017/09/14	15.55	15.58	15.46	15.49	3566311	55348916.00
2017/09/15	15.50	15.76	15.47	15.67	8888831	139200400.00
2017/09/18	15.70	15.74	15.62	15.68	5035646	78916896.00
2017/09/19	15.70	15.92	15.65	15.82	10846168	171812000.00
2017/09/20	15.76	15.80	15.67	15.78	5787344	91056376.00
2017/09/21	15.75	15.76	15.53	15.57	5136170	80405680.00
2017/09/22	15.54	15.54	15.40	15.46	4092109	63249760.00
2017/09/25	15.45	15.46	15.12	15.18	5439418	83184584.00
2017/09/26	15.19	15.24	15.15	15.20	2339892	35534564.00
2017/09/27	15.20	15.28	15.16	15.22	2725879	41485728.00
2017/09/28	15.24	15.24	15.13	15.14	2717884	41291176.00
2017/09/29	15.14	15.25	15.14	15.18	2400167	36456788.00
2017/10/09	15.42	15.47	15.31	15.32	3771084	58035336.00
2017/10/10	15.39	15.51	15.34	15.50	3091878	47690296.00
2017/10/11	15.51	15.59	15.46	15.52	2885088	44826944.00
2017/10/12	15.52	15.56	15.40	15.44	2293581	35483156.00
2017/10/13	15.41	15.50	15.39	15.48	2352141	36357548.00
2017/10/16	15.55	15.55	15.27	15.28	3579925	54971508.00
2017/10/17	15.25	15.35	15.25	15.30	2057432	31465458.00
2017/10/18	15.31	15.34	15.18	15.21	2686412	40999288.00
2017/10/19	15.17	15.21	15.04	15.10	3412708	51535100.00
2017/10/20	15.08	15.17	15.01	15.13	2111274	31868798.00
2017/10/23	15.12	15.25	15.12	15.17	2707650	41119848.00
2017/10/24	15.15	15.22	15.10	15.14	2166169	32805596.00
2017/10/25	15.18	15.22	15.11	15.17	1962804	29787488.00
2017/10/26	15.21	15.35	15.15	15.29	3144171	47985848.00
2017/10/27	15.32	15.37	15.20	15.22	2727368	41725288.00
2017/10/30	15.08	15.08	14.72	14.73	7142787	106095256.00
2017/10/31	14.74	14.85	14.70	14.83	3049969	45063704.00
2017/11/01	14.84	14.86	14.79	14.82	2803186	41544900.00
2017/11/02	14.82	14.82	14.57	14.60	3274658	47974480.00
2017/11/03	14.60	14.63	14.35	14.44	2764014	40038364.00
2017/11/06	14.45	14.50	14.36	14.48	2562953	37005136.00
2017/11/07	14.50	14.57	14.45	14.53	2067358	30008732.00
2017/11/08	14.55	14.69	14.47	14.56	2570489	37568724.00
2017/11/09	14.53	14.67	14.53	14.64	1883240	27550808.00
2017/11/10	14.65	14.68	14.50	14.59	2039926	29752848.00
2017/11/13	14.58	14.69	14.50	14.57	3835861	55940584.00
2017/11/14	14.57	14.58	14.40	14.45	2979357	43145592.00
2017/11/15	14.47	14.47	14.35	14.37	2051036	29509448.00
2017/11/16	14.36	14.40	14.27	14.28	2479625	35533028.00
2017/11/17	14.30	14.37	14.14	14.14	4152746	59152168.00
2017/11/20	14.11	14.30	14.10	14.29	2352965	33364552.00
2017/11/21	14.28	14.48	14.25	14.43	2884950	41546576.00
2017/11/22	14.41	14.62	14.37	14.53	3815421	55417216.00
2017/11/23	14.55	14.55	14.18	14.21	2387100	34289364.00
2017/11/24	14.22	14.31	14.20	14.27	1416662	20169126.00
2017/11/27	14.27	14.31	14.09	14.12	1980800	28059492.00
2017/11/28	14.12	14.30	14.12	14.29	1478947	21013756.00
2017/11/29	14.29	14.45	14.15	14.42	2643075	37768028.00
2017/11/30	14.38	14.39	14.21	14.28	1455850	20836634.00
2017/12/01	14.24	14.41	14.23	14.27	1613428	23062486.00
2017/12/04	14.27	14.29	14.13	14.13	2052217	29115350.00
2017/12/05	14.13	14.16	13.99	14.03	3013302	42425392.00
2017/12/06	14.03	14.20	14.01	14.13	1979648	27831924.00
2017/12/07	14.09	14.13	14.03	14.06	1107246	15597749.00
2017/12/08	14.05	14.14	14.05	14.13	1341859	18926970.00
2017/12/11	14.15	14.16	14.10	14.15	1962117	27742762.00
2017/12/12	14.28	14.31	14.14	14.15	2430407	34529172.00
2017/12/13	14.15	14.21	14.06	14.12	1818839	25668932.00
2017/12/14	14.14	14.14	14.00	14.02	1873300	26329628.00
2017/12/15	14.02	14.04	13.96	13.97	1723600	24112800.00
2017/12/18	13.99	14.00	13.88	13.95	1359768	18964480.00
2017/12/19	13.95	14.14	13.91	14.13	1875997	26379436.00
2017/12/20	14.03	14.13	13.99	14.01	1543250	21694596.00
2017/12/21	14.02	14.13	13.97	14.06	1802795	25308160.00
2017/12/22	14.10	14.13	13.99	14.00	1227777	17257648.00
2017/12/25	14.02	14.15	13.96	14.00	1399678	19670056.00
2017/12/26	14.00	14.06	13.94	14.05	1267395	17753894.00
2017/12/27	14.06	14.10	13.99	14.01	1205748	16935028.00
2017/12/28	14.06	14.23	14.04	14.09	2808118	39696048.00
2017/12/29	14.09	14.23	14.08	14.19	1953385	27691792.00
2018/01/02	14.25	14.38	14.20	14.34	2994143	42877192.00
2018/01/03	14.33	14.38	14.28	14.35	3097343	44398248.00
2018/01/04	14.37	14.37	14.30	14.34	2614058	37475624.00
2018/01/05	14.31	14.72	14.30	14.60	7798665	113591528.00
2018/01/08	14.59	14.71	14.48	14.64	5990603	87495976.00
2018/01/09	14.65	14.76	14.55	14.61	4299510	63002936.00
2018/01/10	14.63	14.71	14.52	14.60	3602152	52633472.00
2018/01/11	14.61	14.61	14.44	14.55	3139643	45600428.00
2018/01/12	14.50	14.77	14.50	14.60	3886785	57010192.00
2018/01/15	14.60	14.65	14.28	14.31	4771426	68932088.00
2018/01/16	14.30	14.78	14.28	14.75	5884202	85744656.00
2018/01/17	14.73	15.15	14.68	14.84	10565785	157420832.00
2018/01/18	14.86	14.95	14.76	14.84	4384559	65104684.00
2018/01/19	14.86	15.08	14.86	14.94	5593229	83878760.00
2018/01/22	14.88	14.96	14.76	14.89	3472644	51621728.00
2018/01/23	14.91	15.06	14.81	14.98	4875292	72933104.00
2018/01/24	14.98	15.10	14.96	15.06	5912296	88945248.00
2018/01/25	15.02	15.02	14.89	14.90	5014850	74918384.00
2018/01/26	14.92	15.15	14.87	15.09	5900953	88801000.00
2018/01/29	15.24	15.24	14.89	14.90	5138813	77243920.00
2018/01/30	14.90	14.98	14.70	14.74	3948029	58464232.00
2018/01/31	14.69	14.78	14.58	14.72	4582824	67312064.00
2018/02/01	14.72	14.75	14.36	14.40	5286911	76747856.00
2018/02/02	14.40	14.42	14.16	14.39	3779211	53974820.00
2018/02/05	14.20	14.50	14.14	14.47	3189645	45914804.00
2018/02/06	14.25	14.35	13.89	13.92	4991698	70492784.00
2018/02/07	14.11	14.17	13.66	13.77	5102996	71004912.00
2018/02/08	13.80	13.89	13.68	13.74	2520003	34732364.00
2018/02/09	13.58	13.58	13.01	13.07	5611471	74400048.00
2018/02/12	13.12	13.28	13.10	13.18	2353496	31087048.00
2018/02/13	13.23	13.43	13.23	13.38	3024716	40370616.00
2018/02/14	13.34	13.43	13.25	13.34	1422450	18962880.00
2018/02/22	13.42	13.49	13.42	13.49	1759701	23682848.00
2018/02/23	13.49	13.64	13.44	13.61	2598253	35129312.00
2018/02/26	13.61	13.72	13.47	13.71	3280147	44687352.00
2018/02/27	13.70	13.70	13.49	13.50	2836401	38469576.00
2018/02/28	13.41	13.50	13.38	13.45	1468219	19727640.00
2018/03/01	13.42	13.56	13.38	13.55	1922380	25953284.00
2018/03/02	13.43	13.49	13.38	13.42	2461193	33021316.00
2018/03/05	13.44	13.78	13.40	13.65	4097971	55783792.00
2018/03/06	13.65	13.71	13.54	13.70	2757512	37596484.00
2018/03/07	13.71	13.79	13.57	13.59	2374954	32488836.00
2018/03/08	13.60	13.66	13.54	13.62	1807044	24575460.00
2018/03/09	13.63	13.75	13.58	13.74	3051148	41741596.00
2018/03/12	13.83	13.85	13.72	13.83	4427406	61014860.00
2018/03/13	13.84	13.90	13.77	13.87	3134430	43324292.00
2018/03/14	13.90	14.05	13.74	13.79	4576836	63610376.00
2018/03/15	13.74	13.75	13.51	13.63	3023339	41199476.00
2018/03/16	13.62	14.02	13.60	13.83	6386563	88555744.00
2018/03/19	13.89	13.93	13.72	13.83	3491961	48159328.00
2018/03/20	13.87	14.07	13.83	14.03	6613788	92131824.00
2018/03/21	14.05	14.13	13.83	13.86	5986613	83800352.00
2018/03/22	14.15	14.43	14.09	14.13	10069738	143502256.00
2018/03/23	13.63	13.84	13.10	13.36	8267102	111720000.00
2018/03/26	13.28	13.53	13.15	13.51	3106859	41468256.00
2018/03/27	13.70	13.91	13.65	13.90	4192030	57621336.00
2018/03/29	14.35	14.36	14.06	14.12	9148563	129823488.00
2018/03/30	14.15	14.20	14.05	14.14	4146017	58512728.00
2018/04/02	14.18	14.64	14.16	14.47	8061201	116272696.00
2018/04/03	14.30	14.37	14.14	14.22	4803310	68390544.00
2018/04/04	14.30	14.37	14.11	14.16	3477200	49634192.00
2018/04/09	14.09	14.19	13.97	14.07	2579046	36315492.00
2018/04/10	14.10	14.22	14.03	14.21	3075610	43420152.00
2018/04/11	14.31	14.32	14.13	14.18	3132601	44565712.00
2018/04/12	14.15	14.21	13.98	14.05	2655224	37471192.00
2018/04/13	14.09	14.18	14.04	14.06	2163021	30461928.00
2018/04/16	13.96	13.99	13.73	13.85	3571865	49486512.00
2018/04/17	13.90	13.91	13.58	13.60	2605178	35705692.00
2018/04/18	13.72	13.75	13.51	13.69	2203686	30026572.00
2018/04/19	13.70	13.76	13.53	13.69	2255386	30909496.00
2018/04/20	13.64	13.72	13.38	13.40	2164652	29286572.00
2018/04/23	13.30	13.55	13.28	13.41	1734066	23284684.00
2018/04/24	13.45	13.74	13.42	13.73	2697343	36825248.00
2018/04/25	13.71	13.84	13.62	13.76	2248360	30897408.00
数据来源:通达信
