600037 歌华有线 日线 不复权
      日期	    开盘	    最高	    最低	    收盘	    成交量	    成交额
2017/03/27	15.26	15.47	15.22	15.46	12056316	185072816.00
2017/03/28	15.42	15.55	15.37	15.51	9766391	151038048.00
2017/03/29	15.54	15.55	15.39	15.42	7220986	111796784.00
2017/03/30	15.42	15.44	15.10	15.20	8287179	126186368.00
2017/03/31	15.16	15.25	15.11	15.14	4818807	73107104.00
2017/04/05	15.35	15.61	15.35	15.52	18321625	283635744.00
2017/04/06	15.55	15.66	15.39	15.54	17252708	268483808.00
2017/04/07	15.60	16.24	15.50	16.02	35752448	567156416.00
2017/04/10	16.01	16.49	15.90	16.10	29103553	471690272.00
2017/04/11	16.00	16.35	15.96	16.21	20272019	327261504.00
2017/04/12	16.02	16.16	15.76	15.87	15614682	249283712.00
2017/04/13	15.84	16.02	15.76	15.92	10391736	165368736.00
2017/04/14	15.86	16.33	15.75	16.13	22454660	361370976.00
2017/04/17	16.06	16.15	15.60	16.01	12813602	203669680.00
2017/04/18	15.95	16.00	15.65	15.67	9441338	149775872.00
2017/04/19	15.62	15.75	15.10	15.49	14048129	216280976.00
2017/04/20	15.45	15.46	15.10	15.35	8238564	125878104.00
2017/04/21	15.35	15.51	15.16	15.48	7232035	110896640.00
2017/04/24	15.33	15.41	14.95	15.35	11723116	177672304.00
2017/04/25	15.22	15.39	15.14	15.15	6063790	92676816.00
2017/04/26	15.17	15.38	15.13	15.32	6983692	106712552.00
2017/04/27	15.29	15.49	15.14	15.48	7332258	112513416.00
2017/04/28	15.42	15.48	15.25	15.37	5575107	85482328.00
2017/05/02	15.18	15.29	15.10	15.13	6938567	105152640.00
2017/05/03	15.17	15.22	15.10	15.18	3359501	50915544.00
2017/05/04	15.17	15.25	14.95	15.04	6702351	101079864.00
2017/05/05	15.02	15.09	14.40	14.71	19433619	284112960.00
2017/05/08	14.62	14.82	14.45	14.81	7967915	117209488.00
2017/05/09	14.67	14.85	14.48	14.58	5363246	78522872.00
2017/05/10	14.54	14.63	13.97	14.03	8264757	118063232.00
2017/05/11	13.95	14.19	13.61	14.11	13638388	190291680.00
2017/05/12	14.00	14.25	13.97	14.06	3803666	53611876.00
2017/05/15	14.02	14.16	14.01	14.10	3872763	54638396.00
2017/05/16	14.10	14.48	13.99	14.42	5473536	78112328.00
2017/05/17	14.40	14.79	14.33	14.54	5149382	74761008.00
2017/05/18	14.45	14.55	14.35	14.48	3473680	50215032.00
2017/05/19	14.47	14.69	14.39	14.63	4894790	70878648.00
2017/05/22	14.53	14.74	14.41	14.71	8056371	117079568.00
2017/05/23	14.60	14.76	14.46	14.67	10174080	149151040.00
2017/05/24	14.65	14.66	14.27	14.41	6361316	91491128.00
2017/05/25	14.35	14.60	14.24	14.49	4355644	62766912.00
2017/05/26	14.52	14.78	14.52	14.59	4686452	68736040.00
2017/05/31	14.65	14.72	14.31	14.33	4603687	66952592.00
2017/06/01	14.31	14.41	13.85	13.88	6148390	87089400.00
2017/06/02	13.88	14.12	13.88	14.01	4402065	61681312.00
2017/06/05	14.01	14.12	13.90	13.99	4902796	68707416.00
2017/06/06	13.98	14.10	13.92	14.07	2755151	38715728.00
2017/06/07	14.07	14.39	14.02	14.37	5461164	77752800.00
2017/06/08	14.44	14.44	14.21	14.37	5148309	73791040.00
2017/06/09	14.26	14.41	14.15	14.36	5740513	82077424.00
2017/06/12	14.34	14.35	14.18	14.23	3841568	54771824.00
2017/06/13	14.20	14.44	14.20	14.43	3773611	54147808.00
2017/06/14	14.39	14.52	14.32	14.35	2666313	38419640.00
2017/06/15	14.30	14.50	14.30	14.46	2919140	42145336.00
2017/06/16	14.45	14.60	14.40	14.50	3777000	54801200.00
2017/06/19	14.45	14.57	14.43	14.49	2450288	35501316.00
2017/06/20	14.52	14.53	14.40	14.42	2324127	33615724.00
2017/06/21	14.55	14.59	14.41	14.49	3085515	44657436.00
2017/06/22	14.50	14.75	14.42	14.43	8617278	125940328.00
2017/06/23	14.42	14.48	14.24	14.43	4162311	59739472.00
2017/06/26	14.46	14.66	14.39	14.65	6516538	94889600.00
2017/06/27	14.64	14.85	14.61	14.75	6525982	96105232.00
2017/06/28	14.73	14.79	14.63	14.70	4085467	60095816.00
2017/06/29	14.68	14.73	14.51	14.65	3472574	50898048.00
2017/06/30	14.67	14.67	14.49	14.56	4229792	61464028.00
2017/07/03	14.59	14.69	14.50	14.69	2989102	43698592.00
2017/07/04	14.66	14.69	14.44	14.46	3614063	52498348.00
2017/07/05	14.46	14.58	14.44	14.57	4227620	61338960.00
2017/07/06	14.58	14.58	14.36	14.38	7057000	101750696.00
2017/07/07	14.37	14.43	14.09	14.14	11081914	157149600.00
2017/07/10	14.13	14.20	14.06	14.14	6070684	85749640.00
2017/07/11	14.15	14.16	14.07	14.08	5059589	71408712.00
2017/07/12	14.09	14.15	13.93	14.07	4395934	61710180.00
2017/07/13	14.06	14.09	13.98	14.07	3453884	48474676.00
2017/07/14	14.06	14.14	14.00	14.13	3113077	43854620.00
2017/07/17	14.13	14.17	13.62	13.64	7036300	97028456.00
2017/07/18	13.63	13.79	13.54	13.77	4804172	65637928.00
2017/07/19	13.75	13.97	13.66	13.91	5245179	72625936.00
2017/07/20	13.94	14.13	13.83	14.02	5521424	77307752.00
2017/07/21	14.02	14.08	13.94	13.96	2976591	41668276.00
2017/07/24	13.96	14.10	13.90	14.04	3244009	45536412.00
2017/07/25	14.03	14.12	13.97	14.00	2851305	40037820.00
2017/07/26	14.03	14.05	13.90	13.95	2493243	34848516.00
2017/07/27	13.90	14.15	13.90	14.10	5311371	74769120.00
2017/07/28	14.09	14.20	14.06	14.07	4148398	58541312.00
2017/07/31	14.06	14.16	14.03	14.11	3930363	55455028.00
2017/08/01	14.12	14.44	14.10	14.39	9009202	128414552.00
2017/08/02	14.30	14.46	14.28	14.35	6036134	86654664.00
2017/08/03	14.35	14.62	14.23	14.49	7652989	110762784.00
2017/08/04	14.57	14.59	14.35	14.46	4994245	72153760.00
2017/08/07	14.42	14.46	14.31	14.36	2919942	41975364.00
2017/08/08	14.35	14.40	14.25	14.33	3458148	49434680.00
2017/08/09	14.30	14.39	14.19	14.23	4000158	57044368.00
2017/08/10	14.24	14.31	14.00	14.12	4615571	65327912.00
2017/08/11	14.02	14.14	13.99	14.05	3465507	48720236.00
2017/08/14	14.04	14.43	14.00	14.35	5117265	73248112.00
2017/08/15	14.38	14.38	14.26	14.37	2854933	40928692.00
2017/08/16	14.35	14.49	14.32	14.44	4759416	68627120.00
2017/08/17	14.49	14.65	14.39	14.51	5785373	83885656.00
2017/08/18	14.45	14.82	14.42	14.60	6266983	91769616.00
2017/08/21	14.53	14.70	14.53	14.61	4071924	59504184.00
2017/08/22	14.62	14.62	14.37	14.39	3786726	54803480.00
2017/08/23	14.46	14.63	14.40	14.50	3923581	57050240.00
2017/08/24	14.45	14.52	14.31	14.35	3157014	45443016.00
2017/08/25	14.33	14.60	14.31	14.59	4225239	61154456.00
2017/08/28	15.00	15.18	14.74	14.95	15456601	230859008.00
2017/08/29	14.90	15.15	14.86	15.00	9735521	146288800.00
2017/08/30	15.03	15.08	14.91	14.98	6826497	102310552.00
2017/08/31	14.96	15.04	14.80	14.96	5884228	87858448.00
2017/09/01	14.97	15.18	14.92	15.05	10715528	161533184.00
2017/09/04	15.13	15.34	15.03	15.26	10928859	166312768.00
2017/09/05	15.27	15.28	14.90	14.93	10379266	155943568.00
2017/09/06	14.93	15.03	14.84	14.95	6744372	100631672.00
2017/09/07	14.92	15.00	14.83	14.98	6694890	99952720.00
2017/09/08	15.38	15.66	15.11	15.17	16076001	246884208.00
2017/09/11	15.06	15.12	14.88	15.00	7261912	108914440.00
2017/09/12	15.28	15.28	14.95	15.02	7891835	119071648.00
2017/09/13	14.96	15.09	14.92	14.95	4473459	67033440.00
2017/09/14	14.93	15.07	14.92	15.01	4675266	70075552.00
2017/09/15	14.99	15.03	14.83	14.87	4196752	62524744.00
2017/09/18	14.87	14.97	14.80	14.90	3698478	55070712.00
2017/09/19	14.90	14.94	14.72	14.76	4144854	61509592.00
2017/09/20	14.75	14.90	14.67	14.83	3731532	55068580.00
2017/09/21	14.83	14.90	14.63	14.64	4823977	71328296.00
2017/09/22	14.64	14.80	14.58	14.77	3421093	50159940.00
2017/09/25	14.76	14.77	14.54	14.62	2560880	37544796.00
2017/09/26	14.61	14.77	14.60	14.70	2017707	29617174.00
2017/09/27	14.70	14.76	14.65	14.71	2254332	33160768.00
2017/09/28	14.73	14.94	14.71	14.84	5769137	85757160.00
2017/09/29	14.84	14.90	14.75	14.76	3749428	55598608.00
2017/10/09	14.88	15.05	14.83	15.00	6584570	98382688.00
2017/10/10	14.99	15.08	14.90	15.00	4044434	60500728.00
2017/10/11	15.02	15.06	14.91	14.99	5235224	78371344.00
2017/10/12	14.95	15.04	14.74	14.83	5828151	86649936.00
2017/10/13	14.90	14.90	14.74	14.86	4347117	64349952.00
2017/10/16	14.86	14.88	14.56	14.56	4974812	73050760.00
2017/10/17	14.56	14.62	14.47	14.49	3365009	48891696.00
2017/10/18	14.51	14.53	14.19	14.20	6293445	90425312.00
2017/10/19	14.25	14.31	14.09	14.16	4226841	59854184.00
2017/10/20	14.19	14.27	14.09	14.27	2952205	41935912.00
2017/10/23	14.26	14.28	14.17	14.28	2571037	36569400.00
2017/10/24	14.26	14.51	14.25	14.47	5651204	81489904.00
2017/10/25	14.46	14.53	14.36	14.49	2814050	40689396.00
2017/10/26	14.47	14.52	14.35	14.47	2767116	39966696.00
2017/10/27	14.47	14.52	14.37	14.46	2875319	41582084.00
2017/10/30	14.42	14.54	14.10	14.52	6191377	88435136.00
2017/10/31	14.50	14.50	14.34	14.49	3190229	46103588.00
2017/11/01	14.47	14.54	14.34	14.40	2939637	42482348.00
2017/11/02	14.40	14.45	14.33	14.39	3776156	54339504.00
2017/11/03	14.50	14.56	14.25	14.46	4792382	69051536.00
2017/11/06	14.40	14.42	14.25	14.32	2889843	41409988.00
2017/11/07	14.30	14.42	14.17	14.27	4295184	61280756.00
2017/11/08	14.22	14.41	14.19	14.31	4922111	70481592.00
2017/11/09	14.32	14.34	14.20	14.29	3301253	47054400.00
2017/11/10	14.30	14.34	14.19	14.22	3782908	53838612.00
2017/11/13	14.26	14.28	14.12	14.16	3682989	52316096.00
2017/11/14	14.17	14.18	14.03	14.03	4140739	58374800.00
2017/11/15	14.24	15.28	14.24	14.61	25615065	377795712.00
2017/11/16	14.40	14.94	14.40	14.83	16251590	239560352.00
2017/11/17	14.71	15.11	14.42	15.05	24326398	360992800.00
2017/11/20	15.00	15.27	14.73	15.16	17462678	262824032.00
2017/11/21	15.06	15.18	14.93	15.03	11613703	174642752.00
2017/11/22	15.03	15.40	14.78	15.26	16538983	249408160.00
2017/11/23	15.10	15.18	14.66	14.89	12299696	183465552.00
2017/11/24	14.83	15.08	14.72	14.97	10386995	155128736.00
2017/11/27	15.01	15.38	14.88	15.15	16600753	252199616.00
2017/11/28	15.08	15.14	14.60	14.97	16586326	246055056.00
2017/11/29	14.86	14.90	14.37	14.46	14038402	204446256.00
2017/11/30	14.38	14.44	14.18	14.43	9273021	132368608.00
2017/12/01	14.36	14.47	14.27	14.42	6337285	91203232.00
2017/12/04	14.38	14.44	14.19	14.43	6220609	88903200.00
2017/12/05	14.39	14.61	14.06	14.07	12628422	182055824.00
2017/12/06	14.04	14.04	13.20	13.52	17113230	231240384.00
2017/12/07	13.46	13.67	13.40	13.59	7369547	99920568.00
2017/12/08	13.58	13.79	13.48	13.57	7223265	98509272.00
2017/12/11	13.69	13.73	13.57	13.69	5091498	69550392.00
2017/12/12	13.63	13.74	13.52	13.61	4499327	61357356.00
2017/12/13	13.65	13.68	13.49	13.56	3535131	47886704.00
2017/12/14	13.55	13.59	13.29	13.35	7715735	103235120.00
2017/12/15	13.32	13.37	13.22	13.26	6518758	86481560.00
2017/12/18	13.26	13.29	12.96	13.03	7395218	96776056.00
2017/12/19	13.05	13.12	13.02	13.09	4490325	58681256.00
2017/12/20	13.08	13.08	12.81	12.82	4911700	63679000.00
2017/12/21	12.83	12.88	12.57	12.83	3758452	47959896.00
2017/12/22	12.83	12.89	12.76	12.85	4415300	56698272.00
2017/12/25	12.83	13.04	12.64	12.66	6006604	77015832.00
2017/12/26	12.61	12.88	12.61	12.79	3120918	39881340.00
2017/12/27	12.78	12.93	12.68	12.73	3390183	43418560.00
2017/12/28	12.75	12.90	12.68	12.82	3234070	41497656.00
2017/12/29	12.80	13.02	12.80	12.99	3444590	44638388.00
2018/01/02	13.02	13.11	12.92	13.07	4698335	61278844.00
2018/01/03	13.07	13.19	13.01	13.12	7452400	97706752.00
2018/01/04	13.11	13.13	12.98	13.08	5206757	68000960.00
2018/01/05	13.08	13.13	13.06	13.09	3514303	46006492.00
2018/01/08	13.11	13.14	12.99	13.07	3220730	42035248.00
2018/01/09	13.06	13.09	12.96	12.98	3277788	42654052.00
2018/01/10	13.00	13.03	12.86	12.91	3415623	44182384.00
2018/01/11	12.89	13.21	12.79	13.16	4316037	56115996.00
2018/01/12	13.21	13.21	13.00	13.03	3250428	42523868.00
2018/01/15	13.00	13.00	12.57	12.61	6233277	79566920.00
2018/01/16	12.60	12.73	12.51	12.63	6123890	77246736.00
2018/01/17	12.63	12.79	12.50	12.72	5595314	70743976.00
2018/01/18	12.70	12.84	12.68	12.75	3374699	43133864.00
2018/01/19	12.71	12.89	12.68	12.82	3442834	44041236.00
2018/01/22	12.80	13.10	12.76	13.07	5054438	65602384.00
2018/01/23	13.09	13.18	13.01	13.15	4843592	63552776.00
2018/01/24	13.15	13.40	13.07	13.36	6312566	83676048.00
2018/01/25	13.30	13.54	13.19	13.21	6654760	88974864.00
2018/01/26	13.15	13.41	13.15	13.27	5263380	70272744.00
2018/01/29	13.27	13.48	13.17	13.23	4990606	66553312.00
2018/01/30	13.23	13.39	13.14	13.20	2891050	38333332.00
2018/01/31	13.16	13.20	12.72	12.74	7748906	99535752.00
2018/02/01	12.63	12.85	12.36	12.42	7699649	97032232.00
2018/02/02	12.25	12.39	12.14	12.22	6923393	84767400.00
2018/02/05	12.10	12.44	11.90	12.24	5637928	69024304.00
2018/02/08	11.90	12.30	11.73	12.18	7131641	86364448.00
2018/02/09	11.89	12.19	11.71	11.77	6731915	80028320.00
2018/02/12	11.81	12.05	11.80	11.96	4451598	53078728.00
2018/02/13	11.97	12.07	11.84	11.92	4197048	50209900.00
2018/02/14	11.94	12.00	11.81	11.92	2652659	31582976.00
2018/02/22	11.97	12.04	11.90	11.97	5811010	69461952.00
2018/02/23	11.97	11.98	11.77	11.87	5033403	59756688.00
2018/02/26	11.90	12.39	11.86	12.37	9458319	114614736.00
2018/02/27	12.30	12.33	12.16	12.23	5702983	69630944.00
2018/02/28	12.19	12.25	12.10	12.22	4738124	57726360.00
2018/03/01	12.19	12.43	12.10	12.41	7372273	90486016.00
2018/03/02	12.30	13.65	12.26	13.65	28779829	382214816.00
2018/03/05	13.00	13.43	12.92	13.38	32063354	422784352.00
2018/03/06	13.21	13.41	13.12	13.30	16072558	212937056.00
2018/03/07	13.28	13.42	12.97	12.99	12257100	161483808.00
2018/03/08	12.95	13.07	12.90	13.01	7467150	96880968.00
2018/03/09	13.02	13.31	12.98	13.14	11720932	154370704.00
2018/03/12	13.18	13.49	13.13	13.40	14484615	193179936.00
2018/03/13	13.36	13.36	13.13	13.16	9613548	127187008.00
2018/03/14	13.16	13.25	12.90	13.19	10847367	141679584.00
2018/03/15	13.04	13.33	12.96	13.27	11305336	148695488.00
2018/03/16	13.24	13.54	13.06	13.40	13799430	184618608.00
2018/03/19	13.37	13.43	13.19	13.28	8503936	112903880.00
2018/03/20	13.13	13.34	12.98	13.30	6789586	89123920.00
2018/03/21	13.25	13.44	13.17	13.30	11504931	153366368.00
2018/03/22	13.28	13.80	13.19	13.74	17535061	236837264.00
2018/03/23	13.35	13.46	12.54	12.66	16780883	219845744.00
2018/03/26	12.48	12.55	11.89	12.47	9234215	113652696.00
2018/03/27	12.57	12.87	12.55	12.73	9199487	116709352.00
2018/03/28	12.58	12.69	12.41	12.45	6554574	82273048.00
2018/03/29	12.51	12.74	12.47	12.66	5886415	74402000.00
2018/03/30	12.72	12.92	12.66	12.88	6630497	84734728.00
2018/04/02	12.85	12.97	12.74	12.74	6386580	82034368.00
2018/04/03	12.58	12.62	12.30	12.49	7838725	97653512.00
2018/04/04	12.55	12.65	12.37	12.48	5434547	67969168.00
2018/04/09	12.39	12.56	12.32	12.49	3462632	43069176.00
2018/04/10	12.48	12.53	12.37	12.51	3824419	47598188.00
2018/04/11	12.56	12.65	12.47	12.50	5144901	64557164.00
2018/04/12	12.50	12.54	12.35	12.43	4636413	57516228.00
2018/04/13	12.45	12.48	12.32	12.33	3624003	44937200.00
2018/04/16	12.37	12.54	12.16	12.33	6466981	79866456.00
2018/04/17	12.33	12.34	12.12	12.23	4872366	59515580.00
2018/04/18	12.30	12.33	12.07	12.30	3788503	46350376.00
2018/04/19	12.28	12.41	12.27	12.29	4490628	55412856.00
2018/04/20	12.24	12.27	11.92	12.17	5871718	71042936.00
2018/04/23	12.08	12.17	11.83	12.08	5166871	61957824.00
2018/04/24	12.03	12.19	11.99	12.18	5243395	63477644.00
2018/04/25	12.10	12.14	12.04	12.09	3125862	37801420.00
数据来源:通达信
