600050 中国联通 日线 不复权
      日期	    开盘	    最高	    最低	    收盘	    成交量	    成交额
2017/03/27	7.65	7.71	7.51	7.53	175580529	1331322240.00
2017/03/28	7.52	7.54	7.30	7.44	179087574	1329445248.00
2017/03/29	7.40	7.58	7.36	7.43	160833555	1201165440.00
2017/03/30	7.40	7.55	7.32	7.34	153207268	1139190784.00
2017/03/31	7.32	7.53	7.32	7.47	125692309	934052352.00
2017/08/21	8.22	8.22	8.22	8.22	21811341	179289216.00
2017/08/22	9.04	9.04	8.80	9.04	692199667	6247721472.00
2017/08/23	9.10	9.29	8.91	8.96	980472419	8917329920.00
2017/08/24	8.80	8.85	8.22	8.36	859121208	7309202432.00
2017/08/25	8.29	8.52	8.16	8.38	563782913	4709903872.00
2017/08/28	8.32	8.46	8.20	8.35	529774343	4410407936.00
2017/08/29	8.34	8.42	8.24	8.34	385125988	3207049472.00
2017/08/30	8.33	8.38	8.10	8.20	472184513	3874224128.00
2017/08/31	8.14	8.19	7.93	8.04	544610051	4375106560.00
2017/09/01	8.04	8.13	7.91	7.96	429614487	3436765952.00
2017/09/04	7.91	8.08	7.88	8.05	389492973	3107113216.00
2017/09/05	8.04	8.04	7.88	7.89	308336080	2446795520.00
2017/09/06	7.85	7.95	7.75	7.88	297205444	2328184832.00
2017/09/07	7.86	7.99	7.78	7.91	278265612	2196468736.00
2017/09/08	7.86	7.89	7.72	7.74	221494282	1730993024.00
2017/09/11	7.71	7.75	7.50	7.54	436545349	3314975232.00
2017/09/12	7.56	7.64	7.51	7.58	295243961	2234209280.00
2017/09/13	7.57	7.57	7.47	7.48	203858948	1528939520.00
2017/09/14	7.50	7.57	7.46	7.48	214493956	1609927936.00
2017/09/15	7.49	7.49	7.30	7.31	322846842	2377919488.00
2017/09/18	7.35	7.40	7.13	7.32	547911517	3983707648.00
2017/09/19	7.28	7.32	7.19	7.25	312599751	2264856320.00
2017/09/20	7.25	7.33	7.20	7.21	327148291	2375363328.00
2017/09/21	7.25	7.65	7.22	7.48	778118545	5816093696.00
2017/09/22	7.42	7.51	7.36	7.41	297353899	2206074624.00
2017/09/25	7.39	7.40	7.16	7.18	306827671	2223693568.00
2017/09/26	7.19	7.36	7.17	7.32	260108953	1891405184.00
2017/09/27	7.29	7.50	7.27	7.47	337422194	2500311552.00
2017/09/28	7.50	7.56	7.43	7.44	262831383	1965533952.00
2017/09/29	7.45	7.49	7.34	7.42	252969552	1877329664.00
2017/10/09	7.51	7.53	7.26	7.29	420944045	3104962304.00
2017/10/10	7.27	7.32	7.15	7.20	335699391	2413505024.00
2017/10/11	7.18	7.20	7.08	7.15	271275437	1936932608.00
2017/10/12	7.19	7.41	7.14	7.32	403631829	2937853184.00
2017/10/13	7.27	7.30	7.22	7.25	171056516	1240022016.00
2017/10/16	7.28	7.38	7.20	7.21	201027736	1464342528.00
2017/10/17	7.18	7.24	7.15	7.21	117206970	843231680.00
2017/10/18	7.21	7.26	7.13	7.16	134849702	969575296.00
2017/10/19	7.15	7.15	6.92	6.92	279917433	1966662016.00
2017/10/20	6.97	7.03	6.95	6.99	153638424	1074005632.00
2017/10/23	7.03	7.15	6.97	7.12	218381016	1547023616.00
2017/10/24	7.10	7.11	7.01	7.06	129866126	916824896.00
2017/10/25	7.06	7.15	7.02	7.08	119502092	847208000.00
2017/10/26	7.06	7.15	7.05	7.13	164961266	1172532224.00
2017/10/27	7.20	7.52	7.20	7.35	621619370	4607741952.00
2017/10/30	7.35	7.65	7.25	7.65	708679107	5326366720.00
2017/10/31	7.60	7.68	7.51	7.64	372664620	2832693248.00
2017/11/01	7.65	7.93	7.60	7.80	551959819	4314785792.00
2017/11/02	7.80	7.88	7.60	7.65	386208197	2971461120.00
2017/11/03	7.62	7.65	7.37	7.46	375419961	2808974848.00
2017/11/06	7.47	7.58	7.34	7.57	317190815	2370136064.00
2017/11/07	7.59	7.98	7.57	7.97	669968790	5243172864.00
2017/11/08	7.94	8.04	7.82	7.86	461078388	3649865472.00
2017/11/09	7.86	8.22	7.81	8.19	592474482	4799031296.00
2017/11/10	8.15	8.28	8.12	8.25	469747404	3855023104.00
2017/11/13	8.25	8.28	8.14	8.24	324924116	2665869312.00
2017/11/14	8.21	8.22	7.81	7.85	551096322	4397424640.00
2017/11/15	7.81	8.12	7.79	8.01	391615488	3125581824.00
2017/11/16	7.95	8.02	7.81	7.95	271152193	2146394624.00
2017/11/17	7.98	8.24	7.92	7.97	550616704	4453317632.00
2017/11/20	7.81	8.12	7.74	8.11	422645509	3365355520.00
2017/11/21	8.07	8.25	7.96	8.23	600188438	4872501248.00
2017/11/22	8.18	8.37	8.11	8.18	531442182	4371989504.00
2017/11/23	8.22	8.44	8.11	8.19	690515777	5726105600.00
2017/11/24	8.10	8.14	7.76	7.78	524651628	4178725376.00
2017/11/27	7.71	7.71	7.05	7.12	604772650	4447310848.00
2017/11/28	7.06	7.20	7.02	7.17	332123412	2363134208.00
2017/11/29	7.17	7.19	6.98	7.06	291598529	2056558208.00
2017/11/30	7.07	7.08	6.95	6.96	249668839	1744473216.00
2017/12/01	6.96	7.12	6.96	7.04	191176814	1348799488.00
2017/12/04	7.04	7.19	7.03	7.12	205563973	1461227008.00
2017/12/05	7.10	7.11	6.99	7.05	197748352	1390779904.00
2017/12/06	7.02	7.04	6.91	7.01	203501318	1418354304.00
2017/12/07	6.98	7.03	6.93	6.93	140566154	980060096.00
2017/12/08	6.93	7.04	6.91	6.98	170450702	1188857344.00
2017/12/11	7.00	7.08	6.96	7.07	197429440	1387983872.00
2017/12/12	7.06	7.07	6.94	6.95	153885075	1077270272.00
2017/12/13	6.95	7.04	6.93	6.99	111772345	781004608.00
2017/12/14	7.00	7.02	6.92	6.96	116151718	807456192.00
2017/12/15	6.94	6.95	6.81	6.83	224672962	1538506368.00
2017/12/18	6.85	6.90	6.67	6.71	189594582	1280441984.00
2017/12/19	6.72	6.78	6.70	6.77	120072752	808254208.00
2017/12/20	6.77	6.77	6.57	6.59	187277455	1245329920.00
2017/12/21	6.56	6.73	6.47	6.68	220312977	1460706048.00
2017/12/22	6.67	6.73	6.62	6.63	110807515	738028288.00
2017/12/25	6.63	6.68	6.51	6.52	109682281	721470080.00
2017/12/26	6.52	6.62	6.49	6.61	127459959	834517504.00
2017/12/27	6.61	6.61	6.48	6.51	156164808	1019295424.00
2017/12/28	6.49	6.51	6.37	6.41	173967054	1118208768.00
2017/12/29	6.41	6.42	6.30	6.33	167532991	1062816576.00
2018/01/02	6.35	6.45	6.34	6.44	155838868	998885632.00
2018/01/03	6.44	6.75	6.41	6.70	344376115	2286842112.00
2018/01/04	6.70	6.73	6.62	6.68	162584506	1083484544.00
2018/01/05	6.66	6.83	6.63	6.73	252184661	1705529088.00
2018/01/08	6.70	6.83	6.65	6.83	228868232	1547508736.00
2018/01/09	6.81	6.83	6.75	6.79	140378491	952888768.00
2018/01/10	6.78	6.79	6.65	6.68	186093047	1244932992.00
2018/01/11	6.66	6.80	6.65	6.73	172851024	1164732800.00
2018/01/12	6.70	6.71	6.61	6.63	150979587	1004816256.00
2018/01/15	6.60	6.60	6.39	6.41	209771700	1356635136.00
2018/01/16	6.39	6.50	6.38	6.47	116740931	752561280.00
2018/01/17	6.49	6.83	6.43	6.81	473536024	3177146368.00
2018/01/18	6.77	6.86	6.75	6.85	306298215	2087943936.00
2018/01/19	6.86	6.95	6.79	6.89	305780474	2102506496.00
2018/01/22	6.92	6.94	6.80	6.85	208986412	1434507904.00
2018/01/23	6.82	6.97	6.77	6.96	286050210	1971589376.00
2018/01/24	7.03	7.10	6.89	6.95	300421692	2099597312.00
2018/01/25	7.00	7.40	6.98	7.27	573368837	4145052416.00
2018/01/26	7.23	7.27	7.16	7.25	248844485	1797719808.00
2018/01/29	7.24	7.42	7.10	7.14	290392888	2102151040.00
2018/01/30	7.11	7.19	6.91	6.91	231609194	1625472256.00
2018/01/31	6.91	7.07	6.87	6.98	199787353	1393596416.00
2018/02/01	6.96	7.04	6.68	6.70	265486512	1812884224.00
2018/02/02	6.71	6.86	6.63	6.84	202586748	1370850560.00
2018/02/05	6.71	6.98	6.67	6.90	251559335	1729656320.00
2018/02/06	6.69	6.82	6.43	6.51	290434141	1935265536.00
2018/02/07	6.64	6.69	6.36	6.52	245219023	1609282304.00
2018/02/08	6.50	6.62	6.46	6.53	130551443	853110656.00
2018/02/09	6.35	6.38	5.89	6.01	333106166	2034199680.00
2018/02/12	6.07	6.19	6.06	6.13	163533372	999985664.00
2018/02/13	6.21	6.26	6.09	6.11	156228556	965564992.00
2018/02/14	6.14	6.15	6.04	6.13	88374228	539368064.00
2018/02/22	6.19	6.27	6.16	6.25	135906891	846538496.00
2018/02/23	6.27	6.37	6.22	6.29	130418971	820572224.00
2018/02/26	6.33	6.56	6.27	6.51	250193647	1611538432.00
2018/02/27	6.52	6.54	6.43	6.45	138747640	898817984.00
2018/02/28	6.41	6.51	6.35	6.42	130456883	839462144.00
2018/03/01	6.38	6.49	6.34	6.40	124156434	795311680.00
2018/03/02	6.37	6.57	6.34	6.44	145153769	939158720.00
2018/03/05	6.43	6.50	6.34	6.38	121475434	776473408.00
2018/03/06	6.32	6.32	6.15	6.31	214191933	1337096448.00
2018/03/07	6.28	6.30	6.18	6.19	120679800	752978304.00
2018/03/08	6.17	6.26	6.17	6.22	87428343	543713344.00
2018/03/09	6.23	6.30	6.20	6.30	141267652	884116032.00
2018/03/12	6.36	6.38	6.30	6.36	154931824	980795328.00
2018/03/13	6.35	6.35	6.24	6.26	124250651	780995968.00
2018/03/14	6.23	6.25	6.18	6.19	110311435	684231104.00
2018/03/15	6.16	6.28	6.15	6.23	113785019	706616192.00
2018/03/16	6.25	6.27	6.16	6.17	113285736	702707584.00
2018/03/19	6.19	6.21	6.14	6.16	80305274	495323712.00
2018/03/20	6.11	6.15	6.08	6.14	93176879	570180352.00
2018/03/21	6.14	6.23	6.12	6.13	121784747	752328512.00
2018/03/22	6.15	6.17	6.06	6.07	102320295	624476224.00
2018/03/23	5.90	5.93	5.56	5.67	257067610	1482111744.00
2018/03/26	5.63	5.65	5.45	5.63	130574915	727917888.00
2018/03/27	5.69	5.84	5.69	5.79	150862046	871194240.00
2018/03/28	5.70	5.79	5.65	5.68	98617531	561861312.00
2018/03/29	5.71	5.82	5.67	5.78	107604236	618245184.00
2018/03/30	5.83	5.83	5.75	5.77	77872759	450000288.00
2018/04/02	5.79	5.81	5.68	5.70	102256844	587993920.00
2018/04/03	5.62	5.68	5.56	5.65	118933676	667324864.00
2018/04/04	5.65	5.69	5.56	5.58	92021119	518777920.00
2018/04/09	5.58	5.62	5.52	5.57	93896607	522326048.00
2018/04/10	5.59	5.68	5.54	5.67	103573051	580682112.00
2018/04/11	5.68	5.71	5.63	5.66	99550832	564914944.00
2018/04/12	5.65	5.65	5.58	5.59	76150413	427972512.00
2018/04/13	5.61	5.65	5.56	5.59	61065945	342371200.00
2018/04/16	5.56	5.58	5.44	5.47	110726888	609188480.00
2018/04/17	5.47	5.49	5.26	5.29	136203722	733432960.00
2018/04/18	5.32	5.34	5.09	5.21	162928388	845104192.00
2018/04/19	5.22	5.26	5.17	5.21	93804469	489216160.00
2018/04/20	5.20	5.21	5.06	5.07	112291109	574940800.00
2018/04/23	5.14	5.58	5.13	5.58	471319936	2573448960.00
2018/04/24	5.58	5.72	5.53	5.66	362635279	2039894912.00
2018/04/25	5.59	5.90	5.57	5.74	346555161	2005014272.00
数据来源:通达信
