600033 福建高速 日线 不复权
      日期	    开盘	    最高	    最低	    收盘	    成交量	    成交额
2017/03/27	3.67	3.76	3.67	3.72	25350232	94350200.00
2017/03/28	3.70	3.71	3.67	3.69	15252166	56228792.00
2017/03/29	3.69	4.06	3.69	4.06	153745923	604388480.00
2017/03/30	4.00	4.18	3.92	3.98	204660276	825629184.00
2017/03/31	3.90	3.93	3.71	3.85	92689036	353063680.00
2017/04/05	3.82	3.95	3.77	3.90	70710990	271181280.00
2017/04/06	3.87	3.97	3.83	3.91	78334048	305670560.00
2017/04/07	3.86	3.88	3.79	3.81	63590705	243121792.00
2017/04/10	3.80	3.85	3.79	3.83	42114986	160841760.00
2017/04/11	3.82	3.96	3.76	3.92	74338938	286292928.00
2017/04/12	3.90	4.12	3.88	3.94	90179525	360911552.00
2017/04/13	3.90	4.00	3.86	3.98	53168994	209236288.00
2017/04/14	3.96	3.98	3.89	3.89	37609235	147518208.00
2017/04/17	3.92	3.95	3.87	3.90	29006013	113439648.00
2017/04/18	3.90	3.91	3.80	3.83	30710071	118624272.00
2017/04/19	3.81	3.95	3.77	3.87	44927418	173479296.00
2017/04/20	3.84	3.92	3.78	3.84	26170937	100537304.00
2017/04/21	3.84	3.86	3.80	3.82	14162874	54147252.00
2017/04/24	3.81	3.82	3.70	3.72	27067498	101275952.00
2017/04/25	3.73	3.77	3.72	3.75	17480880	65389740.00
2017/04/26	3.74	3.83	3.73	3.83	22387985	84886888.00
2017/04/27	3.83	3.90	3.76	3.88	29818695	114269792.00
2017/04/28	3.86	3.90	3.83	3.88	15258072	59043032.00
2017/05/02	3.88	3.97	3.86	3.91	25407479	99547560.00
2017/05/03	3.92	3.93	3.88	3.90	14238285	55552264.00
2017/05/04	3.89	3.90	3.82	3.84	17802053	68672560.00
2017/05/05	3.83	3.85	3.78	3.78	14617796	55660356.00
2017/05/08	3.77	3.84	3.76	3.79	16688889	63375952.00
2017/05/09	3.78	3.86	3.76	3.85	15273327	58207944.00
2017/05/10	3.85	3.87	3.77	3.78	15298828	58482256.00
2017/05/11	3.76	3.89	3.76	3.87	33511135	128389552.00
2017/05/12	3.86	3.93	3.82	3.89	32065764	124195112.00
2017/05/15	3.89	3.93	3.87	3.88	25237643	98489568.00
2017/05/16	3.86	3.93	3.80	3.92	28179375	108978352.00
2017/05/17	3.91	3.94	3.85	3.87	28837803	112255032.00
2017/05/18	3.85	3.88	3.83	3.85	13358351	51437028.00
2017/05/19	3.84	3.86	3.82	3.83	14182335	54357444.00
2017/05/22	3.82	3.83	3.68	3.69	32663300	122790520.00
2017/05/23	3.68	3.75	3.67	3.74	25629083	95458992.00
2017/05/24	3.72	3.75	3.68	3.74	11212201	41697968.00
2017/05/25	3.74	3.79	3.72	3.78	16204300	60947512.00
2017/05/26	3.79	3.81	3.77	3.78	11275866	42758276.00
2017/05/31	3.80	3.82	3.76	3.77	12245504	46397408.00
2017/06/01	3.77	3.78	3.72	3.73	9998585	37453244.00
2017/06/02	3.73	3.79	3.70	3.78	12730640	47736332.00
2017/06/05	3.78	3.82	3.77	3.79	13001129	49389156.00
2017/06/06	3.79	3.85	3.78	3.83	14216502	54218600.00
2017/06/07	3.83	3.89	3.82	3.89	29349045	113545008.00
2017/06/08	3.89	3.89	3.86	3.87	10407048	40305372.00
2017/06/09	3.87	3.90	3.86	3.89	16831471	65325552.00
2017/06/12	3.88	3.97	3.87	3.89	23748118	93133424.00
2017/06/13	3.87	3.89	3.86	3.87	14583362	56497820.00
2017/06/14	3.87	3.93	3.87	3.90	16807352	65603756.00
2017/06/15	3.89	3.92	3.87	3.90	10355110	40328940.00
2017/06/16	3.89	3.99	3.87	3.92	23233842	91132416.00
2017/06/19	3.91	3.98	3.89	3.97	31513252	124486368.00
2017/06/20	3.99	4.01	3.94	3.95	22174342	88061504.00
2017/06/21	3.96	3.98	3.92	3.96	15158721	59809640.00
2017/06/22	3.97	3.99	3.92	3.93	21840388	86511216.00
2017/06/23	3.93	3.94	3.85	3.91	24602998	95818464.00
2017/06/26	3.92	4.00	3.90	3.99	29209446	115736528.00
2017/06/27	4.00	4.00	3.95	3.98	38693676	153885360.00
2017/06/28	3.83	3.85	3.80	3.80	24947450	95367856.00
2017/06/29	3.80	3.82	3.78	3.80	13817302	52422452.00
2017/06/30	3.80	3.81	3.79	3.81	9569018	36347044.00
2017/07/03	3.82	3.83	3.78	3.83	14209860	54130112.00
2017/07/04	3.83	3.83	3.80	3.80	10405640	39649616.00
2017/07/05	3.80	3.83	3.78	3.82	20122759	76573912.00
2017/07/06	3.81	3.87	3.81	3.86	32053417	123225152.00
2017/07/07	3.84	3.86	3.81	3.85	19234178	73680552.00
2017/07/10	3.84	3.88	3.83	3.86	22276300	85800240.00
2017/07/11	3.86	3.87	3.82	3.83	19570982	75350592.00
2017/07/12	3.83	3.85	3.78	3.81	20337981	77518600.00
2017/07/13	3.82	3.87	3.80	3.87	25027929	96354664.00
2017/07/14	3.86	3.91	3.86	3.88	21975895	85419216.00
2017/07/17	3.87	3.91	3.71	3.78	28182531	107680168.00
2017/07/18	3.79	3.82	3.78	3.81	13752253	52291128.00
2017/07/19	3.80	4.03	3.80	3.96	55348636	216955520.00
2017/07/20	3.96	3.99	3.93	3.96	33715210	133437272.00
2017/07/21	3.94	4.07	3.94	4.00	48663477	195406208.00
2017/07/24	3.99	4.40	3.99	4.37	243555414	1056585216.00
2017/07/25	4.28	4.28	4.07	4.15	166530587	693737216.00
2017/07/26	4.14	4.19	4.06	4.14	93663641	385781408.00
2017/07/27	4.13	4.24	4.08	4.10	75933732	315365760.00
2017/07/28	4.08	4.14	4.07	4.12	36121713	148219312.00
2017/07/31	4.10	4.14	4.08	4.14	40228952	165516112.00
2017/08/01	4.14	4.17	4.10	4.12	40482038	167186896.00
2017/08/02	4.11	4.17	4.10	4.16	45624604	189114256.00
2017/08/03	4.15	4.17	4.06	4.08	39399847	162123840.00
2017/08/04	4.08	4.18	4.08	4.14	43844862	181394048.00
2017/08/07	4.13	4.15	4.08	4.15	23763529	97597824.00
2017/08/08	4.13	4.16	4.12	4.13	24682639	102141808.00
2017/08/09	4.12	4.13	4.04	4.07	33073191	134786976.00
2017/08/10	4.08	4.10	4.01	4.03	25675250	104209192.00
2017/08/11	4.01	4.01	3.91	3.93	32335558	127716800.00
2017/08/14	3.92	4.01	3.92	3.98	15371785	61077216.00
2017/08/15	4.01	4.03	3.99	4.02	13596970	54530280.00
2017/08/16	4.05	4.05	3.96	3.97	11985100	47796392.00
2017/08/17	3.97	4.02	3.96	4.00	10867895	43436616.00
2017/08/18	3.99	4.08	3.95	4.06	29556772	119098808.00
2017/08/21	4.05	4.06	4.01	4.04	15714138	63378728.00
2017/08/22	4.05	4.06	3.99	4.00	14458400	57925432.00
2017/08/23	4.00	4.03	3.99	4.00	8626735	34530268.00
2017/08/24	3.99	4.01	3.93	3.94	11543475	45772928.00
2017/08/25	3.94	4.01	3.93	3.99	13081725	52131336.00
2017/08/28	4.00	4.03	3.99	4.01	13585550	54555592.00
2017/08/29	4.02	4.11	4.00	4.10	32234989	130708472.00
2017/08/30	4.08	4.11	4.04	4.08	24906080	101486808.00
2017/08/31	4.09	4.09	4.03	4.05	17473741	70837792.00
2017/09/01	4.05	4.08	4.03	4.06	21685659	87996080.00
2017/09/04	4.08	4.09	3.98	4.01	26334693	105969792.00
2017/09/05	4.00	4.02	3.99	4.01	11431500	45828316.00
2017/09/06	4.00	4.01	3.96	3.97	18688546	74302128.00
2017/09/07	3.98	4.00	3.97	3.98	12922123	51436552.00
2017/09/08	3.98	4.03	3.97	4.01	15568150	62331236.00
2017/09/11	4.01	4.02	3.98	4.01	10980700	43898768.00
2017/09/12	4.01	4.01	3.98	3.99	12210874	48702120.00
2017/09/13	3.98	3.99	3.95	3.97	15401345	61061688.00
2017/09/14	3.96	3.97	3.93	3.94	12135191	47855660.00
2017/09/15	3.93	3.96	3.93	3.95	10095152	39831880.00
2017/09/18	3.95	3.97	3.94	3.95	12350170	48834012.00
2017/09/19	3.94	3.95	3.93	3.93	9989701	39378740.00
2017/09/20	3.94	3.95	3.92	3.94	9184851	36120368.00
2017/09/21	3.94	3.94	3.91	3.91	11234351	44071144.00
2017/09/22	3.90	3.91	3.82	3.89	20729154	80065600.00
2017/09/25	3.87	3.88	3.83	3.84	11370435	43818772.00
2017/09/26	3.84	3.88	3.83	3.88	11069123	42602504.00
2017/09/27	3.88	3.91	3.86	3.89	9338265	36324992.00
2017/09/28	3.89	3.90	3.85	3.85	5858540	22630918.00
2017/09/29	3.86	3.88	3.85	3.86	5982500	23102368.00
2017/10/09	3.89	3.96	3.89	3.93	18041251	70699600.00
2017/10/10	3.93	3.93	3.90	3.92	8034968	31491066.00
2017/10/11	3.92	3.94	3.91	3.92	7354042	28879500.00
2017/10/12	3.92	3.92	3.86	3.89	13467697	52344328.00
2017/10/13	3.89	3.90	3.87	3.90	7903451	30715692.00
2017/10/16	3.90	3.90	3.83	3.85	12488801	48218812.00
2017/10/17	3.85	3.86	3.83	3.85	5399710	20782144.00
2017/10/18	3.85	3.87	3.83	3.85	7423851	28577936.00
2017/10/19	3.84	3.86	3.83	3.84	10373850	39872224.00
2017/10/20	3.84	3.88	3.84	3.88	8790652	33949112.00
2017/10/23	3.88	3.89	3.83	3.87	10692421	41278024.00
2017/10/24	3.86	3.87	3.84	3.85	8204000	31568964.00
2017/10/25	3.85	3.87	3.84	3.86	5761651	22217940.00
2017/10/26	3.86	3.89	3.84	3.86	9067600	35082184.00
2017/10/27	3.87	3.89	3.86	3.89	9915785	38431304.00
2017/10/30	3.88	3.89	3.79	3.81	14083045	53905432.00
2017/10/31	3.81	3.85	3.80	3.84	8146228	31149056.00
2017/11/01	3.83	3.85	3.81	3.82	8230459	31509262.00
2017/11/02	3.83	3.83	3.78	3.78	7921650	30112848.00
2017/11/03	3.78	3.79	3.71	3.74	14464024	54187552.00
2017/11/06	3.74	3.76	3.72	3.75	8158043	30543062.00
2017/11/07	3.75	3.79	3.74	3.78	8710795	32822694.00
2017/11/08	3.78	3.81	3.76	3.79	9513650	36038996.00
2017/11/09	3.78	3.79	3.75	3.78	7421460	27978404.00
2017/11/10	3.78	3.78	3.73	3.75	7993702	29969492.00
2017/11/13	3.75	3.75	3.70	3.72	12170831	45365064.00
2017/11/14	3.72	3.73	3.71	3.72	9103403	33881124.00
2017/11/15	3.73	3.76	3.72	3.73	7158172	26767310.00
2017/11/16	3.73	3.75	3.72	3.73	5955174	22221690.00
2017/11/17	3.72	3.73	3.63	3.65	12237290	44965300.00
2017/11/20	3.64	3.66	3.61	3.65	11775370	42814084.00
2017/11/21	3.64	3.66	3.62	3.65	8645200	31491596.00
2017/11/22	3.65	3.69	3.64	3.68	7579765	27797162.00
2017/11/23	3.68	3.69	3.62	3.63	10196400	37271596.00
2017/11/24	3.62	3.66	3.62	3.66	6623383	24118292.00
2017/11/27	3.66	3.66	3.64	3.64	4629593	16877914.00
2017/11/28	3.65	3.67	3.64	3.67	4931958	18025732.00
2017/11/29	3.66	3.67	3.63	3.66	7404414	27006242.00
2017/11/30	3.65	3.67	3.65	3.66	6516678	23827212.00
2017/12/01	3.66	3.68	3.64	3.68	6483818	23744492.00
2017/12/04	3.67	3.69	3.66	3.67	8220033	30209748.00
2017/12/05	3.67	3.68	3.62	3.63	7627152	27812716.00
2017/12/06	3.63	3.64	3.60	3.64	6145422	22250924.00
2017/12/07	3.63	3.67	3.62	3.66	8155750	29792660.00
2017/12/08	3.65	3.71	3.64	3.70	11293029	41621100.00
2017/12/11	3.69	3.72	3.68	3.71	6976294	25833848.00
2017/12/12	3.71	3.74	3.69	3.71	6077750	22580814.00
2017/12/13	3.70	3.74	3.69	3.71	3548550	13191274.00
2017/12/14	3.72	3.77	3.72	3.76	10636577	39927824.00
2017/12/15	3.75	3.77	3.64	3.67	20613376	75915960.00
2017/12/18	3.66	3.66	3.62	3.65	11812364	42968184.00
2017/12/19	3.64	3.67	3.64	3.67	4415307	16142169.00
2017/12/20	3.67	3.67	3.62	3.63	6004600	21854840.00
2017/12/21	3.62	3.64	3.60	3.62	10371701	37484336.00
2017/12/22	3.60	3.62	3.60	3.61	5733926	20691396.00
2017/12/25	3.60	3.62	3.60	3.61	5639089	20358344.00
2017/12/26	3.60	3.64	3.60	3.63	5486117	19872722.00
2017/12/27	3.63	3.65	3.62	3.62	5666490	20607798.00
2017/12/28	3.63	3.67	3.61	3.65	9314394	33953228.00
2017/12/29	3.64	3.66	3.63	3.65	4607437	16802316.00
2018/01/02	3.65	3.69	3.64	3.69	9215728	33797336.00
2018/01/03	3.68	3.69	3.67	3.68	7891544	29063744.00
2018/01/04	3.68	3.71	3.67	3.69	9355731	34545296.00
2018/01/05	3.69	3.71	3.67	3.70	10666341	39354520.00
2018/01/08	3.70	3.70	3.67	3.70	13598251	50119088.00
2018/01/09	3.69	3.70	3.68	3.69	9587550	35379688.00
2018/01/10	3.69	3.70	3.67	3.68	7152600	26350396.00
2018/01/11	3.68	3.69	3.67	3.68	4917146	18091476.00
2018/01/12	3.69	3.71	3.68	3.69	10186860	37663180.00
2018/01/15	3.68	3.69	3.67	3.67	7857615	28927272.00
2018/01/16	3.67	3.68	3.65	3.67	11065151	40506256.00
2018/01/17	3.67	3.77	3.66	3.74	22742354	84565768.00
2018/01/18	3.73	3.75	3.71	3.73	9129445	34030744.00
2018/01/19	3.74	3.77	3.73	3.74	15213535	57057632.00
2018/01/22	3.75	3.81	3.74	3.81	20334931	76977512.00
2018/01/23	3.81	3.81	3.77	3.79	11148568	42225240.00
2018/01/24	3.80	3.84	3.78	3.84	18052943	69036376.00
2018/01/25	3.83	3.85	3.81	3.81	15866756	60750116.00
2018/01/26	3.80	3.84	3.80	3.84	10079875	38538280.00
2018/01/29	3.83	3.86	3.79	3.81	12726801	48750112.00
2018/01/30	3.80	3.82	3.78	3.79	7755900	29496454.00
2018/01/31	3.77	3.79	3.74	3.75	8959589	33722056.00
2018/02/01	3.76	3.77	3.64	3.68	15477900	57445736.00
2018/02/02	3.68	3.72	3.62	3.71	14190281	52000396.00
2018/02/05	3.69	3.71	3.65	3.70	12766982	46932400.00
2018/02/06	3.67	3.68	3.58	3.58	14442600	52599404.00
2018/02/07	3.63	3.64	3.55	3.56	10008747	36049884.00
2018/02/08	3.59	3.60	3.56	3.57	7135401	25508640.00
2018/02/09	3.54	3.55	3.35	3.41	16922628	58566032.00
2018/02/12	3.42	3.47	3.42	3.45	5891331	20327344.00
2018/02/13	3.47	3.51	3.46	3.47	5348475	18647064.00
2018/02/14	3.49	3.49	3.46	3.49	3863871	13419536.00
2018/02/22	3.51	3.53	3.50	3.52	5200315	18275916.00
2018/02/23	3.52	3.54	3.51	3.54	5035364	17743824.00
2018/02/26	3.54	3.58	3.51	3.57	7658186	27121868.00
2018/02/27	3.57	3.57	3.53	3.53	4246150	15040563.00
2018/02/28	3.53	3.54	3.52	3.54	3582030	12637780.00
2018/03/01	3.52	3.55	3.52	3.54	3985090	14082389.00
2018/03/02	3.53	3.54	3.52	3.53	3361502	11867726.00
2018/03/05	3.53	3.55	3.53	3.54	3048600	10795557.00
2018/03/06	3.54	3.57	3.53	3.57	5067401	18001388.00
2018/03/07	3.57	3.62	3.56	3.61	10287051	37081632.00
2018/03/08	3.60	3.62	3.59	3.62	3498015	12595319.00
2018/03/09	3.62	3.63	3.60	3.62	4102202	14833104.00
2018/03/12	3.62	3.64	3.62	3.64	3760145	13650817.00
2018/03/13	3.64	3.64	3.58	3.58	6341000	22830844.00
2018/03/14	3.59	3.60	3.56	3.57	3775700	13492231.00
2018/03/15	3.56	3.57	3.55	3.56	3041970	10822364.00
2018/03/16	3.55	3.58	3.55	3.55	3139800	11190819.00
2018/03/19	3.56	3.57	3.53	3.53	4060402	14412290.00
2018/03/20	3.51	3.54	3.51	3.53	2768550	9746017.00
2018/03/21	3.53	3.69	3.53	3.58	11215946	40411680.00
2018/03/22	3.56	3.58	3.54	3.57	5382040	19149330.00
2018/03/23	3.52	3.53	3.42	3.43	9448000	32846852.00
2018/03/26	3.43	3.45	3.38	3.45	4794673	16396897.00
2018/03/27	3.47	3.52	3.46	3.50	5143160	17980996.00
2018/03/28	3.48	3.49	3.46	3.46	3284564	11390558.00
2018/03/29	3.48	3.50	3.46	3.49	2960526	10313511.00
2018/03/30	3.49	3.51	3.47	3.49	3687116	12856720.00
2018/04/02	3.49	3.50	3.44	3.47	5390879	18709492.00
2018/04/03	3.43	3.46	3.43	3.45	3305095	11380787.00
2018/04/04	3.46	3.47	3.43	3.45	4132103	14240166.00
2018/04/09	3.44	3.45	3.42	3.43	3686200	12654043.00
2018/04/10	3.44	3.46	3.43	3.45	3466239	11945054.00
2018/04/11	3.45	3.49	3.45	3.47	4245636	14731950.00
2018/04/12	3.48	3.48	3.45	3.46	2723468	9438881.00
2018/04/13	3.47	3.48	3.44	3.45	2877000	9933290.00
2018/04/16	3.45	3.50	3.45	3.46	5805687	20157300.00
2018/04/17	3.47	3.47	3.41	3.43	6613120	22720860.00
2018/04/18	3.45	3.45	3.42	3.44	3830192	13130794.00
2018/04/19	3.44	3.47	3.43	3.46	3345225	11535148.00
2018/04/20	3.45	3.45	3.41	3.41	3952494	13547832.00
2018/04/23	3.40	3.43	3.39	3.41	4367844	14883710.00
2018/04/24	3.41	3.47	3.41	3.45	6957023	23981244.00
2018/04/25	3.45	3.47	3.43	3.46	4685801	16173315.00
数据来源:通达信
