600057 象屿股份 日线 不复权
      日期	    开盘	    最高	    最低	    收盘	    成交量	    成交额
2017/03/27	11.16	11.29	11.13	11.19	8664436	97171168.00
2017/03/28	11.16	11.18	10.99	11.02	7226323	79897648.00
2017/03/29	11.02	11.58	10.98	11.28	18393771	207381136.00
2017/03/30	11.20	11.40	11.04	11.08	12929117	144738080.00
2017/03/31	11.02	11.18	11.00	11.05	6294175	69638472.00
2017/04/05	11.05	11.21	11.00	11.18	5987738	66810736.00
2017/04/06	11.13	11.39	11.12	11.38	8650574	97900248.00
2017/04/07	11.38	11.38	11.23	11.34	6313514	71313512.00
2017/04/10	11.26	11.34	11.04	11.06	7671667	85540864.00
2017/04/11	11.04	11.19	10.91	11.18	7695924	85049384.00
2017/04/12	11.13	11.69	11.07	11.36	15538693	177073408.00
2017/04/13	11.36	11.36	11.20	11.34	7230262	81471272.00
2017/04/14	11.34	11.34	11.09	11.11	7098884	79394800.00
2017/04/17	11.05	11.19	10.74	10.87	8795295	96313072.00
2017/04/18	10.84	10.91	10.70	10.73	7312410	78748960.00
2017/04/19	10.71	10.80	10.46	10.61	5919255	62672592.00
2017/04/20	10.62	10.77	10.61	10.69	3833558	40918320.00
2017/04/21	10.71	10.76	10.61	10.73	2962516	31683176.00
2017/04/24	10.69	10.72	10.13	10.16	8714971	89605896.00
2017/04/25	10.17	10.28	10.10	10.17	4686139	47696976.00
2017/04/26	10.23	10.32	10.18	10.26	3223962	33034052.00
2017/04/27	10.21	10.28	10.00	10.27	6012068	61161004.00
2017/04/28	10.27	10.37	10.19	10.26	4503912	46264224.00
2017/05/02	10.26	10.28	10.01	10.06	8204829	83071208.00
2017/05/03	10.06	10.18	10.03	10.16	5740957	57970316.00
2017/05/04	10.15	10.27	10.05	10.16	4640496	47303232.00
2017/05/05	10.12	10.23	10.12	10.19	4270919	43551272.00
2017/05/08	10.18	10.24	10.04	10.05	5416743	54919108.00
2017/05/09	10.06	10.12	9.90	10.00	4602926	45945220.00
2017/05/10	10.02	10.13	9.91	9.93	4531888	45463676.00
2017/05/11	9.92	9.92	9.50	9.65	5515823	53358604.00
2017/05/12	9.66	9.85	9.60	9.74	4390534	42774436.00
2017/05/15	9.74	9.85	9.74	9.76	2664628	26070202.00
2017/05/16	9.74	9.91	9.56	9.89	3731731	36352880.00
2017/05/17	9.84	10.02	9.80	9.96	4235999	42159176.00
2017/05/18	9.96	10.01	9.85	9.90	2962046	29400280.00
2017/05/19	9.94	10.00	9.87	9.91	2794573	27714440.00
2017/05/22	10.03	10.03	9.80	9.86	3597216	35703896.00
2017/05/23	9.87	9.93	9.55	9.59	3626406	35230940.00
2017/05/24	9.61	9.70	9.47	9.67	2253909	21609424.00
2017/05/25	9.68	9.78	9.52	9.73	2932531	28375740.00
2017/05/26	9.75	9.86	9.67	9.77	1967417	19263220.00
2017/05/31	9.87	9.95	9.75	9.87	4117110	40669480.00
2017/06/01	9.81	9.90	9.51	9.54	3985075	38587092.00
2017/06/02	9.55	9.67	9.47	9.67	2886378	27627480.00
2017/06/05	9.67	9.80	9.67	9.74	2845898	27714642.00
2017/06/06	9.69	9.80	9.69	9.76	1772647	17295016.00
2017/06/07	9.76	9.92	9.73	9.89	4007542	39474848.00
2017/06/08	9.91	9.92	9.81	9.86	2849738	28063548.00
2017/06/09	9.86	9.89	9.75	9.89	3463143	34040464.00
2017/06/12	9.88	9.89	9.77	9.78	3250062	31915844.00
2017/06/13	9.78	9.87	9.75	9.85	3056567	30041738.00
2017/06/14	9.85	9.90	9.78	9.81	3226410	31734566.00
2017/06/15	9.81	9.95	9.71	9.87	5011318	49400632.00
2017/06/16	9.88	10.26	9.84	10.09	7548629	75761752.00
2017/06/19	10.04	10.12	9.95	10.03	5563559	55732228.00
2017/06/20	10.03	10.22	9.99	10.05	6901824	69821760.00
2017/06/21	10.07	10.17	10.01	10.13	3027069	30584372.00
2017/06/22	10.15	10.15	9.88	9.92	3121891	31431244.00
2017/06/23	9.90	10.01	9.85	9.97	3194441	31679966.00
2017/06/26	9.98	10.19	9.98	10.17	4195268	42322000.00
2017/07/04	10.17	10.17	9.90	10.06	10631516	106074144.00
2017/07/05	9.99	9.99	9.87	9.95	7332950	72767784.00
2017/07/06	9.95	10.12	9.91	10.03	6947060	69562288.00
2017/07/07	10.00	10.05	9.94	10.02	3270801	32683488.00
2017/07/10	10.06	10.24	10.02	10.16	7247044	73578272.00
2017/07/11	10.16	10.21	10.08	10.08	5229583	53075416.00
2017/07/12	10.08	10.15	9.98	10.07	4176408	41872544.00
2017/07/13	10.06	10.06	9.96	10.01	3720200	37265460.00
2017/07/14	9.97	10.03	9.92	9.98	4014710	40037424.00
2017/07/17	9.98	10.00	9.55	9.61	6381162	62371116.00
2017/07/18	9.60	9.80	9.58	9.79	4159222	40274600.00
2017/07/19	9.78	9.96	9.73	9.94	3685039	36443596.00
2017/07/20	10.21	10.65	10.21	10.43	15147464	158093312.00
2017/07/21	10.35	10.78	10.27	10.58	16632289	176141984.00
2017/07/24	10.54	11.40	10.50	10.94	25461148	280172320.00
2017/07/25	10.85	10.91	10.61	10.69	11560708	123953112.00
2017/07/26	10.66	11.00	10.58	10.89	15562210	168483024.00
2017/07/27	10.88	10.88	10.54	10.75	8059617	86429544.00
2017/07/28	10.75	11.00	10.65	10.89	10420696	113547232.00
2017/07/31	10.80	11.11	10.70	11.07	12875361	141159440.00
2017/08/01	11.09	11.13	10.78	10.85	12663653	138455056.00
2017/08/02	10.94	10.96	10.76	10.80	7915944	85821280.00
2017/08/03	10.72	10.85	10.72	10.80	6465441	69806496.00
2017/08/04	10.77	11.04	10.65	10.74	9620442	104018840.00
2017/08/07	10.74	10.95	10.60	10.94	8220274	88932888.00
2017/08/08	10.95	11.20	10.94	10.98	10625629	117649368.00
2017/08/09	10.95	10.99	10.73	10.88	6256468	67870672.00
2017/08/10	10.82	10.90	10.72	10.79	4159548	44924904.00
2017/08/11	10.70	10.75	10.52	10.55	5263526	55923448.00
2017/08/14	10.50	10.99	10.50	10.94	7521755	81431568.00
2017/08/15	10.90	11.04	10.81	10.85	4529310	49444688.00
2017/08/16	10.82	10.90	10.70	10.77	4007242	43116416.00
2017/08/17	10.76	11.14	10.72	11.00	10850129	119059928.00
2017/08/18	10.91	11.25	10.90	11.14	17540803	195514576.00
2017/08/21	11.14	11.32	11.01	11.25	13093712	146010992.00
2017/08/22	11.20	11.32	10.99	11.04	10058094	111654880.00
2017/08/23	11.05	11.08	10.78	10.80	8330926	90410392.00
2017/08/24	10.83	10.96	10.72	10.82	6501265	70293304.00
2017/08/25	10.80	10.88	10.72	10.84	6066460	65626416.00
2017/08/28	10.87	11.04	10.81	11.03	9321723	102105120.00
2017/08/29	11.06	11.80	11.00	11.63	39034268	444312288.00
2017/08/30	11.63	11.63	11.22	11.33	24584950	278385984.00
2017/08/31	11.32	11.32	11.15	11.27	11872319	133374440.00
2017/09/01	11.27	11.30	11.09	11.21	11720701	130719544.00
2017/09/04	11.27	11.27	10.97	10.98	14667301	162118576.00
2017/09/05	10.97	11.04	10.81	10.86	11639600	126880904.00
2017/09/06	10.85	10.85	10.62	10.74	9275243	99348288.00
2017/09/07	10.74	10.81	10.60	10.64	7200415	77087760.00
2017/09/08	10.64	10.75	10.62	10.68	6903926	73729320.00
2017/09/11	10.70	10.71	10.56	10.61	8083350	85741296.00
2017/09/12	10.65	10.65	10.43	10.50	9746886	102627512.00
2017/09/13	10.53	10.54	10.44	10.52	4477419	47001580.00
2017/09/14	10.55	10.63	10.52	10.61	5394115	57153328.00
2017/09/15	10.62	10.63	10.45	10.46	5308900	55787868.00
2017/09/18	10.46	10.53	10.44	10.51	3758500	39399348.00
2017/09/19	10.51	10.63	10.49	10.59	6564229	69382344.00
2017/09/20	10.62	10.62	10.48	10.52	5400080	56778232.00
2017/09/21	10.52	10.53	10.40	10.40	5934986	62038624.00
2017/09/22	10.40	10.40	10.14	10.21	7191150	73549088.00
2017/09/25	10.21	10.21	10.01	10.03	4055617	40979292.00
2017/09/26	10.01	10.13	9.97	10.10	5052911	50646968.00
2017/09/27	10.09	10.17	10.05	10.14	2708121	27429432.00
2017/09/28	10.14	10.30	10.08	10.19	4049108	41295056.00
2017/09/29	10.19	10.28	10.14	10.21	2625762	26815388.00
2017/10/09	10.28	10.40	10.22	10.34	4054691	41799800.00
2017/10/10	10.34	10.49	10.32	10.43	5661587	58920216.00
2017/10/11	10.43	10.46	10.27	10.43	5236410	54203776.00
2017/10/12	10.42	10.47	10.22	10.28	4148388	42918604.00
2017/10/13	10.24	10.58	10.24	10.53	11295540	118591232.00
2017/10/16	10.50	10.65	10.50	10.56	9255697	98107984.00
2017/10/17	10.50	10.74	10.49	10.67	8361215	88991464.00
2017/10/18	10.61	10.71	10.44	10.48	5987700	63444632.00
2017/10/19	10.48	10.69	10.41	10.43	4337670	45716976.00
2017/10/20	10.70	10.76	10.55	10.73	9368721	99949048.00
2017/10/23	10.70	10.74	10.58	10.63	6276565	66719632.00
2017/10/24	10.55	10.63	10.40	10.48	4529907	47418408.00
2017/10/25	10.48	10.48	10.30	10.39	4953590	51328372.00
2017/10/26	10.40	10.46	10.33	10.43	4535607	47190420.00
2017/10/27	10.41	10.45	10.25	10.25	6333660	65248816.00
2017/10/30	10.25	10.31	9.97	10.06	7048870	71199984.00
2017/10/31	10.06	10.17	10.02	10.16	3928503	39721456.00
2017/11/01	10.16	10.24	10.12	10.15	4634587	47207608.00
2017/11/02	10.15	10.15	10.05	10.05	3387211	34160900.00
2017/11/03	10.05	10.09	9.97	10.00	3927225	39346576.00
2017/11/06	10.00	10.07	9.95	10.05	4235178	42429084.00
2017/11/07	10.01	10.09	10.00	10.08	3735858	37534204.00
2017/11/08	10.05	10.08	9.98	10.02	4764469	47744788.00
2017/11/09	10.00	10.00	9.87	9.90	5555542	55141556.00
2017/11/10	9.86	10.03	9.81	10.01	6461804	64033088.00
2017/11/13	10.05	10.07	9.82	9.87	5886733	58242508.00
2017/11/14	9.88	9.88	9.68	9.69	5828316	56732456.00
2017/11/15	9.72	9.78	9.62	9.63	3420483	33162760.00
2017/11/16	9.65	9.68	9.56	9.62	4934456	47475828.00
2017/11/17	9.63	9.72	9.39	9.45	5625500	53675420.00
2017/11/20	9.41	9.49	9.22	9.40	3420395	31988444.00
2017/11/21	9.43	9.44	9.25	9.37	5722908	53503528.00
2017/11/22	9.37	9.42	9.27	9.41	3956002	36941952.00
2017/11/23	9.39	9.40	9.18	9.34	5330539	49439864.00
2017/11/24	9.22	9.29	9.20	9.22	3418867	31566168.00
2017/11/27	9.22	9.22	8.99	9.01	4933287	44750368.00
2017/11/28	9.00	9.12	8.96	9.11	3158868	28624588.00
2017/11/29	9.11	9.11	8.99	9.04	4501837	40736688.00
2017/11/30	9.07	9.24	9.02	9.04	4484302	40903236.00
2017/12/01	9.04	9.20	9.04	9.14	4662757	42531120.00
2017/12/04	9.17	9.21	9.09	9.10	3109030	28440412.00
2017/12/05	9.07	9.13	8.81	8.94	3679770	33014340.00
2017/12/06	8.92	8.98	8.61	8.86	5129440	45132220.00
2017/12/07	8.86	8.92	8.77	8.87	2337498	20711296.00
2017/12/08	8.88	8.97	8.80	8.97	2926994	26033930.00
2017/12/11	8.95	9.13	8.93	9.10	5389894	48863512.00
2017/12/12	9.10	9.14	8.88	8.91	4956831	44451296.00
2017/12/13	8.90	9.00	8.82	8.96	2565765	22894076.00
2017/12/14	8.95	9.00	8.83	8.88	3188592	28397796.00
2017/12/15	8.88	8.98	8.57	8.67	8784625	76724624.00
2017/12/18	8.68	8.68	7.94	7.99	23868000	195575856.00
2017/12/19	8.05	8.30	7.90	8.28	27781738	224610144.00
2017/12/28	8.01	8.04	7.72	7.92	13729154	108151664.00
2017/12/29	7.87	8.14	7.85	8.09	9711581	77594720.00
2018/01/02	8.09	8.10	7.96	8.03	6949669	55612208.00
2018/01/03	8.02	8.14	7.98	8.12	7913381	63901040.00
2018/01/04	8.10	8.14	8.05	8.09	5273211	42600840.00
2018/01/05	8.09	8.15	8.05	8.11	6560465	53151984.00
2018/01/08	8.11	8.15	7.96	8.13	10799667	87026696.00
2018/01/09	8.10	8.13	8.06	8.09	7067759	57195072.00
2018/01/10	8.08	8.11	7.97	8.03	6811536	54675408.00
2018/01/11	8.01	8.07	7.93	8.04	5445881	43619828.00
2018/01/12	8.09	8.14	8.02	8.03	5113333	41247592.00
2018/01/15	8.06	8.70	7.97	8.22	19623044	162163504.00
2018/01/16	8.23	8.34	8.11	8.29	11017428	90707080.00
2018/01/17	8.28	8.32	8.19	8.27	6544445	54055600.00
2018/01/18	8.26	8.33	8.21	8.29	5397995	44621084.00
2018/01/19	8.35	8.37	8.19	8.21	10121958	83529032.00
2018/01/22	8.30	8.30	8.12	8.25	6070189	49945800.00
2018/01/23	8.25	8.28	8.19	8.24	5582720	45993460.00
2018/01/24	8.26	8.33	8.22	8.30	7667280	63446912.00
2018/01/25	8.27	8.58	8.23	8.47	14555934	123106760.00
2018/01/26	8.46	9.22	8.41	8.95	26762525	239662304.00
2018/01/29	8.95	9.06	8.80	8.94	13624774	121958944.00
2018/01/30	8.86	9.14	8.85	9.00	10128376	91343968.00
2018/01/31	9.00	9.05	8.85	8.87	8158610	72942032.00
2018/02/01	8.85	8.93	8.47	8.49	8927467	77406264.00
2018/02/02	8.51	8.68	8.28	8.61	6055168	51632644.00
2018/02/05	8.63	8.74	8.50	8.58	5980325	51476008.00
2018/02/06	8.50	8.50	7.72	7.89	19794300	158227808.00
2018/02/07	8.00	8.07	7.76	7.92	6665470	52970136.00
2018/02/08	7.93	8.04	7.82	7.92	5087727	40328536.00
2018/02/09	7.75	7.80	7.25	7.38	10611354	79579008.00
2018/02/12	7.42	7.74	7.42	7.66	6118610	46465408.00
2018/02/13	7.67	7.79	7.67	7.72	3656910	28321224.00
2018/02/14	7.68	7.83	7.66	7.73	3193925	24686990.00
2018/02/22	7.73	7.99	7.73	7.91	4041056	31924988.00
2018/02/23	7.96	7.96	7.81	7.90	3893453	30678692.00
2018/02/26	8.07	8.28	8.07	8.26	10777049	88222880.00
2018/02/27	8.26	8.36	8.14	8.24	5495844	45337808.00
2018/02/28	8.14	8.33	8.13	8.27	3982995	32827858.00
2018/03/01	8.20	8.32	8.15	8.28	4113434	34014272.00
2018/03/02	8.28	8.64	8.27	8.54	11867092	101049584.00
2018/03/05	8.58	8.71	8.52	8.55	6479945	55746640.00
2018/03/06	8.55	8.59	8.40	8.56	5828958	49436292.00
2018/03/07	8.52	8.64	8.52	8.63	5483414	47124640.00
2018/03/08	8.56	8.63	8.51	8.57	4399058	37664032.00
2018/03/09	8.58	8.88	8.57	8.76	10074544	88174184.00
2018/03/12	8.76	9.07	8.75	8.82	9322144	83147176.00
2018/03/13	8.84	8.98	8.66	8.67	7543461	66358288.00
2018/03/14	8.65	8.78	8.52	8.52	6992065	60146752.00
2018/03/15	8.32	8.46	8.28	8.32	10346637	86555832.00
2018/03/16	8.27	8.50	8.27	8.41	5652939	47698028.00
2018/03/19	8.36	8.50	8.35	8.43	3987084	33595964.00
2018/03/20	8.37	8.43	8.31	8.35	4526736	37809060.00
2018/03/21	8.34	8.46	8.28	8.29	4713462	39412988.00
2018/03/22	8.28	8.40	8.00	8.08	7473898	61014700.00
2018/03/23	7.98	8.05	7.56	7.65	9040603	70781088.00
2018/03/26	7.65	7.97	7.54	7.88	4383614	34080336.00
2018/03/27	7.92	8.18	7.92	8.06	6002903	48313724.00
2018/03/28	7.87	8.05	7.85	7.95	3852338	30621180.00
2018/03/29	8.00	8.08	7.92	8.02	3324015	26572332.00
2018/03/30	8.04	8.15	7.96	8.07	4215902	33877800.00
2018/04/02	8.01	8.29	7.92	8.26	9212916	75379632.00
2018/04/03	8.18	8.35	8.13	8.25	5563043	45908364.00
2018/04/04	8.32	8.32	8.16	8.24	4277586	35133820.00
2018/04/09	8.17	8.19	7.93	8.09	4695550	38023316.00
2018/04/10	8.07	8.20	8.07	8.19	3786855	30923410.00
2018/04/11	8.17	8.25	8.14	8.21	4136503	33854032.00
2018/04/12	8.20	8.22	8.09	8.19	4290922	35014864.00
2018/04/13	8.23	8.23	8.08	8.14	2617059	21311940.00
2018/04/16	8.22	8.53	8.18	8.46	10679264	89937944.00
2018/04/17	8.38	8.43	8.09	8.17	6260340	51668364.00
2018/04/18	8.23	8.27	7.98	8.12	5148010	41620928.00
2018/04/19	8.12	8.17	8.06	8.12	3953787	32090348.00
2018/04/20	8.12	8.13	7.90	7.91	3536164	28380168.00
2018/04/23	7.91	8.06	7.78	7.86	3367073	26627278.00
2018/04/24	8.08	8.22	8.08	8.16	6634872	54212292.00
2018/04/25	8.08	8.27	8.08	8.22	4530938	37139900.00
数据来源:通达信
