600055 万东医疗 日线 不复权
      日期	    开盘	    最高	    最低	    收盘	    成交量	    成交额
2017/03/27	17.17	17.23	17.08	17.16	2069592	35507036.00
2017/03/28	17.15	17.29	17.10	17.26	2146579	36924672.00
2017/03/29	17.28	17.29	17.04	17.05	1971171	33846056.00
2017/03/30	17.08	17.41	16.86	16.88	4177636	71828400.00
2017/03/31	16.99	16.99	16.57	16.76	2243497	37598392.00
2017/04/05	16.95	17.63	16.80	17.60	5523460	95540344.00
2017/04/06	17.51	17.73	17.43	17.56	4196519	73854368.00
2017/04/07	17.56	18.19	17.42	18.12	6803044	121707640.00
2017/04/20	18.38	18.40	17.50	17.80	10276620	183952160.00
2017/04/21	17.88	18.59	17.84	17.99	4885796	88941584.00
2017/04/24	17.65	17.75	16.89	17.26	3738680	65004388.00
2017/04/25	17.25	17.49	17.12	17.42	1888608	32678552.00
2017/04/26	17.18	17.75	17.10	17.67	2055251	36032840.00
2017/04/27	17.68	18.13	17.30	18.05	2899828	51247520.00
2017/04/28	17.90	18.23	17.85	17.98	1569793	28270232.00
2017/05/02	17.96	18.15	17.76	17.82	1431401	25620778.00
2017/05/03	17.93	18.12	17.78	17.99	1907082	34334728.00
2017/05/04	17.99	18.05	17.50	17.69	1987136	35335672.00
2017/05/05	17.68	17.81	17.45	17.56	1246400	21972556.00
2017/05/08	17.68	17.79	17.25	17.28	1146077	20155084.00
2017/05/09	17.29	17.95	17.01	17.63	2193528	38371312.00
2017/05/10	17.52	17.88	17.16	17.39	3305267	57938648.00
2017/05/11	17.34	17.43	16.51	17.16	2076759	35447792.00
2017/05/12	17.16	17.30	16.78	16.96	1529333	25977472.00
2017/05/15	17.10	17.19	16.88	16.94	1096846	18656528.00
2017/05/16	17.08	17.22	16.76	17.19	2958710	50085180.00
2017/05/17	17.06	17.28	16.90	16.93	3332802	56773708.00
2017/05/18	16.88	17.01	16.54	16.62	2584789	43282796.00
2017/05/19	16.60	16.73	16.43	16.72	1309744	21703000.00
2017/05/22	16.68	16.70	16.32	16.49	1524505	25215180.00
2017/05/23	16.49	16.66	16.12	16.21	1608580	26473388.00
2017/05/24	16.18	16.22	15.75	16.03	2249500	36023900.00
2017/05/25	15.99	16.10	15.79	15.92	2032958	32390306.00
2017/05/26	15.98	16.25	15.95	16.03	2027759	32576332.00
2017/05/31	16.23	16.35	15.90	15.91	1287620	20710938.00
2017/06/01	16.00	16.08	15.69	15.70	1413493	22410614.00
2017/06/02	11.17	11.36	10.90	11.09	2292804	25499098.00
2017/06/05	11.05	11.61	11.01	11.54	4779180	54068508.00
2017/06/06	11.45	11.79	11.34	11.59	3560122	41312072.00
2017/06/07	11.64	12.00	11.57	11.90	5862695	68912592.00
2017/06/08	11.89	12.03	11.71	11.82	3112745	36967600.00
2017/06/09	11.89	12.06	11.75	11.91	1638028	19496880.00
2017/06/12	11.85	11.95	11.61	11.67	1803538	21204412.00
2017/06/13	11.66	11.99	11.55	11.82	1717853	20328144.00
2017/06/14	11.82	11.94	11.62	11.67	1201216	14090498.00
2017/06/15	11.71	12.00	11.62	11.94	2565064	30550804.00
2017/06/16	11.95	11.95	11.79	11.84	1532628	18147380.00
2017/06/19	11.86	12.05	11.84	12.01	3480308	41629140.00
2017/06/20	12.01	12.11	11.80	11.93	2573916	30741624.00
2017/06/21	11.98	12.04	11.80	11.88	3107388	36967244.00
2017/06/22	11.91	12.13	11.68	11.74	4164778	49665132.00
2017/06/23	11.75	12.35	11.75	12.18	7965783	95938800.00
2017/06/26	12.20	12.55	12.18	12.48	6448090	79796304.00
2017/06/27	12.40	12.60	12.31	12.58	2944281	36727876.00
2017/06/28	12.53	12.70	12.34	12.59	3601496	45176292.00
2017/06/29	12.58	12.98	12.41	12.67	3630558	46277824.00
2017/06/30	12.63	12.76	12.38	12.60	3785984	47371080.00
2017/07/03	12.48	12.86	12.11	12.71	4695565	59032652.00
2017/07/04	12.53	12.86	12.53	12.76	5606328	71338136.00
2017/07/05	12.80	12.90	12.70	12.79	2781026	35656520.00
2017/07/06	12.86	12.89	12.66	12.79	2221292	28417814.00
2017/07/07	12.73	12.83	12.61	12.78	1732927	22070784.00
2017/07/10	12.72	12.80	12.54	12.69	2885143	36463008.00
2017/07/11	12.70	12.73	12.57	12.69	1219432	15411335.00
2017/07/12	13.00	13.35	12.60	12.99	9443672	121725912.00
2017/07/13	12.98	12.98	12.57	12.72	5000986	63389120.00
2017/07/14	12.60	12.82	12.48	12.76	3772033	47891376.00
2017/07/17	12.05	12.10	11.48	11.80	13564500	159483488.00
2017/07/18	11.55	11.95	11.55	11.91	4580679	53637384.00
2017/07/19	11.80	12.09	11.80	12.04	2295004	27521704.00
2017/07/20	12.02	12.35	11.98	12.11	4749752	57944652.00
2017/07/21	12.05	12.32	11.98	12.06	2262465	27387026.00
2017/07/24	12.01	12.14	11.87	11.92	1076643	12883509.00
2017/07/25	11.93	11.98	11.66	11.92	1960428	23098296.00
2017/07/26	11.86	11.91	11.70	11.72	948876	11179356.00
2017/07/27	11.71	11.79	11.56	11.72	1350600	15789974.00
2017/07/28	11.75	11.79	11.63	11.73	944308	11072993.00
2017/07/31	11.73	11.77	11.60	11.74	1153456	13508677.00
2017/08/01	11.73	11.80	11.63	11.66	1057244	12342534.00
2017/08/02	11.65	11.69	11.46	11.50	1425808	16439263.00
2017/08/03	11.50	11.50	11.35	11.48	1227728	14028149.00
2017/08/04	11.54	11.54	11.30	11.35	1150859	13099889.00
2017/08/07	11.35	11.44	11.23	11.29	1483369	16789500.00
2017/08/08	11.32	11.55	11.13	11.54	2034338	22976884.00
2017/08/09	11.47	11.78	11.43	11.52	2612330	30270000.00
2017/08/10	11.51	11.52	11.27	11.38	1443294	16430636.00
2017/08/11	11.50	11.52	11.33	11.36	1962220	22371872.00
2017/08/14	11.36	11.55	11.29	11.52	1971990	22636752.00
2017/08/15	11.60	11.75	11.53	11.65	2319672	27048632.00
2017/08/16	11.74	11.82	11.51	11.77	1565537	18273976.00
2017/08/17	11.80	12.47	11.67	12.35	4653798	56393424.00
2017/08/18	12.26	12.64	12.06	12.15	6028606	74462432.00
2017/08/21	12.13	12.27	11.95	12.18	3213067	38882392.00
2017/08/22	12.68	13.28	12.51	12.66	10572709	135212608.00
2017/08/23	12.56	13.57	12.55	13.07	12040673	158080656.00
2017/08/24	12.85	12.99	12.62	12.68	6764116	86274312.00
2017/08/25	12.58	12.80	12.57	12.67	2762041	34967176.00
2017/08/28	12.68	12.97	12.50	12.86	7802617	99469424.00
2017/08/29	12.90	13.74	12.81	13.24	12634062	167482592.00
2017/08/30	13.22	13.35	12.95	13.27	4643744	61143816.00
2017/08/31	13.26	13.40	12.95	13.26	6329351	83388712.00
2017/09/01	13.26	13.28	13.03	13.23	4811042	63376404.00
2017/09/04	13.27	13.38	13.05	13.12	4852027	63773616.00
2017/09/05	13.15	13.84	13.02	13.70	11957463	161956160.00
2017/09/06	13.55	14.50	13.44	14.25	13484370	187962368.00
2017/09/07	15.00	15.68	14.30	15.68	22432782	347268544.00
2017/09/08	15.92	16.20	15.22	15.68	19428401	305452608.00
2017/09/11	15.64	15.78	15.09	15.31	13525716	207239840.00
2017/09/12	15.28	16.18	15.20	15.69	16322464	256017952.00
2017/09/13	15.77	15.84	15.16	15.39	6793636	104770184.00
2017/09/14	15.30	15.67	15.15	15.27	6172167	94567488.00
2017/09/15	15.27	15.87	15.22	15.32	6965354	108012096.00
2017/09/18	15.38	16.18	15.26	16.11	10619466	168197216.00
2017/09/19	15.95	16.26	15.55	15.82	7008643	110831232.00
2017/09/20	15.70	16.15	15.58	15.74	4566356	72036256.00
2017/09/21	15.75	15.92	15.20	15.21	4704634	73413248.00
2017/09/22	15.23	15.35	14.41	14.60	10274309	151252496.00
2017/09/25	14.70	14.75	14.35	14.38	3877404	56650960.00
2017/09/26	14.39	14.73	14.38	14.61	3454574	50336404.00
2017/09/27	14.70	14.70	14.53	14.64	2579907	37715996.00
2017/09/28	14.66	15.11	14.57	15.02	4107613	60969784.00
2017/09/29	14.95	15.58	14.81	15.50	4926612	75497688.00
2017/10/09	15.73	15.75	15.24	15.36	4820785	74225360.00
2017/10/10	15.43	16.90	15.43	16.90	16613729	272809824.00
2017/10/11	17.00	17.99	16.17	16.24	28614886	489320544.00
2017/10/12	16.11	16.26	15.51	16.08	11511609	183100832.00
2017/10/13	15.95	16.37	15.75	15.82	10978731	175486480.00
2017/10/16	15.60	15.71	15.35	15.39	8792318	136385872.00
2017/10/17	15.28	15.96	15.18	15.82	7035080	110694576.00
2017/10/18	15.88	15.97	15.67	15.78	3242584	51194264.00
2017/10/19	15.73	16.35	15.60	16.25	7472769	120452040.00
2017/10/20	16.17	16.28	15.93	16.15	4114071	66089032.00
2017/10/23	16.15	16.44	16.08	16.33	5102117	82977616.00
2017/10/24	16.26	16.45	15.76	15.85	5521478	89061288.00
2017/10/25	15.78	15.98	15.68	15.81	3726259	58830092.00
2017/10/26	15.70	15.97	15.35	15.45	6228172	96539072.00
2017/10/27	15.40	15.60	15.13	15.47	3656052	56185468.00
2017/10/30	15.58	15.66	14.88	14.92	4982781	74952448.00
2017/10/31	14.90	15.36	14.89	15.12	2801311	42405816.00
2017/11/01	15.21	15.24	14.28	14.39	10934167	159625952.00
2017/11/02	14.41	14.53	14.13	14.18	4899696	70127800.00
2017/11/03	14.25	14.31	13.91	13.98	3018664	42457928.00
2017/11/06	14.02	15.06	13.74	14.69	9000350	129373864.00
2017/11/07	14.55	16.16	14.55	15.87	11471577	176717552.00
2017/11/08	16.04	16.09	15.45	15.71	7250326	113668944.00
2017/11/09	15.63	15.85	15.20	15.27	7410227	114685352.00
2017/11/10	15.42	15.90	15.23	15.66	6934337	108123144.00
2017/11/13	15.66	17.00	15.25	15.67	16984829	271475744.00
2017/11/14	16.06	17.24	15.90	16.99	27287979	453971200.00
2017/11/15	16.89	16.89	16.18	16.37	13800005	227711456.00
2017/11/16	16.80	17.60	16.50	17.36	18912893	326248192.00
2017/11/17	17.33	17.97	16.50	16.64	20643133	356657504.00
2017/11/20	16.55	18.01	16.25	17.94	18498944	319757024.00
2017/11/21	17.74	18.40	17.50	17.89	17047627	305078912.00
2017/11/22	17.89	18.30	17.12	17.60	13991019	247934688.00
2017/11/23	17.55	17.58	16.44	16.54	11771445	199228240.00
2017/11/24	16.38	16.90	16.28	16.60	6911304	114718736.00
2017/11/27	16.74	16.74	15.55	15.73	9402594	150505424.00
2017/11/28	15.76	16.26	15.56	16.23	5469983	87436008.00
2017/11/29	16.29	16.36	15.66	16.05	6050051	96212224.00
2017/11/30	16.00	16.97	15.88	16.54	10769114	178455264.00
2017/12/01	16.31	17.25	16.31	17.02	9322113	158093792.00
2017/12/04	16.93	17.27	16.76	17.05	7478560	127065848.00
2017/12/05	16.98	17.12	15.35	15.35	15322327	243530896.00
2017/12/06	14.80	15.30	14.53	14.95	10691163	158950000.00
2017/12/07	14.80	14.97	14.51	14.68	5961348	87571056.00
2017/12/08	15.05	15.67	15.05	15.30	8282381	127272888.00
2017/12/11	15.62	15.97	15.28	15.72	7658917	119690176.00
2017/12/12	15.82	15.87	15.46	15.47	3873117	60277448.00
2017/12/13	15.58	15.92	15.47	15.66	5443165	85594968.00
2017/12/14	15.61	15.79	15.30	15.58	4684888	72788528.00
2017/12/15	15.50	16.39	15.44	15.96	7569491	121402536.00
2017/12/18	15.93	16.28	15.44	15.82	6720637	106582384.00
2017/12/19	15.84	15.97	15.63	15.90	3095909	49047976.00
2017/12/20	15.77	15.89	15.60	15.66	2603428	40866296.00
2017/12/21	15.60	15.68	15.13	15.49	4035741	62460956.00
2017/12/22	15.47	15.75	15.24	15.53	3947237	61463664.00
2017/12/25	15.73	16.25	15.55	15.93	7445119	118755856.00
2017/12/26	15.87	16.40	15.75	16.27	7293424	117228840.00
2017/12/27	16.27	16.27	15.70	16.05	5609165	89685480.00
2017/12/28	15.86	16.12	15.76	15.81	3979367	63233192.00
2017/12/29	15.72	16.05	15.72	15.95	3554856	56405536.00
2018/01/02	16.00	16.10	15.62	15.84	4688036	73789224.00
2018/01/03	15.80	16.04	15.67	16.00	5332125	84866544.00
2018/01/04	16.03	16.76	15.92	16.63	11164462	184386912.00
2018/01/05	16.63	16.82	16.36	16.68	6664379	110401792.00
2018/01/08	16.65	17.01	16.44	16.75	7643830	127679736.00
2018/01/09	16.67	17.13	16.57	16.98	8162592	137889168.00
2018/01/10	16.86	16.90	16.21	16.27	7697527	126392984.00
2018/01/11	16.28	16.55	15.90	16.32	5115455	83317024.00
2018/01/12	16.27	16.46	16.01	16.10	3622190	58677800.00
2018/01/15	16.10	16.10	15.00	15.03	9161823	141329424.00
2018/01/16	15.02	15.25	14.71	14.99	5835546	87604960.00
2018/01/17	15.00	15.07	14.30	14.92	5942709	87107840.00
2018/01/18	14.82	15.07	14.80	14.90	2471331	36853372.00
2018/01/19	15.35	15.48	14.90	15.34	5068517	77283768.00
2018/01/22	15.32	16.06	15.11	15.65	5124062	79868008.00
2018/01/23	15.60	15.75	15.38	15.65	2907582	45206340.00
2018/01/24	15.58	15.80	15.32	15.53	2550987	39658504.00
2018/01/25	15.42	15.67	15.35	15.37	2904781	45015496.00
2018/01/26	15.32	15.68	15.17	15.36	2244099	34568848.00
2018/01/29	15.38	15.47	14.61	15.09	6840485	102158512.00
2018/01/30	14.86	15.05	14.75	14.91	1688933	25133532.00
2018/01/31	14.82	14.88	14.50	14.61	2123465	31108244.00
2018/02/01	14.52	14.68	13.81	13.90	3767300	53292212.00
2018/02/02	13.86	14.19	13.42	13.98	2643088	36702848.00
2018/02/05	13.80	13.95	13.53	13.80	2157617	29710436.00
2018/02/06	13.40	13.56	12.48	12.56	4772934	62018132.00
2018/02/07	12.80	13.05	12.14	12.39	2807634	35306200.00
2018/02/08	12.55	12.88	12.31	12.71	1972087	25038220.00
2018/02/09	12.28	12.65	12.03	12.27	2524292	31257604.00
2018/02/12	12.45	13.00	12.26	12.71	1925737	24324820.00
2018/02/13	12.98	13.46	12.77	12.85	3350700	43883980.00
2018/02/14	12.92	13.08	12.77	12.92	1708740	22055094.00
2018/02/22	13.05	13.15	12.90	13.07	1809975	23605632.00
2018/02/23	13.13	13.15	12.90	12.98	1839264	23878366.00
2018/02/26	13.10	13.58	13.02	13.47	3433724	45900716.00
2018/02/27	13.49	13.70	13.30	13.59	2173749	29342512.00
2018/02/28	13.39	13.75	13.22	13.50	2781563	37661212.00
2018/03/01	13.84	14.13	13.53	13.92	4678267	64645204.00
2018/03/02	13.80	14.10	13.48	13.66	3571512	49150808.00
2018/03/05	13.70	13.94	13.46	13.69	2596568	35441804.00
2018/03/06	13.72	14.50	13.60	14.39	6907240	98020224.00
2018/03/07	14.29	14.45	14.08	14.14	3444276	48933280.00
2018/03/08	14.05	14.44	14.05	14.20	2853863	40537988.00
2018/03/09	14.18	14.57	14.00	14.42	3723324	53094016.00
2018/03/12	14.78	15.25	14.62	15.01	7690626	114700080.00
2018/03/13	14.95	15.19	14.67	14.67	5349663	79589680.00
2018/03/14	14.56	14.79	14.23	14.27	4848499	70335152.00
2018/03/15	14.15	14.28	13.93	14.09	3566604	50153064.00
2018/03/16	14.45	14.52	13.95	13.97	3206744	45656868.00
2018/03/19	14.19	14.29	13.91	14.10	3486917	49314276.00
2018/03/20	13.93	14.60	13.91	14.41	5662524	81055808.00
2018/03/21	14.43	14.67	13.98	14.09	4805360	68873408.00
2018/03/22	14.18	14.24	13.68	13.73	4184045	58048256.00
2018/03/23	13.00	13.46	12.58	12.88	5580522	72967976.00
2018/03/26	12.62	13.21	12.53	13.15	3002379	38822056.00
2018/03/27	13.29	13.72	13.26	13.66	4228178	57099980.00
2018/03/28	13.50	14.04	13.35	13.62	4796049	66045296.00
2018/03/29	13.62	13.93	13.61	13.79	2719885	37467996.00
2018/03/30	13.95	13.99	13.65	13.94	4006452	55526512.00
2018/04/02	13.92	14.68	13.90	14.50	8847283	127636472.00
2018/04/03	14.27	14.83	14.26	14.65	5997556	87008392.00
2018/04/04	14.86	15.08	14.43	14.64	5473392	80533072.00
2018/04/09	14.55	15.17	14.30	15.05	7351880	109175240.00
2018/04/10	15.02	15.11	14.64	14.92	4904751	72819872.00
2018/04/11	14.95	15.04	14.70	14.73	4237440	63233024.00
2018/04/12	14.73	15.57	14.44	15.33	11877350	182000288.00
2018/04/13	16.55	16.86	15.66	15.87	31593034	519967328.00
2018/04/16	15.00	15.78	14.85	15.40	15718775	240256800.00
2018/04/17	15.43	15.70	14.46	14.52	10363325	154551536.00
2018/04/18	14.62	14.97	13.88	14.85	7405708	106586416.00
2018/04/19	14.80	15.40	14.71	15.11	6049692	91516632.00
2018/04/20	15.15	15.27	14.58	14.63	3723870	55576784.00
2018/04/23	14.63	14.89	13.80	13.97	6290864	89300880.00
2018/04/24	14.00	14.57	14.00	14.50	4791635	68934904.00
2018/04/25	14.60	14.98	14.34	14.95	7039112	102802400.00
数据来源:通达信
