600027 华电国际 日线 不复权
      日期	    开盘	    最高	    最低	    收盘	    成交量	    成交额
2017/03/27	5.04	5.06	5.02	5.05	15225016	76825232.00
2017/03/28	5.05	5.05	4.97	5.01	23381089	117129072.00
2017/03/29	5.00	5.01	4.97	4.99	28346876	141333984.00
2017/03/30	4.98	5.08	4.97	5.04	47869720	240660304.00
2017/03/31	5.03	5.11	5.00	5.04	40177027	203035520.00
2017/04/05	5.02	5.08	4.98	5.08	36381291	183320272.00
2017/04/06	5.06	5.12	5.05	5.10	40813446	207838000.00
2017/04/07	5.10	5.14	5.07	5.12	33017526	168662912.00
2017/04/10	5.11	5.16	5.10	5.13	32569356	167248384.00
2017/04/11	5.13	5.16	5.10	5.16	38372962	197346992.00
2017/04/12	5.15	5.25	5.12	5.13	47502339	246401376.00
2017/04/13	5.12	5.22	5.11	5.19	38358440	198964416.00
2017/04/14	5.19	5.25	5.12	5.15	35342439	183314560.00
2017/04/17	5.15	5.22	5.13	5.18	31494400	163324608.00
2017/04/18	5.17	5.22	5.13	5.13	24080006	125015720.00
2017/04/19	5.12	5.18	5.06	5.10	22678396	115864384.00
2017/04/20	5.07	5.13	5.04	5.07	26695471	135702400.00
2017/04/21	5.05	5.21	5.05	5.18	45038960	232468400.00
2017/04/24	5.18	5.23	5.10	5.12	27663146	142423632.00
2017/04/25	5.11	5.21	5.07	5.20	50198324	260042048.00
2017/04/26	5.18	5.20	5.12	5.16	21669583	111949256.00
2017/04/27	5.13	5.24	5.11	5.22	47814241	248446624.00
2017/04/28	5.20	5.23	5.16	5.20	18303104	95097984.00
2017/05/02	5.16	5.16	4.98	4.99	47051972	237017440.00
2017/05/03	4.99	5.00	4.73	4.76	45063925	218266352.00
2017/05/04	4.78	4.85	4.70	4.77	22520027	107792088.00
2017/05/05	4.75	4.80	4.73	4.76	15233433	72681152.00
2017/05/08	4.75	4.78	4.68	4.70	13284614	62742276.00
2017/05/09	4.73	5.00	4.70	4.92	47609622	232859040.00
2017/05/10	4.90	4.91	4.82	4.82	13392415	65162880.00
2017/05/11	4.81	4.91	4.76	4.87	14921699	72147512.00
2017/05/12	4.85	4.90	4.81	4.83	18892293	91892664.00
2017/05/15	4.84	4.89	4.83	4.86	9242971	44919456.00
2017/05/16	4.85	4.92	4.79	4.91	13602962	66122832.00
2017/05/17	4.91	4.97	4.89	4.93	14653747	72394064.00
2017/05/18	4.91	4.91	4.79	4.83	25363404	122501144.00
2017/05/19	4.81	4.87	4.78	4.84	14068983	67938640.00
2017/05/22	4.82	4.82	4.70	4.77	26769212	127031624.00
2017/05/23	4.75	4.78	4.71	4.73	10564386	50068408.00
2017/05/24	4.71	4.74	4.68	4.73	6605882	31163364.00
2017/05/25	4.74	4.81	4.71	4.77	9996606	47510992.00
2017/05/26	4.78	4.87	4.77	4.84	12286822	59300448.00
2017/05/31	4.88	4.93	4.84	4.85	5197655	25253160.00
2017/06/01	4.84	4.90	4.84	4.85	11269984	54881080.00
2017/06/02	4.81	4.92	4.78	4.91	19162449	93559272.00
2017/06/05	5.01	5.11	5.00	5.09	43986765	223220384.00
2017/06/06	5.06	5.15	5.00	5.10	29663438	150327392.00
2017/06/07	5.10	5.13	5.03	5.07	20513755	103896280.00
2017/06/08	5.07	5.07	5.00	5.02	12586399	63184784.00
2017/06/09	5.02	5.04	4.98	5.00	12514105	62609832.00
2017/06/12	4.98	5.01	4.93	4.95	15823382	78649792.00
2017/06/13	4.94	5.01	4.93	4.97	8908382	44180456.00
2017/06/14	4.97	4.97	4.89	4.92	12887263	63442276.00
2017/06/15	4.91	4.93	4.88	4.90	13140702	64379552.00
2017/06/16	4.90	4.92	4.84	4.84	10806100	52646428.00
2017/06/19	4.84	4.86	4.82	4.85	14382805	69581856.00
2017/06/20	4.85	4.85	4.78	4.81	24355335	117007008.00
2017/06/21	4.81	4.83	4.78	4.83	16016465	76987952.00
2017/06/22	4.87	4.98	4.85	4.86	36106596	177560368.00
2017/06/23	4.85	4.89	4.80	4.87	21795383	105600016.00
2017/06/26	4.89	4.89	4.79	4.83	33752035	162495952.00
2017/06/27	4.82	4.84	4.81	4.84	10546629	50956920.00
2017/06/28	4.83	4.85	4.81	4.83	9022359	43591984.00
2017/06/29	4.83	4.87	4.83	4.84	11873337	57577120.00
2017/06/30	4.83	4.84	4.81	4.83	12093779	58268608.00
2017/07/03	4.82	4.83	4.78	4.81	19584345	94025424.00
2017/07/04	4.81	4.81	4.78	4.80	11841200	56757096.00
2017/07/05	4.80	4.81	4.78	4.81	9251900	44382992.00
2017/07/06	4.81	4.84	4.79	4.81	16248907	78253704.00
2017/07/07	4.81	4.81	4.73	4.75	44805609	213141504.00
2017/07/10	4.74	4.76	4.73	4.75	11682046	55414924.00
2017/07/11	4.74	4.77	4.74	4.75	11785300	56033804.00
2017/07/12	4.75	4.76	4.71	4.74	15233980	72072504.00
2017/07/13	4.73	4.75	4.70	4.74	19458586	91905360.00
2017/07/14	4.74	4.75	4.71	4.74	15817527	74782256.00
2017/07/17	4.74	4.74	4.61	4.63	31510022	146640304.00
2017/07/18	4.62	4.63	4.52	4.58	29621196	135105328.00
2017/07/19	4.57	4.72	4.55	4.70	34696504	160607328.00
2017/07/20	4.69	4.74	4.67	4.71	20036430	94168512.00
2017/07/21	4.70	4.73	4.68	4.70	19218117	90351976.00
2017/07/24	4.69	4.74	4.68	4.73	19214836	90601880.00
2017/07/25	4.74	4.74	4.71	4.72	18427417	86954528.00
2017/07/26	4.71	4.75	4.69	4.69	23655101	111664064.00
2017/07/27	4.69	4.75	4.69	4.74	16386066	77400688.00
2017/07/28	4.75	4.76	4.70	4.74	26754553	126599152.00
2017/07/31	4.61	4.61	4.57	4.58	21146271	96866240.00
2017/08/01	4.57	4.63	4.57	4.62	20049145	92358816.00
2017/08/02	4.62	4.67	4.60	4.62	33507989	155371600.00
2017/08/03	4.62	4.63	4.55	4.59	23884624	109382936.00
2017/08/04	4.59	4.61	4.57	4.60	14831800	68110576.00
2017/08/07	4.59	4.64	4.58	4.63	13152709	60607492.00
2017/08/08	4.62	4.62	4.59	4.61	11783487	54266040.00
2017/08/09	4.61	4.62	4.56	4.59	13803200	63255032.00
2017/08/10	4.58	4.59	4.53	4.55	14732400	67153408.00
2017/08/11	4.54	4.54	4.42	4.43	28388800	127063248.00
2017/08/14	4.44	4.48	4.43	4.48	7786544	34720504.00
2017/08/15	4.48	4.50	4.46	4.48	7099355	31813932.00
2017/08/16	4.48	4.49	4.46	4.48	10372911	46375144.00
2017/08/17	4.48	4.59	4.47	4.57	28568365	130186944.00
2017/08/18	4.56	4.60	4.55	4.57	14859677	67982360.00
2017/08/21	4.57	4.59	4.54	4.56	12639620	57698756.00
2017/08/22	4.57	4.61	4.56	4.59	13840211	63425640.00
2017/08/23	4.58	4.59	4.56	4.56	13263800	60690708.00
2017/08/24	4.58	4.60	4.56	4.59	16846019	77197904.00
2017/08/25	4.58	4.66	4.57	4.62	22526757	104149176.00
2017/08/28	4.62	4.66	4.61	4.64	18081702	83893152.00
2017/08/29	4.67	4.71	4.64	4.65	26255000	122789592.00
2017/08/30	4.64	4.67	4.61	4.62	15485001	71741048.00
2017/08/31	4.59	4.60	4.57	4.59	14959391	68604960.00
2017/09/01	4.65	4.69	4.59	4.62	21401994	99010528.00
2017/09/04	4.60	4.60	4.53	4.54	25804998	117630992.00
2017/09/05	4.55	4.58	4.50	4.56	24674139	111637568.00
2017/09/06	4.54	4.59	4.51	4.55	11327438	51435048.00
2017/09/07	4.55	4.55	4.52	4.53	8857199	40155596.00
2017/09/08	4.52	4.54	4.50	4.51	13622534	61433488.00
2017/09/11	4.52	4.53	4.50	4.52	7989434	36051884.00
2017/09/12	4.52	4.53	4.46	4.48	21866236	98150160.00
2017/09/13	4.48	4.49	4.45	4.48	10047905	44811360.00
2017/09/14	4.47	4.49	4.45	4.48	9342423	41735672.00
2017/09/15	4.47	4.48	4.44	4.47	17023623	75881408.00
2017/09/18	4.46	4.47	4.45	4.47	12533136	55849992.00
2017/09/19	4.46	4.46	4.43	4.45	8015792	35657776.00
2017/09/20	4.44	4.46	4.44	4.46	7954402	35364132.00
2017/09/21	4.46	4.46	4.44	4.44	6672124	29678422.00
2017/09/22	4.45	4.45	4.42	4.43	7458402	33020234.00
2017/09/25	4.43	4.43	4.37	4.38	14010040	61531216.00
2017/09/26	4.38	4.40	4.35	4.39	13030918	56975860.00
2017/09/27	4.39	4.40	4.37	4.40	6266775	27531620.00
2017/09/28	4.39	4.41	4.37	4.41	10789101	47431492.00
2017/09/29	4.41	4.42	4.40	4.40	8273300	36496200.00
2017/10/09	4.43	4.44	4.41	4.43	8596300	38058248.00
2017/10/10	4.43	4.43	4.41	4.43	6297700	27853054.00
2017/10/11	4.42	4.46	4.41	4.44	10940107	48535512.00
2017/10/12	4.43	4.44	4.39	4.40	9879930	43578716.00
2017/10/13	4.41	4.41	4.39	4.40	6844454	30121754.00
2017/10/16	4.40	4.40	4.35	4.37	10961824	47937380.00
2017/10/17	4.37	4.38	4.35	4.37	5513466	24078400.00
2017/10/18	4.37	4.38	4.35	4.36	5710600	24923492.00
2017/10/19	4.36	4.36	4.30	4.32	11072124	47928160.00
2017/10/20	4.32	4.36	4.30	4.35	8216800	35636040.00
2017/10/23	4.34	4.38	4.33	4.37	5473979	23911080.00
2017/10/24	4.38	4.38	4.33	4.35	5415876	23537226.00
2017/10/25	4.35	4.37	4.34	4.36	6079067	26474582.00
2017/10/26	4.36	4.38	4.35	4.37	6382332	27861528.00
2017/10/27	4.37	4.38	4.35	4.35	7250625	31615380.00
2017/10/30	4.35	4.35	4.26	4.27	15218472	65182844.00
2017/10/31	4.27	4.28	4.25	4.26	5138217	21909740.00
2017/11/01	4.26	4.27	4.25	4.26	6128594	26077610.00
2017/11/02	4.25	4.27	4.23	4.27	8036640	34190480.00
2017/11/03	4.26	4.27	4.20	4.21	9998401	42306392.00
2017/11/06	4.20	4.21	4.14	4.17	13417204	55911648.00
2017/11/07	4.17	4.19	4.15	4.17	10374646	43269944.00
2017/11/08	4.18	4.35	4.16	4.32	31400497	134522512.00
2017/11/09	4.31	4.36	4.27	4.28	27595483	119155680.00
2017/11/10	4.26	4.29	4.23	4.24	12865064	54759836.00
2017/11/13	4.24	4.28	4.23	4.27	10561277	45016176.00
2017/11/14	4.27	4.32	4.24	4.31	20798743	88984600.00
2017/11/15	4.30	4.31	4.26	4.29	12647775	54261208.00
2017/11/16	4.29	4.35	4.28	4.31	13640525	58991672.00
2017/11/17	4.30	4.32	4.21	4.23	12237538	52045452.00
2017/11/20	4.20	4.26	4.16	4.24	8756744	36782976.00
2017/11/21	4.22	4.24	4.19	4.22	9376596	39502844.00
2017/11/22	4.23	4.23	4.18	4.19	10509324	44060948.00
2017/11/23	4.18	4.21	4.17	4.17	8403500	35208160.00
2017/11/24	4.17	4.18	4.11	4.13	10764900	44448632.00
2017/11/27	4.13	4.13	4.06	4.08	14399910	58852224.00
2017/11/28	4.06	4.08	4.06	4.07	8765911	35655592.00
2017/11/29	4.06	4.08	4.02	4.03	12491773	50391924.00
2017/11/30	4.04	4.04	4.01	4.02	7542172	30384862.00
2017/12/01	4.02	4.02	3.99	4.00	9719586	38904000.00
2017/12/04	4.00	4.04	3.97	4.01	16170289	64850680.00
2017/12/05	4.00	4.01	3.95	3.96	13003101	51774436.00
2017/12/06	3.97	3.97	3.87	3.92	15682618	61292820.00
2017/12/07	3.92	3.95	3.91	3.93	5129471	20128272.00
2017/12/08	3.93	3.94	3.90	3.93	8446269	33101576.00
2017/12/11	3.93	3.93	3.90	3.93	9525945	37336256.00
2017/12/12	3.93	3.93	3.85	3.86	10738800	41698496.00
2017/12/13	3.85	3.87	3.84	3.87	4964303	19118512.00
2017/12/14	3.86	3.87	3.82	3.86	9485074	36424076.00
2017/12/15	3.85	3.87	3.81	3.86	10205217	39181452.00
2017/12/18	3.85	3.88	3.83	3.86	6939400	26816836.00
2017/12/19	3.86	3.92	3.85	3.91	7662823	29827820.00
2017/12/20	3.90	3.91	3.86	3.87	5225500	20279614.00
2017/12/21	3.85	3.87	3.82	3.82	7502410	28757048.00
2017/12/22	3.86	3.86	3.81	3.84	6184527	23698744.00
2017/12/25	3.84	3.85	3.70	3.73	19558988	73344792.00
2017/12/26	3.71	3.75	3.71	3.74	6780218	25305072.00
2017/12/27	3.74	3.75	3.70	3.71	9612600	35819484.00
2017/12/28	3.72	3.73	3.69	3.71	11199873	41547552.00
2017/12/29	3.71	3.72	3.67	3.71	13363819	49324932.00
2018/01/02	3.71	3.75	3.70	3.75	12909109	48130396.00
2018/01/03	3.74	3.78	3.73	3.74	15749668	59141244.00
2018/01/04	3.75	3.83	3.74	3.79	21447930	81222880.00
2018/01/05	3.78	3.81	3.76	3.80	18968849	71663696.00
2018/01/08	3.79	3.79	3.76	3.79	15877547	59957888.00
2018/01/09	3.78	3.80	3.77	3.77	12482453	47208936.00
2018/01/10	3.78	3.78	3.69	3.71	25441953	94734888.00
2018/01/11	3.70	3.74	3.69	3.73	12349178	45833772.00
2018/01/12	3.72	3.75	3.71	3.72	15850310	59131952.00
2018/01/15	3.73	3.74	3.62	3.63	28452433	104317816.00
2018/01/16	3.63	3.65	3.61	3.64	13907107	50526608.00
2018/01/17	3.64	3.66	3.60	3.65	15863199	57579360.00
2018/01/18	3.63	3.66	3.60	3.65	20937201	75995632.00
2018/01/19	3.64	3.72	3.63	3.72	33866615	124839080.00
2018/01/22	3.71	3.71	3.68	3.70	24537897	90665208.00
2018/01/23	3.69	3.70	3.67	3.69	18696276	68897752.00
2018/01/24	3.69	3.73	3.68	3.71	32255834	119456376.00
2018/01/25	3.71	3.78	3.69	3.77	36421518	136491568.00
2018/01/26	3.76	3.78	3.73	3.75	18653800	70033512.00
2018/01/29	3.78	3.85	3.78	3.81	41810984	159586368.00
2018/01/30	3.80	3.88	3.79	3.83	34188275	131374408.00
2018/01/31	3.81	3.82	3.72	3.74	25284964	94933104.00
2018/02/01	3.73	3.75	3.66	3.69	24937345	92374040.00
2018/02/02	3.67	3.72	3.64	3.71	13641591	50332692.00
2018/02/05	3.69	3.71	3.66	3.70	16377519	60272808.00
2018/02/06	3.66	3.75	3.63	3.66	23256403	85843904.00
2018/02/07	3.70	3.71	3.63	3.65	15461335	56652080.00
2018/02/08	3.64	3.67	3.64	3.65	9944227	36330272.00
2018/02/09	3.60	3.63	3.45	3.47	22476500	79349616.00
2018/02/12	3.50	3.51	3.41	3.46	22082302	76227568.00
2018/02/13	3.47	3.48	3.39	3.46	16205357	55979020.00
2018/02/14	3.46	3.47	3.40	3.42	11196410	38397048.00
2018/02/22	3.44	3.46	3.42	3.45	8578648	29487272.00
2018/02/23	3.45	3.48	3.42	3.47	16620165	57278220.00
2018/02/26	3.47	3.53	3.46	3.52	15425427	53970692.00
2018/02/27	3.52	3.55	3.50	3.53	15812510	55748088.00
2018/02/28	3.52	3.55	3.50	3.54	9816766	34643044.00
2018/03/01	3.53	3.61	3.52	3.60	16896931	60512596.00
2018/03/02	3.58	3.74	3.56	3.69	29723707	108881104.00
2018/03/05	3.67	3.75	3.64	3.73	25706375	95191568.00
2018/03/06	3.71	3.83	3.70	3.82	34851202	132001336.00
2018/03/07	3.81	3.89	3.80	3.81	33978070	130854528.00
2018/03/08	3.82	4.00	3.82	3.92	68870372	272122560.00
2018/03/09	3.94	3.95	3.85	3.92	24225010	94642176.00
2018/03/12	3.92	3.93	3.83	3.86	28016370	108339592.00
2018/03/13	3.86	3.89	3.78	3.80	21565126	82363368.00
2018/03/14	3.79	3.82	3.74	3.75	20981661	79171560.00
2018/03/15	3.75	3.82	3.73	3.76	20263770	76393968.00
2018/03/16	3.77	3.79	3.68	3.70	24460156	91203712.00
2018/03/19	3.71	3.72	3.68	3.70	9900900	36645000.00
2018/03/20	3.70	3.85	3.67	3.80	28828674	109087312.00
2018/03/21	3.80	3.82	3.75	3.76	17803620	67255856.00
2018/03/22	3.77	3.77	3.64	3.67	25226900	92866064.00
2018/03/23	3.61	3.75	3.54	3.61	37090233	135517168.00
2018/03/26	3.59	3.60	3.52	3.60	13082511	46496280.00
2018/03/27	3.63	3.71	3.59	3.62	22088093	80497176.00
2018/03/28	3.60	3.74	3.57	3.70	41648832	153063104.00
2018/03/29	3.70	3.82	3.70	3.79	60139883	227663936.00
2018/03/30	3.80	3.81	3.76	3.80	10965757	41498252.00
2018/04/02	3.80	3.80	3.71	3.73	21083212	78779896.00
2018/04/03	3.72	3.72	3.60	3.68	22950886	83881776.00
2018/04/04	3.68	3.68	3.64	3.65	14630436	53513832.00
2018/04/09	3.64	3.67	3.61	3.63	17387042	63200980.00
2018/04/10	3.63	3.67	3.59	3.63	15723079	56915820.00
2018/04/11	3.63	3.68	3.62	3.64	21143400	77085136.00
2018/04/12	3.63	3.64	3.60	3.61	9672570	35001472.00
2018/04/13	3.63	3.69	3.60	3.63	15673066	57219660.00
2018/04/16	3.62	3.63	3.51	3.54	19074491	68174848.00
2018/04/17	3.56	3.56	3.50	3.50	9925310	35071352.00
2018/04/18	3.48	3.52	3.42	3.50	13369800	46433516.00
2018/04/19	3.50	3.52	3.47	3.50	13644902	47704700.00
2018/04/20	3.50	3.50	3.42	3.43	12381900	42662400.00
2018/04/23	3.43	3.44	3.39	3.44	13410512	45798420.00
2018/04/24	3.43	3.49	3.41	3.45	19739900	68142672.00
2018/04/25	3.44	3.48	3.43	3.47	15764153	54540596.00
数据来源:通达信
