600070 浙江富润 日线 不复权
      日期	    开盘	    最高	    最低	    收盘	    成交量	    成交额
2017/03/27	13.39	13.47	13.30	13.37	2714473	36296260.00
2017/03/28	13.37	13.41	13.27	13.30	2054511	27386768.00
2017/03/29	13.30	13.33	13.08	13.11	2348755	30874152.00
2017/03/30	13.05	13.15	12.70	12.73	2654145	34315816.00
2017/03/31	12.75	12.87	12.70	12.83	2207491	28190572.00
2017/04/05	12.83	13.20	12.74	13.18	3786538	49070164.00
2017/04/06	13.15	13.38	13.09	13.12	2471683	32576560.00
2017/04/07	13.01	13.42	13.01	13.27	3056512	40680616.00
2017/04/10	13.26	13.28	12.92	12.99	2626386	34214360.00
2017/04/11	13.05	13.10	12.74	13.06	2623014	33878056.00
2017/04/12	13.12	13.12	12.80	12.98	1892464	24478276.00
2017/04/13	13.07	13.13	12.83	12.95	1613942	20970124.00
2017/04/14	13.00	13.00	12.80	12.86	1568207	20185232.00
2017/04/17	12.98	12.98	12.60	12.64	1608532	20464472.00
2017/04/18	12.70	12.70	12.35	12.37	2362284	29582704.00
2017/04/19	12.31	12.35	11.60	12.09	3542438	42540536.00
2017/04/20	12.01	12.38	11.93	12.16	2314019	28314126.00
2017/04/21	12.28	12.30	12.03	12.15	1323911	16059377.00
2017/04/24	12.16	12.16	11.72	11.91	2252397	26794320.00
2017/04/25	11.88	12.00	11.80	11.97	2488803	29686550.00
2017/04/26	11.93	11.93	10.77	10.77	10263485	114182008.00
2017/04/27	10.60	10.77	10.08	10.73	8402228	87712520.00
2017/04/28	10.57	10.74	10.51	10.69	4481455	47526432.00
2017/05/02	10.80	11.67	10.70	11.31	7160569	80407384.00
2017/05/03	11.48	11.48	11.00	11.39	4133404	46640656.00
2017/05/04	11.50	11.50	11.21	11.25	2399758	27166274.00
2017/05/05	11.27	11.30	10.91	11.18	2551943	28446430.00
2017/05/08	11.11	11.16	10.55	10.64	2433194	26241648.00
2017/05/09	10.64	10.97	10.55	10.96	2469978	26773864.00
2017/05/10	10.94	11.08	10.77	10.78	2424216	26499480.00
2017/05/11	10.72	10.79	10.22	10.55	2463325	25837536.00
2017/05/12	10.55	10.70	10.40	10.53	1422431	14997481.00
2017/05/15	10.58	11.30	10.54	11.15	4316101	47642956.00
2017/05/16	11.10	11.15	10.81	11.13	3584872	39286708.00
2017/05/17	11.07	11.24	11.00	11.10	2830328	31457294.00
2017/05/18	11.03	11.17	10.92	11.10	1828256	20275398.00
2017/05/19	11.17	11.17	11.01	11.06	1134274	12551630.00
2017/05/22	11.18	11.28	11.02	11.16	4136162	46225808.00
2017/05/23	11.10	11.27	10.90	11.07	2946445	32657968.00
2017/05/24	11.08	11.08	10.80	10.99	2134469	23400364.00
2017/05/25	10.98	11.14	10.88	11.03	1347552	14835273.00
2017/05/26	11.06	11.37	11.05	11.31	3433994	38774268.00
2017/05/31	11.35	11.35	11.15	11.26	2164790	24352416.00
2017/06/01	11.20	11.25	11.02	11.17	2097001	23395302.00
2017/06/02	11.18	11.96	11.06	11.79	9360806	107830368.00
2017/06/05	11.81	12.13	11.81	11.93	4314290	51540008.00
2017/06/06	12.10	12.13	11.86	11.95	3730259	44469756.00
2017/06/07	11.97	12.14	11.89	12.04	4317982	51823472.00
2017/06/08	11.99	12.68	11.99	12.47	5992017	74283472.00
2017/06/09	12.47	12.68	12.40	12.48	3568881	44537200.00
2017/06/12	12.45	12.66	12.30	12.36	3565800	44519776.00
2017/06/13	12.38	12.65	12.25	12.55	2287971	28621304.00
2017/06/14	12.62	12.66	12.42	12.53	2663340	33358248.00
2017/06/15	12.53	12.61	12.48	12.50	2088349	26185716.00
2017/06/16	12.51	13.00	12.20	12.26	9292211	115710832.00
2017/06/19	12.24	12.25	11.91	11.99	5398696	64997596.00
2017/06/20	12.08	12.10	11.94	11.99	3225380	38710624.00
2017/06/21	12.07	12.10	11.92	12.04	2550152	30542692.00
2017/06/22	12.05	12.05	11.81	11.94	2095980	25067792.00
2017/06/23	11.94	11.99	11.41	11.95	3714576	43336420.00
2017/06/26	11.90	11.95	11.64	11.84	3820475	45048656.00
2017/06/27	11.85	12.03	11.57	11.99	6127076	72333632.00
2017/06/28	11.98	11.98	11.75	11.88	1620685	19220072.00
2017/06/29	11.71	11.90	11.71	11.85	1112990	13185719.00
2017/06/30	11.89	12.05	11.78	11.88	1908900	22817088.00
2017/07/03	11.86	12.05	11.70	11.92	3532036	42010100.00
2017/07/04	11.83	11.98	11.83	11.92	1606986	19144656.00
2017/07/05	11.93	12.20	11.86	12.07	4302447	51737616.00
2017/07/06	12.18	12.18	11.95	11.97	1837320	22090556.00
2017/07/07	11.97	12.65	11.64	12.23	9004405	107240720.00
2017/07/10	12.20	12.25	11.80	11.98	4365225	52384592.00
2017/07/11	11.83	11.93	11.58	11.67	3103100	36431716.00
2017/07/12	11.61	11.79	11.49	11.77	2696622	31395990.00
2017/07/13	11.77	11.81	11.56	11.74	2387600	27890406.00
2017/07/14	11.81	11.90	11.61	11.78	3732808	43904036.00
2017/07/17	11.92	11.93	11.01	11.49	6571665	75865832.00
2017/07/18	11.40	11.48	11.16	11.39	3076422	34876832.00
2017/07/19	11.39	11.54	11.21	11.33	2841206	32244928.00
2017/07/20	11.31	11.44	11.23	11.24	2665240	30134548.00
2017/07/21	11.24	11.33	10.95	10.97	6257035	69271880.00
2017/07/24	10.92	11.06	10.88	10.97	2027770	22233432.00
2017/07/25	10.97	11.15	10.90	11.07	2399050	26474160.00
2017/07/26	11.06	11.19	10.97	11.06	1633788	18050688.00
2017/07/27	11.02	11.30	10.92	11.17	2591051	28890760.00
2017/07/28	11.20	11.24	11.13	11.17	1688165	18858340.00
2017/07/31	11.16	11.46	11.16	11.27	2137414	24154464.00
2017/08/01	11.25	11.35	11.20	11.27	1529634	17246760.00
2017/08/02	11.28	11.33	10.60	10.64	5286177	57623628.00
2017/08/03	10.56	10.75	10.44	10.70	5456716	57736212.00
2017/08/04	10.68	10.68	10.52	10.53	2322425	24616000.00
2017/08/07	10.53	11.18	10.53	11.02	4766429	52118928.00
2017/08/08	11.07	11.09	10.93	11.00	2111350	23288904.00
2017/08/09	11.00	11.09	10.91	11.04	1430733	15747176.00
2017/08/10	11.07	11.07	10.74	10.88	2006880	21821752.00
2017/08/11	10.84	10.87	10.59	10.77	2669910	28658532.00
2017/08/14	10.65	10.91	10.65	10.79	2935353	31703440.00
2017/08/15	10.80	10.86	10.48	10.67	6362563	67605144.00
2017/08/16	10.60	10.68	10.53	10.67	3566200	37776532.00
2017/08/17	10.67	10.78	10.63	10.77	3091783	33123632.00
2017/08/18	10.71	11.00	10.66	10.94	4452674	48342600.00
2017/08/21	11.00	11.20	10.94	11.10	5093856	56395584.00
2017/08/22	11.09	11.20	11.02	11.14	3809857	42311220.00
2017/08/23	11.34	11.40	11.01	11.15	6603102	74223344.00
2017/08/24	11.15	11.15	10.78	10.85	3189190	34937796.00
2017/08/25	10.80	11.10	10.79	10.91	2465190	26944246.00
2017/08/28	10.92	11.18	10.92	11.12	4849728	53623736.00
2017/08/29	11.18	11.40	11.10	11.16	4116510	46317928.00
2017/08/30	11.11	11.23	11.11	11.17	2665871	29770426.00
2017/08/31	11.11	11.25	11.05	11.18	3203630	35712888.00
2017/09/01	11.19	11.20	11.05	11.17	2878680	32001460.00
2017/09/04	11.25	11.39	11.19	11.22	3688233	41533764.00
2017/09/05	11.20	11.28	11.12	11.21	2718639	30514000.00
2017/09/06	11.23	11.27	11.08	11.14	2275582	25338896.00
2017/09/07	11.16	11.24	11.05	11.06	2475362	27572700.00
2017/09/08	11.03	11.16	11.01	11.09	2328702	25783028.00
2017/09/11	11.13	11.20	11.02	11.18	2150924	23915504.00
2017/09/12	11.16	11.20	11.04	11.06	2491990	27656096.00
2017/09/13	11.05	11.15	11.02	11.14	2579791	28566662.00
2017/09/14	11.16	11.16	10.87	10.92	4131653	45428800.00
2017/09/15	10.85	10.94	10.82	10.83	2098750	22774620.00
2017/09/18	10.82	10.88	10.66	10.71	4669186	49980688.00
2017/09/19	10.66	10.74	10.58	10.62	3474099	36935400.00
2017/09/20	10.62	10.89	10.59	10.76	3587303	38622464.00
2017/09/21	10.76	10.81	10.67	10.73	2414762	25927700.00
2017/09/22	10.71	10.74	10.63	10.68	1565416	16726202.00
2017/09/25	10.70	10.72	10.52	10.64	2089666	22209396.00
2017/09/26	10.60	10.73	10.52	10.71	2384060	25299404.00
2017/09/27	10.72	10.74	10.56	10.73	2247393	23936798.00
2017/09/28	10.74	10.75	10.64	10.71	1798044	19190232.00
2017/09/29	10.70	10.72	10.61	10.62	1752850	18670108.00
2017/10/09	10.70	10.76	10.61	10.71	2073040	22146048.00
2017/10/10	10.70	10.86	10.64	10.83	3713531	39971212.00
2017/10/11	10.85	10.96	10.75	10.84	3026646	32708342.00
2017/10/12	11.07	11.30	11.01	11.08	10437438	116377088.00
2017/10/13	10.98	11.85	10.94	11.47	13673674	156583664.00
2017/10/16	11.36	11.63	11.21	11.47	8445078	96434960.00
2017/10/17	11.30	11.50	11.23	11.39	4925804	55954936.00
2017/10/18	11.35	11.65	11.27	11.34	5850562	67138360.00
2017/10/19	11.25	11.44	11.14	11.34	4155812	46850908.00
2017/10/20	11.33	11.53	11.25	11.48	4377452	49910880.00
2017/10/23	11.41	11.67	11.41	11.59	4541522	52490456.00
2017/10/24	11.60	11.61	11.43	11.56	3192169	36788888.00
2017/10/25	11.52	11.80	11.44	11.73	6881642	80261624.00
2017/10/26	11.70	11.77	11.62	11.70	5339868	62466464.00
2017/10/27	11.74	11.75	11.35	11.44	5812160	66961648.00
2017/10/30	11.45	11.53	10.94	11.10	4432120	49936016.00
2017/10/31	11.17	11.22	11.08	11.12	1846087	20575476.00
2017/11/01	11.06	11.18	11.02	11.06	1909451	21176800.00
2017/11/02	11.10	11.10	10.71	10.72	2720009	29535550.00
2017/11/03	10.78	10.96	10.64	10.79	2801137	30190332.00
2017/11/06	10.82	10.86	10.59	10.83	2223696	23870960.00
2017/11/07	10.83	10.83	10.68	10.71	1588300	17035934.00
2017/11/08	10.71	10.77	10.59	10.72	3885633	41398828.00
2017/11/09	10.66	10.78	10.62	10.70	1839220	19657438.00
2017/11/10	10.67	10.69	10.61	10.62	1880142	19996850.00
2017/11/13	10.61	10.75	10.51	10.59	2679734	28441168.00
2017/11/14	10.61	10.65	10.51	10.59	1441677	15221677.00
2017/11/15	10.53	10.63	10.46	10.52	1696470	17829978.00
2017/11/16	10.48	10.64	10.45	10.60	1843766	19542704.00
2017/11/17	10.62	10.62	10.45	10.55	2560100	26967604.00
2017/11/20	10.50	10.56	9.98	10.55	3406520	34895384.00
2017/11/21	10.47	10.53	10.24	10.34	1769045	18378216.00
2017/11/22	10.29	10.36	9.99	10.05	2951132	29784672.00
2017/11/23	10.10	10.10	9.75	9.92	2981741	29452720.00
2017/11/24	9.86	9.91	9.53	9.70	2397996	23291976.00
2017/11/27	9.61	9.72	9.53	9.68	2196406	21124220.00
2017/11/28	9.60	9.79	9.56	9.76	1268200	12310666.00
2017/11/29	9.73	9.80	9.65	9.76	1007170	9786900.00
2017/11/30	9.75	9.96	9.70	9.85	1332945	13115480.00
2017/12/01	9.85	9.94	9.74	9.83	1137500	11169479.00
2017/12/04	9.83	9.89	9.60	9.62	1501566	14504694.00
2017/12/05	9.60	9.69	9.13	9.18	2355453	21962804.00
2017/12/06	9.15	9.39	9.05	9.28	1769928	16362566.00
2017/12/07	9.28	9.34	9.18	9.31	1476552	13660527.00
2017/12/08	9.28	9.40	9.28	9.32	1847820	17238600.00
2017/12/11	9.40	9.65	9.40	9.58	3295961	31493146.00
2017/12/12	9.55	9.58	9.28	9.38	1942493	18226152.00
2017/12/13	9.37	9.37	9.20	9.27	1190851	11031745.00
2017/12/14	9.31	9.34	9.15	9.20	1336620	12324531.00
2017/12/15	9.16	9.20	9.09	9.16	1663300	15182053.00
2017/12/18	9.17	9.17	9.06	9.08	1160152	10564495.00
2017/12/19	9.05	9.13	8.94	9.08	3193112	28744140.00
2017/12/20	9.18	9.20	8.95	9.04	2565196	23140452.00
2017/12/21	9.03	9.03	8.90	9.00	2892440	25924670.00
2017/12/22	9.01	9.25	8.93	9.22	5024081	45760616.00
2017/12/25	9.22	9.37	9.19	9.33	4628534	42890828.00
2017/12/26	9.35	9.43	9.28	9.38	3342349	31301172.00
2017/12/27	9.37	9.52	9.34	9.41	3683974	34615396.00
2017/12/28	9.44	9.51	9.29	9.46	4845024	45589240.00
2017/12/29	10.17	10.17	9.50	9.65	6130443	60213288.00
2018/01/02	9.70	9.70	9.49	9.50	3844100	36855168.00
2018/01/03	9.58	9.58	9.45	9.52	1965281	18652422.00
2018/01/04	9.55	9.60	9.42	9.58	1631702	15509115.00
2018/01/05	9.60	9.60	9.44	9.50	1736202	16508281.00
2018/01/08	9.48	9.48	9.34	9.38	1335505	12539461.00
2018/01/09	9.37	9.43	9.21	9.22	1873322	17390668.00
2018/01/10	9.20	9.39	9.20	9.33	2340635	21815834.00
2018/01/11	9.40	9.80	9.34	9.73	4551261	43803020.00
2018/01/12	9.75	9.81	9.61	9.62	2744484	26597206.00
2018/01/15	9.60	9.77	9.40	9.58	3033581	29082676.00
2018/01/16	9.58	9.87	9.53	9.60	2668808	25815086.00
2018/01/17	9.61	9.71	9.55	9.70	2490600	24002202.00
2018/01/18	9.69	9.72	9.60	9.67	1559838	15066377.00
2018/01/19	9.63	9.67	9.57	9.59	1368941	13159757.00
2018/01/22	9.66	9.66	9.40	9.52	1706490	16122403.00
2018/01/23	9.42	9.54	9.40	9.54	1377812	13030262.00
2018/01/24	9.55	9.59	9.47	9.54	1265231	12055356.00
2018/01/25	9.59	9.78	9.58	9.62	1602800	15524774.00
2018/01/26	9.72	9.72	9.60	9.68	952437	9191410.00
2018/01/29	9.68	9.89	9.65	9.66	1526701	14850906.00
2018/01/30	9.71	9.73	9.52	9.60	1360380	13059808.00
2018/01/31	9.64	9.65	9.50	9.60	1085216	10367845.00
2018/02/01	9.60	9.65	9.17	9.26	2907620	27164908.00
2018/02/02	9.20	9.20	9.01	9.08	1385361	12601402.00
2018/02/05	9.06	9.14	8.97	9.10	839533	7598575.00
2018/02/06	9.06	9.06	8.19	8.28	2793864	23943720.00
2018/02/07	8.41	9.11	7.70	9.04	6712273	58298460.00
2018/02/08	8.93	9.22	8.90	9.05	2735579	24796596.00
2018/02/09	8.88	9.00	8.65	8.78	2005300	17744840.00
2018/02/12	8.79	9.32	8.79	9.19	2313163	21119834.00
2018/02/13	9.19	9.29	9.11	9.17	910120	8353844.00
2018/02/14	9.15	9.28	9.09	9.23	678804	6242450.00
2018/02/22	9.29	9.57	9.23	9.47	1571943	14825337.00
2018/02/23	9.47	9.57	9.41	9.48	828327	7849226.00
2018/02/26	9.48	9.54	9.39	9.47	1563100	14786301.00
2018/02/27	9.69	9.69	9.31	9.41	1902780	18067014.00
2018/02/28	9.40	9.40	9.20	9.30	1021300	9475777.00
2018/03/01	9.31	9.40	9.25	9.37	1050833	9837251.00
2018/03/02	9.32	9.65	9.32	9.45	1950200	18499960.00
2018/03/05	9.45	9.49	9.26	9.31	898163	8390950.00
2018/03/06	9.32	9.35	9.25	9.35	1196245	11131793.00
2018/03/07	9.36	9.36	9.26	9.30	768000	7141415.00
2018/03/08	9.34	9.50	9.30	9.36	2186575	20588240.00
2018/03/09	9.36	9.44	9.31	9.42	1542993	14452665.00
2018/03/12	9.44	9.57	9.34	9.53	2892230	27463036.00
2018/03/13	9.52	9.58	9.45	9.53	1712141	16293908.00
2018/03/14	9.52	9.52	9.25	9.29	2146719	20059940.00
2018/03/15	9.26	9.32	9.02	9.09	1545830	14141386.00
2018/03/16	9.03	9.25	9.03	9.21	799636	7346489.00
2018/03/19	9.20	9.39	9.12	9.34	1305608	12135370.00
2018/03/20	9.34	9.34	9.16	9.20	1143830	10535725.00
2018/03/21	9.15	9.27	9.10	9.15	856307	7872129.00
2018/03/22	9.25	9.25	9.05	9.11	1024770	9377900.00
2018/03/23	9.00	9.00	8.66	8.77	2408312	21135476.00
2018/03/26	8.63	8.99	8.51	8.97	1830825	16241403.00
2018/03/27	9.00	9.09	8.99	9.00	1296660	11704975.00
2018/03/28	9.03	9.10	8.90	9.06	1689458	15213332.00
2018/03/29	9.51	9.97	9.51	9.52	6007556	58138304.00
2018/03/30	9.39	9.45	9.20	9.41	3389697	31638348.00
2018/04/02	9.33	9.61	9.31	9.56	2789278	26487928.00
2018/04/03	9.47	9.51	9.38	9.43	1524079	14389720.00
2018/04/04	9.37	9.49	9.34	9.35	1149574	10818203.00
2018/04/09	9.26	9.37	9.12	9.26	1181700	10933841.00
2018/04/10	9.26	9.31	9.16	9.20	1231034	11349201.00
2018/04/11	9.24	9.49	9.21	9.41	1758154	16543314.00
2018/04/12	9.41	9.47	9.33	9.43	1299520	12205804.00
2018/04/13	9.43	9.47	9.33	9.33	1037000	9708044.00
2018/04/16	9.33	9.37	9.17	9.34	1281120	11896903.00
2018/04/17	9.34	9.39	9.13	9.18	992000	9212793.00
2018/04/18	9.22	9.53	9.14	9.50	3076728	28869222.00
2018/04/19	9.48	9.59	9.42	9.47	1453142	13794780.00
2018/04/20	9.50	9.55	9.44	9.50	1616349	15321210.00
2018/04/23	9.60	9.68	9.47	9.56	2244801	21457030.00
2018/04/24	9.60	9.65	9.53	9.64	2521051	24228888.00
2018/04/25	9.64	9.64	9.45	9.49	2200280	20954236.00
数据来源:通达信
