600058 五矿发展 日线 不复权
      日期	    开盘	    最高	    最低	    收盘	    成交量	    成交额
2017/03/27	14.86	14.86	14.74	14.77	3587600	53037552.00
2017/03/28	14.84	14.84	14.75	14.80	2878580	42559528.00
2017/03/29	14.80	14.83	14.49	14.50	7631404	111564504.00
2017/03/30	14.50	14.53	14.08	14.20	6000553	85619576.00
2017/03/31	14.26	14.30	14.18	14.27	2620272	37317304.00
2017/04/05	14.76	14.76	14.49	14.62	5505269	80434976.00
2017/04/06	14.65	14.72	14.56	14.70	4404181	64466456.00
2017/04/07	14.68	14.81	14.60	14.63	3967571	58298096.00
2017/04/10	14.63	14.73	14.20	14.31	6295416	91161040.00
2017/04/11	14.32	14.78	14.25	14.75	6948821	101111576.00
2017/04/12	14.76	14.77	14.55	14.57	4659454	68164672.00
2017/04/13	14.56	14.70	14.52	14.65	3384266	49505512.00
2017/04/14	14.65	14.75	14.52	14.55	4599717	67334760.00
2017/04/17	14.55	14.55	14.26	14.36	4567112	65711584.00
2017/04/18	14.37	15.30	14.30	14.67	12648634	187786000.00
2017/04/19	14.36	14.50	14.10	14.32	8461057	120968584.00
2017/04/20	14.22	14.44	14.22	14.38	4684166	67196872.00
2017/04/21	14.39	14.46	14.13	14.18	3679218	52552956.00
2017/04/24	14.11	14.16	13.65	13.69	5646996	77985896.00
2017/04/25	13.72	13.83	13.58	13.60	2790716	38196968.00
2017/04/26	13.57	13.72	13.37	13.38	3617154	48982032.00
2017/04/27	13.40	13.45	12.85	13.22	5263170	68935152.00
2017/04/28	13.21	13.33	13.10	13.29	2352759	31180460.00
2017/05/02	13.25	13.49	13.24	13.33	3502061	46827384.00
2017/05/03	13.33	13.49	13.10	13.14	4410052	58639852.00
2017/05/04	13.24	13.37	13.10	13.14	3624902	47952808.00
2017/05/05	13.14	13.16	12.65	12.71	5726384	73972312.00
2017/05/08	12.70	12.77	12.30	12.31	5308017	66285404.00
2017/05/09	12.32	12.55	12.26	12.44	3821480	47375936.00
2017/05/10	12.48	12.56	12.00	12.01	4547561	55847880.00
2017/05/11	11.97	11.98	11.41	11.80	6667910	78351280.00
2017/05/12	11.78	11.98	11.72	11.84	3271032	38799960.00
2017/05/15	11.88	12.23	11.86	12.06	3225967	38923536.00
2017/05/16	12.05	12.17	11.60	12.17	3813956	45631544.00
2017/05/17	12.17	12.26	12.13	12.19	3025763	36906016.00
2017/05/18	12.05	12.16	11.90	11.99	2960999	35682036.00
2017/05/19	12.02	13.19	11.98	12.63	8342335	104200408.00
2017/05/22	12.31	12.51	12.01	12.03	6865029	84310320.00
2017/05/23	11.98	12.08	11.53	11.60	4548393	53570604.00
2017/05/24	11.59	11.90	11.45	11.85	3309858	38766280.00
2017/05/25	11.55	12.15	11.55	12.03	3524864	42055928.00
2017/05/26	12.00	12.17	11.96	12.05	2493327	30068162.00
2017/05/31	12.18	12.27	12.03	12.04	2247698	27263082.00
2017/06/01	12.07	12.08	11.63	11.64	3456357	40792432.00
2017/06/02	11.67	11.85	11.55	11.84	2566701	30069616.00
2017/06/05	11.90	12.08	11.86	11.91	2657662	31796140.00
2017/06/06	11.86	12.06	11.86	12.00	2519593	30189138.00
2017/06/07	12.02	12.29	11.98	12.24	4169035	50744244.00
2017/06/08	12.21	12.29	12.09	12.17	3155676	38425164.00
2017/06/09	12.18	12.19	12.00	12.13	3553964	42947140.00
2017/06/12	12.03	12.12	11.90	11.92	3280312	39374632.00
2017/06/13	11.91	12.18	11.89	12.14	3798338	45987080.00
2017/06/14	12.09	12.33	12.08	12.15	3946739	48224128.00
2017/06/15	12.09	12.29	12.09	12.28	4017710	49131200.00
2017/06/16	12.30	12.40	12.16	12.24	4047372	49677192.00
2017/06/19	12.23	12.35	12.12	12.34	5798437	71079736.00
2017/06/20	12.32	12.47	12.30	12.38	5369479	66456904.00
2017/06/21	12.39	12.44	12.22	12.35	4270484	52577104.00
2017/06/22	12.35	12.35	12.07	12.08	3869370	47377192.00
2017/06/23	12.06	12.24	11.90	12.10	4687302	56456448.00
2017/06/26	12.10	12.22	11.99	12.20	4002290	48599248.00
2017/06/27	12.19	12.34	12.15	12.29	4283895	52450028.00
2017/06/28	12.26	12.34	12.16	12.25	3797149	46552600.00
2017/06/29	12.25	12.49	12.25	12.43	6323377	78434192.00
2017/06/30	12.39	12.42	12.24	12.41	3193929	39379600.00
2017/07/03	12.38	12.47	12.30	12.47	4701892	58328516.00
2017/07/04	12.48	12.60	12.31	12.36	4636491	57700264.00
2017/07/05	12.37	12.61	12.30	12.57	6148098	76839768.00
2017/07/06	12.55	12.86	12.50	12.83	12500123	158885920.00
2017/07/07	12.71	13.58	12.67	13.24	19001522	249492352.00
2017/07/10	13.15	13.37	13.02	13.13	12824443	169411616.00
2017/07/11	13.08	13.28	12.71	12.75	10311808	133901968.00
2017/07/12	12.76	13.00	12.61	12.95	7385685	94334912.00
2017/07/13	12.87	13.50	12.77	13.33	19813035	262308272.00
2017/07/14	13.16	13.19	12.94	13.07	9363451	122196048.00
2017/07/17	12.98	13.05	12.20	12.21	11700985	146547136.00
2017/07/18	12.19	12.46	12.13	12.41	6646560	81967120.00
2017/07/19	12.88	13.65	12.88	13.65	10158660	136369344.00
2017/07/20	14.38	15.00	14.00	14.74	56899800	819946496.00
2017/07/21	14.20	14.48	14.02	14.15	28278141	403042624.00
2017/07/24	14.16	14.80	14.02	14.55	27279685	392286112.00
2017/07/25	14.43	14.97	14.13	14.34	24122428	351131808.00
2017/07/26	14.33	14.73	14.03	14.58	25097216	361791776.00
2017/07/27	14.40	14.91	14.22	14.44	22394215	324298208.00
2017/07/28	14.28	14.90	14.10	14.65	27067949	394958592.00
2017/07/31	14.58	15.45	14.58	15.29	40244896	605689088.00
2017/08/01	15.01	15.08	14.53	14.77	23817261	352894592.00
2017/08/02	14.66	15.00	14.40	14.47	20768896	305248064.00
2017/08/03	14.34	14.65	14.26	14.54	14249463	206157904.00
2017/08/04	14.50	15.08	14.34	14.36	20889481	308035744.00
2017/08/07	14.20	14.96	14.15	14.94	21392491	314012864.00
2017/08/08	14.95	15.50	14.61	14.78	34791306	523988384.00
2017/08/09	14.62	15.60	14.42	15.45	38727608	585251008.00
2017/08/10	15.28	15.39	14.91	15.33	31360696	476373280.00
2017/08/11	15.01	15.09	13.98	14.18	24541698	358436128.00
2017/08/14	14.00	14.48	13.95	14.33	11134106	159098288.00
2017/08/15	14.22	14.35	14.01	14.09	10728469	151815088.00
2017/08/16	14.07	14.15	13.51	13.69	15053521	206587040.00
2017/08/17	13.88	13.95	13.69	13.87	9710808	134264288.00
2017/08/18	13.70	14.48	13.60	14.15	14143433	198486752.00
2017/08/21	14.15	14.23	13.83	14.17	8764400	123576800.00
2017/08/22	14.14	14.14	13.93	13.97	6617116	92729984.00
2017/08/23	13.90	13.97	13.63	13.70	6561185	90204256.00
2017/08/24	13.70	13.79	13.56	13.60	4523081	61798972.00
2017/08/25	13.60	13.90	13.60	13.86	6035615	83276896.00
2017/08/28	13.78	14.05	13.71	14.00	6937345	96845832.00
2017/08/29	13.97	14.28	13.91	14.08	9846007	139277312.00
2017/08/30	14.02	14.19	13.98	14.16	7468950	105451360.00
2017/08/31	14.00	14.09	13.85	14.04	7887482	110135824.00
2017/09/01	14.08	14.56	14.01	14.44	18290812	262202912.00
2017/09/04	14.40	14.62	14.28	14.44	12747503	184121904.00
2017/09/05	14.37	14.44	14.10	14.20	8396855	119328856.00
2017/09/06	14.11	14.66	14.01	14.32	12678362	182240368.00
2017/09/07	14.23	14.41	14.08	14.10	8481376	120426664.00
2017/09/08	14.15	14.40	14.08	14.29	8053039	114879560.00
2017/09/11	14.20	14.85	14.20	14.65	15453747	225542560.00
2017/09/12	14.60	15.16	14.51	14.68	22836066	338714176.00
2017/09/13	14.64	15.00	14.42	14.98	16462291	242790864.00
2017/09/14	14.85	15.46	14.47	15.11	26030101	389240416.00
2017/09/15	14.86	15.18	14.58	14.79	17862548	265569072.00
2017/09/18	14.64	15.10	14.58	15.07	16736909	249073792.00
2017/09/19	14.99	15.06	14.56	14.61	13999335	207198864.00
2017/09/20	14.56	15.44	14.51	15.37	32451016	489813696.00
2017/09/21	15.38	15.38	14.73	14.75	23762867	356371328.00
2017/09/22	14.63	14.80	14.46	14.55	10990466	160649472.00
2017/09/25	14.55	14.60	13.89	13.92	11734324	166257968.00
2017/09/26	14.00	14.04	13.80	13.95	7089505	98652624.00
2017/09/27	13.93	14.08	13.85	13.88	5790298	80896616.00
2017/09/28	13.90	14.00	13.70	13.71	6225743	86029952.00
2017/09/29	13.70	13.87	13.70	13.78	5331994	73605424.00
2017/10/09	13.92	14.07	13.89	13.95	4993329	69731960.00
2017/10/10	13.97	14.04	13.81	13.96	4359463	60608708.00
2017/10/11	13.90	14.02	13.82	13.96	5258541	73192936.00
2017/10/12	13.92	13.97	13.61	13.78	5853843	80789824.00
2017/10/13	13.70	13.90	13.70	13.88	4259347	58767724.00
2017/10/16	13.92	13.92	13.58	13.66	4669282	64027864.00
2017/10/17	13.65	13.68	13.18	13.26	7128611	95029888.00
2017/10/18	13.12	13.35	12.95	13.06	4200139	55342904.00
2017/10/19	13.06	13.10	12.80	12.86	4305379	55754016.00
2017/10/20	12.82	13.07	12.81	13.05	2762811	35864384.00
2017/10/23	13.02	13.05	12.91	13.01	2916653	37796924.00
2017/10/24	13.02	13.13	12.90	13.01	3262176	42482328.00
2017/10/25	13.01	13.14	12.95	13.07	2530128	33022978.00
2017/10/26	13.02	13.26	13.02	13.17	3313015	43602104.00
2017/10/27	13.18	13.25	12.98	13.00	3028972	39622572.00
2017/10/30	12.99	12.99	12.53	12.55	5152156	65118492.00
2017/10/31	12.55	12.68	12.55	12.64	1793663	22645712.00
2017/11/01	12.64	12.84	12.64	12.71	2419500	30869258.00
2017/11/02	12.71	12.71	12.49	12.50	2722501	34213428.00
2017/11/03	12.58	12.63	12.28	12.38	3736397	46306124.00
2017/11/06	12.38	12.61	12.28	12.52	3768314	47041912.00
2017/11/07	12.48	12.69	12.46	12.66	3942767	49671080.00
2017/11/08	12.61	12.78	12.58	12.69	3085769	39161904.00
2017/11/09	12.58	12.80	12.57	12.75	2479058	31582548.00
2017/11/10	12.69	12.79	12.60	12.68	2657173	33673232.00
2017/11/13	12.67	12.74	12.54	12.73	3218012	40717716.00
2017/11/14	12.72	12.73	12.53	12.60	3047108	38432200.00
2017/11/15	12.62	12.65	12.30	12.42	3308186	41200216.00
2017/11/16	12.41	12.48	12.35	12.39	2716550	33731168.00
2017/11/17	12.38	12.42	11.85	11.88	5148501	62325264.00
2017/11/20	11.89	12.02	11.50	12.00	3165044	37284984.00
2017/11/21	12.00	12.09	11.89	11.94	2287368	27384924.00
2017/11/22	11.94	12.25	11.94	12.12	3278783	39775916.00
2017/11/23	12.12	12.35	11.94	11.95	4013967	48927888.00
2017/11/24	11.94	12.34	11.79	12.27	4027215	48901152.00
2017/11/27	12.30	12.30	11.88	11.93	3537963	42772012.00
2017/11/28	11.96	12.21	11.93	12.18	3092909	37378292.00
2017/11/29	12.24	12.33	12.06	12.28	5001746	61160496.00
2017/11/30	12.26	12.43	12.16	12.19	4114364	50470384.00
2017/12/01	12.28	12.35	12.15	12.26	2703287	33156176.00
2017/12/04	12.21	12.34	11.96	12.00	2818266	34276528.00
2017/12/05	12.03	12.09	11.58	11.78	4306159	50905840.00
2017/12/06	11.70	11.84	11.56	11.83	2978260	34752908.00
2017/12/07	11.82	11.85	11.63	11.70	3012946	35367316.00
2017/12/08	11.70	11.81	11.60	11.78	2692028	31618856.00
2017/12/11	11.78	11.87	11.72	11.84	2541793	29998548.00
2017/12/12	11.84	11.84	11.67	11.69	2935736	34455124.00
2017/12/13	11.60	11.76	11.60	11.75	1988518	23232154.00
2017/12/14	11.75	11.75	11.63	11.66	1541894	18007526.00
2017/12/15	11.76	11.76	11.56	11.62	1747319	20364360.00
2017/12/18	11.70	11.81	11.64	11.80	2449586	28758812.00
2017/12/19	11.83	11.83	11.75	11.82	2555303	30142200.00
2017/12/20	11.84	11.85	11.66	11.68	2054089	24086028.00
2017/12/21	11.68	11.72	11.58	11.66	1708060	19898284.00
2017/12/22	11.66	11.85	11.63	11.73	2459407	28889936.00
2017/12/25	11.68	11.74	11.62	11.65	1698530	19810088.00
2017/12/26	11.65	11.81	11.53	11.75	2455768	28778408.00
2017/12/27	11.75	11.97	11.70	11.83	3819686	45415592.00
2017/12/28	11.80	12.20	11.77	12.11	6507642	78434240.00
2017/12/29	12.14	12.14	11.97	12.08	4002633	48286796.00
2018/01/02	12.11	12.15	12.00	12.12	3357826	40635920.00
2018/01/03	12.09	12.25	12.05	12.15	3760884	45756192.00
2018/01/04	12.15	12.24	12.02	12.12	3084117	37354596.00
2018/01/05	12.13	12.20	12.04	12.12	3140445	37989488.00
2018/01/08	12.12	12.39	12.06	12.37	5654714	69468504.00
2018/01/09	12.30	12.45	12.26	12.35	4574809	56489760.00
2018/01/10	12.36	12.40	11.98	12.08	5432233	65958832.00
2018/01/11	11.98	12.18	11.96	12.15	3215008	38947452.00
2018/01/12	12.14	12.14	11.98	12.02	3018983	36344588.00
2018/01/15	12.03	12.05	11.54	11.61	4911318	57621508.00
2018/01/16	11.62	11.74	11.55	11.63	3905546	45423728.00
2018/01/17	11.61	11.63	11.41	11.59	4469841	51560920.00
2018/01/18	11.60	11.70	11.59	11.63	2981302	34706408.00
2018/01/19	11.63	11.70	11.58	11.69	3283687	38244168.00
2018/01/22	11.70	11.82	11.55	11.80	3625187	42449624.00
2018/01/23	11.80	11.91	11.75	11.86	3738856	44261784.00
2018/01/24	11.84	12.13	11.82	12.02	5052713	60462776.00
2018/01/25	12.10	12.18	11.92	11.93	4856504	58435056.00
2018/01/26	11.95	11.95	11.75	11.85	3429040	40657680.00
2018/01/29	11.87	12.18	11.84	12.14	7297047	87638608.00
2018/01/30	12.24	12.25	12.00	12.04	5852374	70883472.00
2018/01/31	11.89	11.89	11.51	11.63	6347674	74050992.00
2018/02/01	11.58	11.66	11.00	11.02	6055987	68347104.00
2018/02/02	11.00	11.22	10.62	11.15	4090909	44934928.00
2018/02/05	11.10	11.10	10.85	10.99	2644088	29048572.00
2018/02/06	10.80	11.02	10.15	10.20	4845197	51649916.00
2018/02/07	10.35	10.51	10.04	10.26	3884613	40040172.00
2018/02/08	10.26	10.44	10.11	10.36	1965802	20309056.00
2018/02/09	10.22	10.22	9.81	10.00	4488946	44934744.00
2018/02/12	10.00	10.24	10.00	10.19	1914873	19442996.00
2018/02/13	10.28	10.37	10.15	10.26	2119123	21724996.00
2018/02/14	10.30	10.30	10.15	10.25	1453045	14854829.00
2018/02/22	10.33	10.56	10.27	10.44	2195300	22908430.00
2018/02/23	10.44	10.48	10.35	10.44	1561354	16272839.00
2018/02/26	10.51	10.66	10.40	10.58	3134492	33001218.00
2018/02/27	10.58	10.65	10.48	10.51	1947501	20532676.00
2018/02/28	10.41	10.69	10.38	10.58	3132993	33006396.00
2018/03/01	10.45	10.63	10.44	10.62	2539417	26761496.00
2018/03/02	10.54	10.85	10.48	10.64	4444562	47525476.00
2018/03/05	10.60	10.67	10.50	10.52	2749926	29014780.00
2018/03/06	10.60	10.76	10.55	10.75	3859224	41171936.00
2018/03/07	10.75	10.77	10.55	10.59	2788367	29743988.00
2018/03/08	10.61	10.71	10.61	10.69	2025741	21610518.00
2018/03/09	10.68	10.84	10.61	10.81	3788102	40563128.00
2018/03/12	10.81	10.95	10.79	10.91	4066044	44230320.00
2018/03/13	10.85	11.07	10.82	10.99	3949571	43262052.00
2018/03/14	10.89	11.20	10.89	10.91	4574395	50560184.00
2018/03/15	10.89	10.89	10.64	10.74	4418989	47424760.00
2018/03/16	10.70	10.77	10.65	10.66	2235001	23948828.00
2018/03/19	10.66	10.68	10.53	10.66	1890011	20059364.00
2018/03/20	10.63	10.63	10.49	10.57	2720945	28692728.00
2018/03/21	10.60	10.84	10.57	10.59	3690295	39468656.00
2018/03/22	10.51	10.72	10.51	10.70	2895764	30814802.00
2018/03/23	10.47	10.47	9.91	10.02	5925624	60567336.00
2018/03/26	9.91	10.24	9.68	10.21	4146843	41645180.00
2018/03/27	10.30	10.37	10.18	10.30	3012942	30973652.00
2018/03/28	10.18	10.28	10.10	10.13	2635174	26768832.00
2018/03/29	10.12	10.30	10.12	10.27	2367221	24256140.00
2018/03/30	10.25	10.35	10.25	10.32	2220946	22868640.00
2018/04/02	10.30	10.66	10.26	10.60	6872979	72398296.00
2018/04/03	10.60	10.60	10.46	10.57	2900259	30576790.00
2018/04/04	10.48	11.63	10.47	11.18	18981289	212854688.00
2018/04/09	10.93	11.98	10.88	11.62	19132747	217554848.00
2018/04/10	11.50	12.00	11.31	11.49	15697888	181125664.00
2018/04/11	11.37	11.85	11.27	11.38	12389476	141200064.00
2018/04/12	11.34	11.34	10.96	11.00	7827877	86721392.00
2018/04/13	11.00	11.11	10.86	10.97	4606022	50607644.00
2018/04/16	10.88	11.02	10.60	10.62	5282735	57029304.00
2018/04/17	10.76	10.82	10.53	10.56	3960039	42346240.00
2018/04/18	10.61	10.72	10.19	10.47	4466879	46599848.00
2018/04/19	10.57	10.79	10.48	10.66	4177213	44551584.00
2018/04/20	10.67	10.73	10.23	10.25	3853000	40174088.00
2018/04/23	10.21	10.39	10.12	10.29	2601710	26667874.00
2018/04/24	10.30	10.48	10.27	10.47	2623102	27264918.00
2018/04/25	10.43	10.47	10.33	10.38	1961320	20361176.00
数据来源:通达信
