600021 上海电力 日线 不复权
      日期	    开盘	    最高	    最低	    收盘	    成交量	    成交额
2017/03/27	12.09	12.19	12.08	12.14	7535840	91452968.00
2017/03/28	12.13	12.14	11.98	12.00	7954227	95589248.00
2017/03/29	12.00	12.06	11.96	11.98	7724583	92674240.00
2017/03/30	12.02	12.50	11.96	12.42	32523663	399184544.00
2017/03/31	12.43	12.75	12.19	12.32	29204072	364480160.00
2017/04/05	12.22	12.60	12.01	12.50	17977216	221814976.00
2017/04/06	12.40	12.75	12.38	12.56	19526104	246584128.00
2017/04/07	12.53	12.93	12.49	12.79	29716988	378953344.00
2017/04/10	12.70	12.88	12.57	12.77	18226603	231856000.00
2017/04/11	12.71	12.83	12.45	12.77	17607372	223089184.00
2017/04/12	12.74	12.93	12.57	12.86	16915845	216435744.00
2017/04/13	12.75	12.94	12.70	12.90	13564462	174333744.00
2017/04/14	12.90	12.92	12.63	12.69	10421450	132672152.00
2017/04/17	12.69	12.87	12.48	12.85	9254350	116928184.00
2017/04/18	12.83	12.84	12.45	12.63	9310398	117944040.00
2017/04/19	12.51	12.61	12.20	12.57	11776597	145586032.00
2017/04/20	12.50	12.65	12.30	12.47	7165434	89242904.00
2017/04/21	12.46	12.99	12.42	12.95	25207052	322089344.00
2017/04/24	12.99	13.27	12.80	13.08	35612577	463398144.00
2017/04/25	13.10	13.25	12.86	13.16	25522271	335250880.00
2017/04/26	13.12	13.21	12.85	13.01	19160009	250408800.00
2017/04/27	13.00	13.04	12.71	12.99	11904386	153605872.00
2017/04/28	12.81	13.06	12.77	13.01	13693668	177580448.00
2017/05/02	12.98	13.04	12.53	12.54	13527038	172164224.00
2017/05/03	12.46	12.48	12.18	12.30	13571380	166579920.00
2017/05/04	12.22	12.45	12.20	12.29	6790796	83708576.00
2017/05/05	12.20	12.58	12.20	12.37	8384225	104188952.00
2017/05/08	12.38	12.48	12.28	12.47	5634467	69902424.00
2017/05/09	12.46	12.85	12.41	12.66	12699173	161481184.00
2017/05/10	12.62	12.66	12.31	12.54	7846754	97772936.00
2017/05/11	12.45	12.71	12.31	12.65	11332912	142372576.00
2017/05/12	12.71	12.84	12.60	12.63	5359683	68046032.00
2017/05/15	12.75	12.81	12.54	12.75	6672731	84678944.00
2017/05/16	12.69	12.85	12.61	12.83	7871872	100631192.00
2017/05/17	12.80	12.87	12.74	12.77	7280706	93293752.00
2017/05/18	12.72	12.73	12.38	12.59	6976656	87528400.00
2017/05/19	12.48	13.00	12.40	12.87	10077224	128841296.00
2017/05/22	12.76	12.88	12.60	12.87	8697215	110900952.00
2017/05/23	12.86	12.86	12.45	12.80	14121004	178943024.00
2017/05/24	12.68	12.74	12.54	12.72	5079717	64297420.00
2017/05/25	12.65	12.76	12.57	12.70	4721113	59914632.00
2017/05/26	12.74	12.85	12.67	12.76	7026524	89745632.00
2017/05/31	12.77	12.97	12.70	12.95	10464956	134735728.00
2017/06/01	12.95	13.05	12.79	13.03	20153366	261651600.00
2017/06/02	13.00	13.06	12.71	12.85	10396039	134002416.00
2017/06/05	12.78	13.25	12.77	13.23	19972542	262049232.00
2017/06/06	13.19	13.19	13.04	13.08	10809171	141614912.00
2017/06/07	13.09	13.15	13.00	13.10	10653627	139197632.00
2017/06/08	13.10	13.10	12.96	13.06	6532129	85061864.00
2017/06/09	13.10	13.12	12.80	12.81	10877872	140361424.00
2017/06/12	12.79	12.90	12.71	12.83	6162349	78875576.00
2017/06/13	12.77	12.85	12.55	12.61	13094034	165832480.00
2017/06/14	12.63	12.63	12.20	12.34	18834871	232595600.00
2017/06/15	12.34	12.39	12.26	12.34	8786975	108264968.00
2017/06/16	12.33	12.44	12.31	12.36	5212900	64562212.00
2017/06/19	12.31	12.43	12.27	12.38	5334382	65918340.00
2017/06/20	12.41	12.42	12.33	12.37	4002128	49466088.00
2017/06/21	12.41	12.55	12.35	12.52	6824457	84997936.00
2017/06/22	12.56	12.65	12.51	12.58	9012265	113333616.00
2017/06/23	12.35	12.42	12.20	12.33	7055270	86826840.00
2017/06/26	12.41	12.41	12.25	12.33	5499070	67767648.00
2017/06/27	12.38	12.38	12.22	12.24	5959047	73147792.00
2017/06/28	12.25	12.30	12.05	12.08	8321945	101139352.00
2017/06/29	12.09	12.15	12.00	12.04	8865733	106979536.00
2017/06/30	12.05	12.14	12.03	12.09	5962600	72115952.00
2017/07/03	12.11	12.17	12.10	12.16	3623422	43961328.00
2017/07/04	12.15	12.24	12.05	12.22	7054702	85693720.00
2017/07/05	12.18	12.22	12.14	12.16	4071269	49543456.00
2017/07/06	12.22	12.35	12.15	12.19	8127954	99324096.00
2017/07/07	12.16	12.25	12.04	12.17	8601912	104523408.00
2017/07/10	12.15	12.15	12.07	12.09	6172784	74651624.00
2017/07/11	12.09	12.11	12.02	12.05	5280000	63666216.00
2017/07/12	12.03	12.09	11.75	11.86	8800630	104728296.00
2017/07/13	11.85	11.89	11.78	11.84	5757097	68045408.00
2017/07/14	11.86	11.91	11.79	11.89	4456581	52862260.00
2017/07/17	11.87	11.88	11.22	11.56	10320401	119211232.00
2017/07/18	11.55	11.55	11.30	11.49	5257043	60017696.00
2017/07/19	11.49	11.60	11.35	11.55	6427947	73710488.00
2017/07/20	11.55	11.74	11.50	11.66	7680609	89281864.00
2017/07/21	11.60	11.72	11.56	11.66	4398185	51366504.00
2017/07/24	11.67	11.72	11.62	11.65	3554297	41473308.00
2017/07/25	11.68	11.71	11.53	11.56	5198476	60307244.00
2017/07/26	11.54	11.63	11.54	11.62	3897978	45207736.00
2017/07/27	11.60	11.68	11.57	11.63	5087857	59170092.00
2017/07/28	11.64	11.71	11.60	11.66	3545346	41310408.00
2017/07/31	11.64	11.68	11.47	11.56	5105023	58850444.00
2017/08/01	11.53	11.57	11.45	11.52	5446614	62697268.00
2017/08/02	11.54	11.54	11.40	11.43	4087435	46864920.00
2017/08/03	11.45	11.50	11.39	11.49	3547673	40657120.00
2017/08/04	11.48	11.52	11.44	11.51	3532389	40609956.00
2017/08/07	11.50	11.65	11.40	11.60	6448906	74217552.00
2017/08/08	11.52	11.58	11.41	11.44	6942074	79589088.00
2017/08/09	11.44	11.50	11.37	11.38	4199500	47907096.00
2017/08/10	11.36	11.44	11.26	11.40	8213040	93291352.00
2017/08/11	11.48	11.49	11.28	11.45	7809727	89024976.00
2017/08/14	11.43	11.45	11.33	11.40	5244930	59725712.00
2017/08/15	11.38	11.44	11.35	11.41	4599166	52359824.00
2017/08/16	11.41	11.46	11.35	11.46	3324627	37991880.00
2017/08/17	11.46	11.65	11.46	11.58	5805779	67201456.00
2017/08/18	11.54	11.64	11.47	11.61	5795746	67157800.00
2017/08/21	11.63	11.67	11.52	11.53	6694433	77476712.00
2017/08/22	11.53	11.60	11.49	11.55	4197820	48383424.00
2017/08/23	11.55	11.55	11.36	11.39	5705440	65185648.00
2017/08/24	11.36	11.48	11.36	11.39	2938615	33528432.00
2017/08/25	11.35	11.45	11.35	11.43	3078835	35159960.00
2017/08/28	11.48	11.61	11.45	11.59	11321822	130539536.00
2017/08/29	11.68	11.85	11.62	11.65	14566280	171045024.00
2017/08/30	11.70	11.70	11.53	11.57	8480158	98200264.00
2017/08/31	11.55	11.56	11.43	11.49	6534155	74940176.00
2017/09/01	11.56	11.68	11.41	11.48	10425474	120130664.00
2017/09/04	11.41	11.47	11.35	11.41	10866233	123844864.00
2017/09/05	11.41	11.45	11.37	11.40	5996904	68430856.00
2017/09/06	11.40	11.41	11.33	11.38	5529542	62804232.00
2017/09/07	11.40	11.40	11.28	11.29	9455234	107061320.00
2017/09/08	11.33	11.43	11.28	11.37	10001920	113410688.00
2017/09/11	11.35	11.37	11.30	11.34	7687882	87119712.00
2017/09/12	11.36	11.38	11.30	11.36	7283377	82456968.00
2017/09/13	11.35	11.43	11.30	11.43	9084362	103289736.00
2017/09/22	11.69	11.70	11.41	11.47	18786447	216613920.00
2017/09/25	11.40	11.58	11.02	11.52	17153237	194342208.00
2017/09/26	11.43	11.58	11.37	11.48	8110159	93152568.00
2017/09/27	11.47	11.49	11.30	11.31	6220040	70703288.00
2017/09/28	11.31	11.38	11.20	11.26	5025124	56622284.00
2017/09/29	11.26	11.32	11.16	11.16	4128545	46278704.00
2017/10/09	11.22	11.27	11.18	11.19	3943621	44203688.00
2017/10/10	11.20	11.22	11.17	11.21	4038338	45207080.00
2017/10/11	11.22	11.51	11.17	11.44	11205050	127211384.00
2017/10/12	11.38	11.44	11.30	11.39	4777930	54282812.00
2017/10/13	11.39	11.43	11.30	11.32	3671435	41612112.00
2017/10/16	11.32	11.34	11.16	11.22	4903502	55093344.00
2017/10/17	11.22	11.28	11.15	11.18	2705700	30283148.00
2017/10/18	11.19	11.32	11.16	11.31	5380329	60589792.00
2017/10/19	11.30	11.31	11.10	11.19	5069028	56716104.00
2017/10/20	11.20	11.23	11.12	11.20	2920401	32657732.00
2017/10/23	11.21	11.23	11.15	11.18	2020700	22584868.00
2017/10/24	11.20	11.35	11.16	11.35	7616280	85982472.00
2017/10/25	11.35	11.36	11.25	11.29	2831261	31993368.00
2017/10/26	11.25	11.28	11.21	11.24	3405524	38270820.00
2017/10/27	11.25	11.25	11.15	11.17	3781691	42340688.00
2017/10/30	11.16	11.23	11.03	11.21	5762280	63962752.00
2017/10/31	11.13	11.20	11.12	11.16	2291143	25541696.00
2017/11/01	11.17	11.23	11.09	11.10	3559697	39662412.00
2017/11/02	11.11	11.14	11.00	11.01	3688809	40760244.00
2017/11/03	11.03	11.05	10.90	10.92	3851416	42124496.00
2017/11/06	10.92	11.05	10.92	11.02	3062147	33636732.00
2017/11/07	11.00	11.08	10.97	11.03	3600303	39710444.00
2017/11/08	11.03	11.17	10.99	11.11	6479619	71769120.00
2017/11/09	11.12	11.12	10.99	11.02	4430830	48852608.00
2017/11/10	11.06	11.06	10.94	10.96	4392998	48211484.00
2017/11/13	10.95	11.03	10.92	10.99	2885613	31743956.00
2017/11/14	11.00	11.01	10.72	10.77	7322094	79193536.00
2017/11/15	10.71	10.75	10.55	10.56	6938865	73594240.00
2017/11/16	10.59	10.60	10.51	10.51	2336647	24604542.00
2017/11/17	10.52	10.54	9.99	10.10	5884439	60182080.00
2017/11/20	10.11	10.14	9.81	10.01	3957561	39338720.00
2017/11/21	9.97	10.08	9.97	10.02	2687950	26996502.00
2017/11/22	10.01	10.25	10.00	10.06	4718650	47630788.00
2017/11/23	10.07	10.21	10.01	10.02	5631674	57015444.00
2017/11/24	10.10	10.12	9.95	9.97	2389763	23866452.00
2017/11/27	9.99	10.06	9.84	9.91	3352397	33254972.00
2017/11/28	9.91	9.92	9.86	9.89	2779382	27463320.00
2017/11/29	9.88	9.98	9.85	9.92	3344136	33113292.00
2017/11/30	9.90	9.96	9.86	9.87	2548599	25254160.00
2017/12/01	9.88	9.91	9.85	9.88	2448083	24186780.00
2017/12/04	9.88	9.96	9.66	9.67	4877548	47779952.00
2017/12/05	9.67	9.70	9.36	9.39	5867935	55529456.00
2017/12/06	9.37	9.62	9.30	9.54	4596666	43596732.00
2017/12/07	9.54	9.66	9.50	9.58	2686006	25745636.00
2017/12/08	9.57	9.65	9.53	9.63	2351748	22587156.00
2017/12/11	9.64	9.70	9.58	9.65	1964161	18954992.00
2017/12/12	9.66	9.69	9.61	9.64	2021433	19510680.00
2017/12/13	9.62	9.67	9.50	9.54	3155324	30150884.00
2017/12/14	9.50	9.55	9.46	9.50	2042011	19391536.00
2017/12/15	9.51	9.57	9.36	9.38	3958742	37337792.00
2017/12/18	9.39	9.51	9.38	9.45	3309199	31183604.00
2017/12/19	9.41	9.47	9.39	9.45	1676267	15817913.00
2017/12/20	9.46	9.46	9.28	9.28	3085779	28826888.00
2017/12/21	9.31	9.35	9.16	9.20	2965246	27310844.00
2017/12/22	9.21	9.26	9.18	9.21	2203974	20288796.00
2017/12/25	9.20	9.23	9.01	9.04	4201201	38092864.00
2017/12/26	9.06	9.18	9.01	9.13	2731005	24822488.00
2017/12/27	9.13	9.13	9.05	9.05	2314669	21045066.00
2017/12/28	9.05	9.08	9.02	9.04	2536392	22928580.00
2017/12/29	9.04	9.16	9.03	9.14	3105755	28256070.00
2018/01/02	9.15	9.23	9.15	9.18	2742160	25182230.00
2018/01/03	9.19	9.27	9.15	9.26	3335528	30789620.00
2018/01/04	9.28	9.38	9.22	9.38	4490737	41914324.00
2018/01/05	9.37	9.38	9.22	9.26	7436491	68928480.00
2018/01/08	9.26	9.29	9.18	9.25	4037600	37279060.00
2018/01/09	9.25	9.31	9.18	9.19	3664185	33795728.00
2018/01/10	9.19	9.20	9.05	9.09	4074240	37090296.00
2018/01/11	9.10	9.11	9.04	9.10	2783739	25262764.00
2018/01/12	9.11	9.12	9.03	9.06	3923650	35551308.00
2018/01/15	9.06	9.06	8.77	8.77	7136940	63619636.00
2018/01/16	8.77	8.88	8.68	8.75	5242772	46065288.00
2018/01/17	8.75	8.82	8.59	8.78	5420873	47059316.00
2018/01/18	8.80	8.84	8.73	8.84	3969058	34854340.00
2018/01/19	8.84	8.97	8.81	8.91	5678907	50459664.00
2018/01/22	8.91	8.91	8.79	8.89	3688170	32666016.00
2018/01/23	8.86	8.91	8.81	8.89	3958760	35025560.00
2018/01/24	8.88	8.88	8.78	8.85	4499813	39711384.00
2018/01/25	8.85	9.07	8.81	9.04	7888288	70894152.00
2018/01/26	9.05	9.08	9.00	9.02	3337325	30116164.00
2018/01/29	9.02	9.15	8.96	9.00	6388379	57822736.00
2018/01/30	8.95	8.99	8.83	8.85	4053157	36023888.00
2018/01/31	8.80	8.81	8.62	8.63	4483300	38988236.00
2018/02/01	8.64	8.71	8.26	8.28	5608991	47457968.00
2018/02/02	8.28	8.28	7.94	8.08	4949981	40024704.00
2018/02/05	8.00	8.18	7.93	8.14	3098554	25018840.00
2018/02/06	8.10	8.20	7.91	7.92	4242036	34137420.00
2018/02/07	7.98	8.04	7.81	7.83	4048010	32001056.00
2018/02/08	7.77	8.08	7.77	8.01	3147497	24949804.00
2018/02/09	7.90	7.90	7.41	7.52	5254373	40201700.00
2018/02/12	7.53	7.66	7.53	7.64	2500520	19046320.00
2018/02/13	7.68	7.87	7.66	7.75	2369450	18460028.00
2018/02/14	7.87	7.88	7.77	7.81	1350637	10541883.00
2018/02/22	7.86	7.90	7.85	7.88	1874646	14770719.00
2018/02/23	7.87	7.95	7.85	7.90	1701339	13442117.00
2018/02/26	7.90	7.95	7.80	7.92	3194301	25228694.00
2018/02/27	7.92	8.06	7.92	8.05	3942609	31631960.00
2018/02/28	8.03	8.09	7.98	8.02	3322610	26670044.00
2018/03/01	8.02	8.07	7.98	8.06	2874388	23111626.00
2018/03/02	8.04	8.15	8.00	8.07	3291885	26566844.00
2018/03/05	8.09	8.15	8.00	8.03	2968934	23944236.00
2018/03/06	8.05	8.14	8.05	8.13	3545777	28734618.00
2018/03/07	8.13	8.79	8.09	8.48	10725158	90963224.00
2018/03/08	8.40	8.60	8.35	8.44	7100165	60241792.00
2018/03/09	8.35	8.45	8.25	8.38	6843431	57096520.00
2018/03/12	8.42	8.45	8.37	8.41	3877715	32560102.00
2018/03/13	8.32	8.40	8.27	8.28	4217837	35091008.00
2018/03/14	8.30	8.32	8.26	8.29	2389198	19793464.00
2018/03/15	8.25	8.63	8.21	8.41	7410422	62516048.00
2018/03/16	8.38	8.47	8.28	8.37	4311566	36157632.00
2018/03/19	8.37	8.42	8.30	8.31	2739136	22833512.00
2018/03/20	8.26	8.34	8.22	8.29	2666612	22107400.00
2018/03/21	8.32	8.39	8.28	8.30	3128239	26091342.00
2018/03/22	8.30	8.53	8.21	8.46	8589978	72032592.00
2018/03/23	8.35	8.91	8.14	8.56	16531375	140921120.00
2018/03/26	8.40	8.75	7.75	8.63	10498864	88428520.00
2018/03/27	8.70	9.09	8.65	8.99	19772717	176651056.00
2018/03/28	8.86	9.05	8.82	9.01	11094949	99334368.00
2018/03/29	8.95	9.14	8.83	8.85	11040294	99160728.00
2018/03/30	8.91	8.93	8.74	8.79	6799120	59984012.00
2018/04/02	8.82	8.89	8.72	8.76	5458697	47943056.00
2018/04/03	8.71	8.77	8.59	8.64	4877071	42265152.00
2018/04/04	8.66	8.70	8.59	8.59	3631903	31339536.00
2018/04/09	8.55	8.67	8.49	8.66	4289469	36791060.00
2018/04/10	8.65	8.71	8.61	8.67	4293464	37215764.00
2018/04/11	8.70	8.76	8.65	8.75	4124207	35915504.00
2018/04/12	8.70	8.77	8.59	8.60	3192870	27625346.00
2018/04/13	8.59	8.65	8.40	8.41	4834834	41187616.00
2018/04/16	8.38	8.40	8.16	8.22	4848888	40002800.00
2018/04/17	8.24	8.32	7.80	8.00	4503713	36704416.00
2018/04/18	8.05	8.13	7.89	8.03	3674232	29348468.00
2018/04/19	8.03	8.12	8.03	8.12	2793225	22574788.00
2018/04/20	8.10	8.14	7.93	8.12	3633409	29224224.00
2018/04/23	8.08	8.14	8.00	8.09	2074186	16717916.00
2018/04/24	8.09	8.20	8.06	8.18	2231175	18235450.00
2018/04/25	8.18	8.20	8.13	8.16	1561806	12760984.00
数据来源:通达信
