600023 浙能电力 日线 不复权
      日期	    开盘	    最高	    最低	    收盘	    成交量	    成交额
2017/03/27	5.62	5.66	5.61	5.64	18118042	102161184.00
2017/03/28	5.64	5.65	5.61	5.64	16160825	91009032.00
2017/03/29	5.65	5.65	5.57	5.63	19504541	109466928.00
2017/03/30	5.61	5.72	5.56	5.68	45469129	256619936.00
2017/03/31	5.67	5.75	5.65	5.70	34173017	194932128.00
2017/04/05	5.68	5.78	5.66	5.75	38756342	221946176.00
2017/04/06	5.74	5.78	5.72	5.76	27981093	160838144.00
2017/04/07	5.75	5.79	5.72	5.76	33275193	191437792.00
2017/04/10	5.72	5.75	5.68	5.69	36207346	207033648.00
2017/04/11	5.69	5.72	5.62	5.72	32570883	184916944.00
2017/04/12	5.71	5.84	5.68	5.80	75648747	437503168.00
2017/04/13	5.77	5.85	5.76	5.80	41514601	241242400.00
2017/04/14	5.81	5.85	5.72	5.78	37189644	215408192.00
2017/04/17	5.76	5.81	5.71	5.80	26488973	152393984.00
2017/04/18	5.78	5.82	5.70	5.71	28600729	164642336.00
2017/04/19	5.69	5.72	5.61	5.71	32207549	182291616.00
2017/04/20	5.68	5.73	5.64	5.72	25816725	146462256.00
2017/04/21	5.70	5.78	5.68	5.76	21355889	122271104.00
2017/04/24	5.76	5.81	5.66	5.79	42336575	242454864.00
2017/04/25	5.77	5.79	5.74	5.76	22045355	127094088.00
2017/04/26	5.72	5.73	5.51	5.53	65885436	369126240.00
2017/04/27	5.50	5.50	5.40	5.47	32753555	178328320.00
2017/04/28	5.45	5.48	5.41	5.47	21752128	118421648.00
2017/05/02	5.45	5.47	5.42	5.43	13729610	74693408.00
2017/05/03	5.43	5.45	5.34	5.37	23681807	127708704.00
2017/05/04	5.35	5.41	5.33	5.37	22437817	120395520.00
2017/05/05	5.37	5.39	5.30	5.39	25808675	138083424.00
2017/05/08	5.36	5.50	5.34	5.48	34798301	189072464.00
2017/05/09	5.45	5.56	5.44	5.50	23857926	131434648.00
2017/05/10	5.50	5.54	5.46	5.49	23107259	127022400.00
2017/05/11	5.46	5.59	5.44	5.56	45725124	252759232.00
2017/05/12	5.57	5.57	5.53	5.54	7989914	44302168.00
2017/05/15	5.54	5.60	5.54	5.58	16715089	93106384.00
2017/05/16	5.58	5.61	5.50	5.59	15449025	85937664.00
2017/05/17	5.59	5.61	5.48	5.49	23992311	132755768.00
2017/05/18	5.48	5.54	5.46	5.53	14108418	77683080.00
2017/05/19	5.52	5.55	5.49	5.55	12426038	68637752.00
2017/05/22	5.54	5.61	5.42	5.59	27564870	151990160.00
2017/05/23	5.54	5.66	5.50	5.65	40919504	229054016.00
2017/05/24	5.61	5.67	5.57	5.66	19355446	108684288.00
2017/05/25	5.63	5.67	5.61	5.64	11009205	62108712.00
2017/05/26	5.64	5.71	5.63	5.66	15272148	86568104.00
2017/05/31	5.66	5.75	5.64	5.72	26177040	149189504.00
2017/06/01	5.71	5.80	5.64	5.79	49263119	283299168.00
2017/06/02	5.76	5.81	5.75	5.77	16501753	95469480.00
2017/06/05	5.75	5.78	5.71	5.74	14723027	84493232.00
2017/06/06	5.74	5.76	5.68	5.70	17032632	97389736.00
2017/06/07	5.70	5.72	5.63	5.71	39915876	226247856.00
2017/06/08	5.68	5.69	5.66	5.68	13477403	76475720.00
2017/06/09	5.70	5.72	5.67	5.69	15511429	88363600.00
2017/06/12	5.70	5.75	5.69	5.72	16197864	92649424.00
2017/06/13	5.70	5.73	5.68	5.72	11412376	65158840.00
2017/06/14	5.71	5.77	5.70	5.75	25244570	144787120.00
2017/06/15	5.50	5.51	5.43	5.45	25622991	139934832.00
2017/06/16	5.44	5.46	5.41	5.42	12223063	66340036.00
2017/06/19	5.42	5.45	5.41	5.44	8497706	46152408.00
2017/06/20	5.44	5.45	5.41	5.41	8890546	48171588.00
2017/06/21	5.43	5.45	5.40	5.44	10957231	59422660.00
2017/06/22	5.44	5.48	5.43	5.46	20809193	113681560.00
2017/06/23	5.45	5.48	5.40	5.48	18341102	99866560.00
2017/06/26	5.48	5.50	5.44	5.49	14416447	78927776.00
2017/06/27	5.49	5.50	5.44	5.45	16925434	92448080.00
2017/06/28	5.45	5.47	5.42	5.42	19718001	107313208.00
2017/06/29	5.42	5.44	5.41	5.43	9748089	52904420.00
2017/06/30	5.43	5.47	5.41	5.46	18098708	98474504.00
2017/07/03	5.46	5.47	5.42	5.44	14013587	76280592.00
2017/07/04	5.44	5.45	5.41	5.42	13594416	73723632.00
2017/07/05	5.41	5.43	5.39	5.43	14307161	77339528.00
2017/07/06	5.42	5.44	5.39	5.43	16376242	88680120.00
2017/07/07	5.42	5.45	5.40	5.44	15118280	82032792.00
2017/07/10	5.43	5.44	5.41	5.42	12595485	68320752.00
2017/07/11	5.42	5.47	5.41	5.45	20362556	110906008.00
2017/07/12	5.44	5.45	5.40	5.42	14888058	80699384.00
2017/07/13	5.42	5.43	5.40	5.43	9532585	51608692.00
2017/07/14	5.42	5.47	5.41	5.46	21223864	115599312.00
2017/07/17	5.44	5.48	5.32	5.46	34649386	187610784.00
2017/07/18	5.43	5.46	5.41	5.44	15407815	83759216.00
2017/07/19	5.44	5.53	5.42	5.52	28807166	158200624.00
2017/07/20	5.52	5.61	5.48	5.58	43990255	244414832.00
2017/07/21	5.59	5.62	5.55	5.55	22758687	127024336.00
2017/07/24	5.57	5.59	5.54	5.56	19454902	108383832.00
2017/07/25	5.56	5.59	5.52	5.55	16365111	90807640.00
2017/07/26	5.55	5.56	5.52	5.55	13746089	76154112.00
2017/07/27	5.55	5.59	5.52	5.54	20509590	113798752.00
2017/07/28	5.53	5.58	5.52	5.53	16431143	91045848.00
2017/07/31	5.52	5.55	5.52	5.54	16394378	90742824.00
2017/08/01	5.55	5.55	5.52	5.54	14481753	80160336.00
2017/08/02	5.54	5.54	5.44	5.45	26903851	147767248.00
2017/08/03	5.43	5.47	5.41	5.44	22649794	123167944.00
2017/08/04	5.44	5.47	5.43	5.43	14550416	79282552.00
2017/08/07	5.42	5.47	5.42	5.46	15395622	83756512.00
2017/08/08	5.45	5.45	5.42	5.43	14015200	76183808.00
2017/08/09	5.43	5.44	5.42	5.43	12433367	67502392.00
2017/08/10	5.43	5.44	5.39	5.40	19304072	104527008.00
2017/08/11	5.41	5.46	5.34	5.36	26115231	141167504.00
2017/08/14	5.36	5.39	5.35	5.38	16721778	89812032.00
2017/08/15	5.38	5.39	5.36	5.37	13075237	70211688.00
2017/08/16	5.37	5.38	5.34	5.35	16051590	85970256.00
2017/08/17	5.35	5.41	5.35	5.40	15366656	82736024.00
2017/08/18	5.39	5.43	5.37	5.39	16410917	88598160.00
2017/08/21	5.44	5.50	5.43	5.47	28601891	156321504.00
2017/08/22	5.47	5.48	5.44	5.45	15492673	84567272.00
2017/08/23	5.46	5.46	5.42	5.44	11187254	60858400.00
2017/08/24	5.46	5.46	5.38	5.41	12939177	70046208.00
2017/08/25	5.42	5.46	5.40	5.45	14248476	77393072.00
2017/08/28	5.45	5.50	5.44	5.48	22227029	121650192.00
2017/08/29	5.49	5.58	5.48	5.52	28944762	160089712.00
2017/08/30	5.52	5.52	5.48	5.49	15105100	83093728.00
2017/08/31	5.49	5.50	5.44	5.47	13996008	76519192.00
2017/09/01	5.49	5.55	5.48	5.53	27145170	149865040.00
2017/09/04	5.52	5.53	5.47	5.49	17854547	98087864.00
2017/09/05	5.48	5.49	5.47	5.47	13419373	73498792.00
2017/09/06	5.47	5.49	5.46	5.48	13395099	73323824.00
2017/09/07	5.48	5.51	5.47	5.49	15998680	87898416.00
2017/09/08	5.47	5.50	5.46	5.47	15112248	82758160.00
2017/09/11	5.47	5.48	5.45	5.46	12441203	67941032.00
2017/09/12	5.47	5.48	5.44	5.46	18010024	98356872.00
2017/09/13	5.46	5.46	5.43	5.44	9199442	50055020.00
2017/09/14	5.43	5.45	5.42	5.42	9061200	49215280.00
2017/09/15	5.42	5.44	5.41	5.43	7816853	42410740.00
2017/09/18	5.43	5.45	5.42	5.45	11657702	63351788.00
2017/09/19	5.44	5.45	5.41	5.42	11086738	60142384.00
2017/09/20	5.42	5.43	5.40	5.42	9521968	51540656.00
2017/09/21	5.41	5.42	5.37	5.38	16034713	86483784.00
2017/09/22	5.39	5.39	5.36	5.37	8938769	47978832.00
2017/09/25	5.37	5.38	5.34	5.35	11445004	61286492.00
2017/09/26	5.35	5.37	5.34	5.36	8812320	47151228.00
2017/09/27	5.35	5.36	5.34	5.35	7980336	42712104.00
2017/09/28	5.34	5.35	5.32	5.32	9641908	51470300.00
2017/09/29	5.32	5.36	5.32	5.35	8187563	43747976.00
2017/10/09	5.38	5.39	5.34	5.37	13983678	74998848.00
2017/10/10	5.37	5.37	5.32	5.37	14887965	79596384.00
2017/10/11	5.36	5.39	5.35	5.36	14979031	80388096.00
2017/10/12	5.37	5.40	5.33	5.40	19596379	105220624.00
2017/10/13	5.39	5.39	5.36	5.38	10678674	57319704.00
2017/10/16	5.37	5.37	5.33	5.33	15535197	83050376.00
2017/10/17	5.34	5.35	5.32	5.34	6984588	37280592.00
2017/10/18	5.34	5.35	5.31	5.32	8318237	44310784.00
2017/10/19	5.32	5.33	5.27	5.27	12637743	66910192.00
2017/10/20	5.27	5.30	5.26	5.30	8435407	44599912.00
2017/10/23	5.29	5.32	5.28	5.30	7443953	39449736.00
2017/10/24	5.31	5.39	5.29	5.37	23628883	126566112.00
2017/10/25	5.37	5.39	5.36	5.38	7947345	42715800.00
2017/10/26	5.37	5.38	5.35	5.37	7810448	41951528.00
2017/10/27	5.38	5.38	5.34	5.35	7103987	38025396.00
2017/10/30	5.35	5.39	5.30	5.37	17054367	91119968.00
2017/10/31	5.36	5.37	5.33	5.35	8069457	43161316.00
2017/11/01	5.35	5.36	5.32	5.33	8667420	46310940.00
2017/11/02	5.32	5.37	5.30	5.36	12049818	64281100.00
2017/11/03	5.35	5.39	5.30	5.37	19127097	102170240.00
2017/11/06	5.35	5.37	5.33	5.35	12287775	65652028.00
2017/11/07	5.34	5.37	5.33	5.36	12204363	65245104.00
2017/11/08	5.36	5.42	5.34	5.40	19247765	103812600.00
2017/11/09	5.40	5.41	5.37	5.39	16110397	86767296.00
2017/11/10	5.38	5.39	5.35	5.37	13620923	73139864.00
2017/11/13	5.37	5.39	5.36	5.37	11277676	60559880.00
2017/11/14	5.37	5.37	5.30	5.31	15669273	83576576.00
2017/11/15	5.31	5.32	5.29	5.31	12545444	66571856.00
2017/11/16	5.31	5.31	5.29	5.30	8197934	43469872.00
2017/11/17	5.30	5.44	5.26	5.42	51935844	278865184.00
2017/11/20	5.40	5.43	5.37	5.42	19482526	105109488.00
2017/11/21	5.41	5.45	5.39	5.45	21353575	115805944.00
2017/11/22	5.43	5.46	5.43	5.45	16474074	89705248.00
2017/11/23	5.45	5.45	5.36	5.42	18976129	102518592.00
2017/11/24	5.39	5.44	5.37	5.43	15509465	83909208.00
2017/11/27	5.42	5.44	5.38	5.44	17407096	94421648.00
2017/11/28	5.43	5.43	5.36	5.37	19595708	105625136.00
2017/11/29	5.38	5.39	5.31	5.34	15646769	83642824.00
2017/11/30	5.33	5.35	5.30	5.34	13165638	70025824.00
2017/12/01	5.34	5.35	5.31	5.35	12705369	67681752.00
2017/12/04	5.33	5.36	5.31	5.36	13721762	73269856.00
2017/12/05	5.36	5.51	5.35	5.49	63752489	347427328.00
2017/12/06	5.48	5.50	5.44	5.49	20050798	109789808.00
2017/12/07	5.48	5.54	5.46	5.52	22075681	121416160.00
2017/12/08	5.50	5.52	5.44	5.47	17166555	93933280.00
2017/12/11	5.45	5.47	5.43	5.47	17710078	96488792.00
2017/12/12	5.46	5.47	5.41	5.42	11767890	64011248.00
2017/12/13	5.43	5.46	5.42	5.44	10528041	57286988.00
2017/12/14	5.44	5.46	5.41	5.43	12612426	68443904.00
2017/12/15	5.42	5.43	5.33	5.39	24250443	130247872.00
2017/12/18	5.37	5.40	5.33	5.39	15235115	81603344.00
2017/12/19	5.37	5.39	5.35	5.38	7562383	40653852.00
2017/12/20	5.37	5.42	5.35	5.39	13739745	73868704.00
2017/12/21	5.39	5.40	5.36	5.36	10042610	54001160.00
2017/12/22	5.36	5.41	5.35	5.39	9771845	52657648.00
2017/12/25	5.39	5.40	5.36	5.39	8922657	48022148.00
2017/12/26	5.39	5.39	5.34	5.35	12564259	67284120.00
2017/12/27	5.35	5.36	5.32	5.35	11062828	59117724.00
2017/12/28	5.34	5.35	5.32	5.34	8773645	46802892.00
2017/12/29	5.34	5.34	5.32	5.33	6916180	36852856.00
2018/01/02	5.33	5.38	5.32	5.37	14498473	77726376.00
2018/01/03	5.37	5.40	5.36	5.39	13246013	71315360.00
2018/01/04	5.40	5.41	5.36	5.37	16822160	90518560.00
2018/01/05	5.37	5.41	5.35	5.40	21004471	113099656.00
2018/01/08	5.40	5.46	5.38	5.45	23067082	125510568.00
2018/01/09	5.45	5.48	5.42	5.45	15907742	86727120.00
2018/01/10	5.46	5.50	5.43	5.44	19442340	106213400.00
2018/01/11	5.44	5.47	5.42	5.46	17944749	97741384.00
2018/01/12	5.46	5.56	5.46	5.53	35155960	193984512.00
2018/01/15	5.53	5.59	5.46	5.46	23822075	131260440.00
2018/01/16	5.45	5.58	5.44	5.57	26968744	149136608.00
2018/01/17	5.56	5.64	5.52	5.62	31733760	177574800.00
2018/01/18	5.62	5.64	5.56	5.61	22974799	128383776.00
2018/01/19	5.59	5.61	5.53	5.54	24365255	135671136.00
2018/01/22	5.54	6.02	5.54	5.91	92445123	542366528.00
2018/01/23	5.92	5.98	5.85	5.89	59651509	351799744.00
2018/01/24	5.89	5.93	5.80	5.88	51590374	301964832.00
2018/01/25	5.86	6.15	5.84	5.93	82006380	495099136.00
2018/01/26	5.93	6.03	5.87	5.97	40468063	240741552.00
2018/01/29	5.97	6.08	5.85	5.88	44360659	263288784.00
2018/01/30	5.88	5.92	5.83	5.90	22783853	133837744.00
2018/01/31	5.87	5.89	5.72	5.80	33961050	196414848.00
2018/02/01	5.78	5.91	5.73	5.90	52508380	305180800.00
2018/02/02	5.85	5.91	5.76	5.89	31652827	185019456.00
2018/02/05	5.84	6.00	5.80	5.97	36848798	218372128.00
2018/02/06	5.87	6.03	5.85	5.97	65289915	388207616.00
2018/02/07	6.00	6.04	5.82	5.98	56108401	334360288.00
2018/02/08	5.94	5.95	5.56	5.70	63216561	362542880.00
2018/02/09	5.55	5.71	5.36	5.68	55731184	308093824.00
2018/02/12	5.57	5.65	5.56	5.59	19388069	108597456.00
2018/02/13	5.60	5.63	5.56	5.57	15585298	87098584.00
2018/02/14	5.57	5.59	5.50	5.51	14714724	81448248.00
2018/02/22	5.54	5.59	5.53	5.58	14184844	78806456.00
2018/02/23	5.59	5.61	5.56	5.60	15438638	86276192.00
2018/02/26	5.60	5.65	5.58	5.64	20233425	113559152.00
2018/02/27	5.63	5.65	5.57	5.63	19601913	110001896.00
2018/02/28	5.60	5.62	5.56	5.56	14834400	82858720.00
2018/03/01	5.52	5.56	5.50	5.54	16236181	89938000.00
2018/03/02	5.52	5.58	5.50	5.54	11950389	66198360.00
2018/03/05	5.53	5.64	5.53	5.62	16411540	91971944.00
2018/03/06	5.62	5.67	5.59	5.65	16130286	90864592.00
2018/03/07	5.66	5.80	5.63	5.72	28685148	164373424.00
2018/03/08	5.70	5.82	5.68	5.75	25022689	144264080.00
2018/03/09	5.75	5.75	5.70	5.73	16235990	92923520.00
2018/03/12	5.72	5.77	5.69	5.75	19810995	113555616.00
2018/03/13	5.75	5.75	5.67	5.71	13831835	78914928.00
2018/03/14	5.70	5.72	5.66	5.67	8715416	49550912.00
2018/03/15	5.65	5.81	5.65	5.80	26374479	152041728.00
2018/03/16	5.82	5.85	5.75	5.79	20845899	120705464.00
2018/03/19	5.78	5.87	5.75	5.78	18308147	106192968.00
2018/03/20	5.76	5.81	5.73	5.78	10285677	59405012.00
2018/03/21	5.79	5.82	5.69	5.76	18277608	105000696.00
2018/03/22	5.72	5.75	5.64	5.67	20108516	114294488.00
2018/03/23	5.58	5.64	5.42	5.46	30821240	170650160.00
2018/03/26	5.41	5.49	5.37	5.48	13626273	74065352.00
2018/03/27	5.51	5.57	5.50	5.53	11527762	63827352.00
2018/03/28	5.48	5.53	5.47	5.50	8439501	46431040.00
2018/03/29	5.49	5.56	5.48	5.53	10702505	59006800.00
2018/03/30	5.54	5.56	5.51	5.53	10731900	59402880.00
2018/04/02	5.51	5.57	5.49	5.52	11112466	61470508.00
2018/04/03	5.50	5.51	5.43	5.45	12344035	67470224.00
2018/04/04	5.47	5.48	5.44	5.45	8871515	48439392.00
2018/04/09	5.44	5.46	5.41	5.43	10028772	54485952.00
2018/04/10	5.42	5.47	5.42	5.47	7599473	41385936.00
2018/04/11	5.45	5.50	5.45	5.48	10982553	60153064.00
2018/04/12	5.46	5.48	5.44	5.46	8420240	46001684.00
2018/04/13	5.48	5.49	5.42	5.42	8021779	43796140.00
2018/04/16	5.40	5.46	5.40	5.41	7970037	43298780.00
2018/04/17	5.41	5.44	5.36	5.37	8494118	45887736.00
2018/04/18	5.40	5.40	5.16	5.20	29683210	155084048.00
2018/04/19	5.21	5.22	5.17	5.21	14631967	76002784.00
2018/04/20	5.21	5.21	5.06	5.07	15199964	77736320.00
2018/04/23	5.08	5.12	5.03	5.11	12530292	63699244.00
2018/04/24	5.10	5.21	5.10	5.19	12687431	65726880.00
2018/04/25	5.19	5.22	5.18	5.20	8799989	45728696.00
数据来源:通达信
