600067 冠城大通 日线 不复权
      日期	    开盘	    最高	    最低	    收盘	    成交量	    成交额
2017/03/27	7.08	7.11	6.98	7.01	8915848	62710096.00
2017/03/28	7.02	7.04	6.99	6.99	5972523	41855604.00
2017/03/29	7.01	7.03	6.95	6.95	6282934	43889080.00
2017/03/30	6.95	6.98	6.78	6.80	8902861	61163532.00
2017/03/31	6.96	6.98	6.81	6.89	9336740	64460816.00
2017/04/05	7.01	7.12	7.01	7.07	20534166	145064336.00
2017/04/06	7.08	7.15	7.06	7.11	20595435	146390976.00
2017/04/07	7.14	7.16	7.10	7.11	10592726	75436056.00
2017/04/10	7.13	7.21	7.10	7.10	12013686	85914768.00
2017/04/11	7.12	7.25	7.09	7.22	16663982	119700064.00
2017/04/12	7.24	7.28	7.16	7.17	15844974	114405328.00
2017/04/13	7.20	7.39	7.16	7.31	24855142	181072800.00
2017/04/14	7.33	7.38	7.21	7.22	16838636	122455640.00
2017/04/17	7.21	7.26	7.13	7.17	10439673	74983080.00
2017/04/18	7.17	7.20	7.10	7.11	9766483	69840448.00
2017/04/19	7.10	7.10	6.89	6.95	14073207	98081920.00
2017/04/20	6.95	6.99	6.88	6.93	9140825	63368936.00
2017/04/21	6.93	6.97	6.83	6.85	11736779	80832480.00
2017/04/24	6.87	6.90	6.60	6.64	12014274	80633776.00
2017/04/25	6.67	6.73	6.61	6.70	9650335	64415484.00
2017/04/26	6.77	6.95	6.76	6.82	14934416	102145136.00
2017/04/27	6.80	6.86	6.69	6.84	12029876	81515128.00
2017/04/28	6.80	6.94	6.71	6.90	8521825	58472072.00
2017/05/02	6.90	7.03	6.87	6.94	13478107	93821400.00
2017/05/03	6.92	6.96	6.85	6.90	11247406	77763352.00
2017/05/04	6.91	6.96	6.88	6.91	10220785	70830080.00
2017/05/05	6.89	6.95	6.75	6.79	10511603	71867760.00
2017/05/08	6.77	6.86	6.71	6.72	8021960	54447344.00
2017/05/09	6.70	6.87	6.62	6.78	8915638	60113888.00
2017/05/10	6.78	6.85	6.64	6.65	7018037	47384384.00
2017/05/11	6.61	6.68	6.37	6.59	13362339	87278208.00
2017/05/12	6.57	6.61	6.46	6.55	10497941	68671448.00
2017/05/15	6.55	6.63	6.51	6.58	6887149	45242080.00
2017/05/16	6.57	6.74	6.41	6.72	9914061	65564836.00
2017/05/17	6.70	6.75	6.67	6.69	6537258	43866928.00
2017/05/18	6.57	6.70	6.57	6.64	5727017	38096188.00
2017/05/19	6.64	6.74	6.62	6.70	6527633	43653816.00
2017/05/22	6.69	6.70	6.44	6.46	11006769	72032624.00
2017/05/23	6.47	6.52	6.33	6.35	8272444	53268672.00
2017/05/24	6.37	6.43	6.27	6.35	9444893	59902968.00
2017/05/25	6.35	6.49	6.25	6.48	12513066	79691792.00
2017/05/26	6.41	6.42	6.36	6.37	6042075	38580776.00
2017/05/31	6.45	6.52	6.38	6.39	8479668	54633700.00
2017/06/01	6.39	6.41	6.22	6.23	7270950	46019736.00
2017/06/02	6.24	6.57	6.20	6.44	13055882	82924864.00
2017/06/05	6.45	6.51	6.40	6.49	9555173	61575756.00
2017/06/06	6.46	6.51	6.43	6.51	9385344	60781320.00
2017/06/07	6.50	6.61	6.46	6.60	12983822	85144104.00
2017/06/08	6.58	6.60	6.52	6.54	8322725	54596096.00
2017/06/09	6.54	6.55	6.45	6.51	8608714	55870388.00
2017/06/12	6.50	6.50	6.39	6.41	9304923	59989312.00
2017/06/13	6.41	6.62	6.37	6.54	12302276	80279168.00
2017/06/14	6.54	6.58	6.47	6.50	8548389	55907896.00
2017/06/15	6.50	6.70	6.50	6.58	12066902	79761504.00
2017/06/16	6.62	6.64	6.52	6.59	8473435	55722380.00
2017/06/19	6.58	6.63	6.55	6.61	7214668	47568820.00
2017/06/20	6.63	6.67	6.60	6.62	7776155	51608216.00
2017/06/21	6.62	6.64	6.55	6.60	7539232	49711656.00
2017/06/22	6.59	6.62	6.48	6.50	11029659	72515696.00
2017/06/23	6.51	6.52	6.00	6.45	12302480	78882976.00
2017/06/26	6.46	6.59	6.41	6.58	13206047	85808200.00
2017/06/27	6.60	6.61	6.53	6.59	9503415	62422736.00
2017/06/28	6.55	6.59	6.49	6.52	8793364	57564292.00
2017/06/29	6.53	6.59	6.53	6.56	6300507	41335072.00
2017/06/30	6.80	7.17	6.75	6.87	43357636	299753056.00
2017/07/03	6.89	6.93	6.78	6.86	24349710	167009344.00
2017/07/04	6.91	6.93	6.83	6.88	17230982	118491288.00
2017/07/05	6.87	6.89	6.80	6.88	15752202	107904152.00
2017/07/06	6.86	7.08	6.85	7.02	30486479	213698944.00
2017/07/07	6.98	7.07	6.98	7.03	15814741	111013840.00
2017/07/10	7.02	7.14	6.98	7.07	17025671	120322744.00
2017/07/11	7.06	7.06	6.87	6.88	14099335	98423456.00
2017/07/12	6.87	6.98	6.84	6.92	13111913	90605864.00
2017/07/13	6.93	7.06	6.89	7.03	15353147	107783352.00
2017/07/14	7.05	7.05	6.93	6.97	10689020	74718408.00
2017/07/17	6.96	7.02	6.66	6.76	17571443	120788168.00
2017/07/18	6.74	6.94	6.70	6.94	10121305	69319232.00
2017/07/19	6.95	7.28	6.94	7.22	29103838	209153536.00
2017/07/20	7.21	7.74	7.17	7.53	48056774	355583712.00
2017/07/21	7.41	7.67	7.39	7.56	44305319	333627776.00
2017/07/24	7.60	7.96	7.56	7.70	53575987	415951328.00
2017/07/25	7.65	7.70	7.51	7.59	28117852	213057088.00
2017/07/26	7.56	7.78	7.41	7.77	38935619	296042720.00
2017/07/27	7.76	8.03	7.71	7.72	44975646	352883744.00
2017/07/28	7.71	7.85	7.58	7.78	27695687	214293664.00
2017/07/31	7.73	7.91	7.65	7.86	30005545	233778544.00
2017/08/01	7.81	8.06	7.71	7.82	31291957	246635184.00
2017/08/02	7.77	7.85	7.57	7.59	36163860	277902784.00
2017/08/03	7.55	8.18	7.54	8.05	67828899	539163648.00
2017/08/04	8.02	8.10	7.80	7.83	42410569	337387744.00
2017/08/07	7.73	7.97	7.73	7.88	23224019	182695632.00
2017/08/08	7.88	7.94	7.67	7.72	25217687	196001792.00
2017/08/09	7.72	7.81	7.62	7.78	18276957	140938160.00
2017/08/10	7.72	7.78	7.53	7.60	20210829	154375392.00
2017/08/11	7.57	7.62	7.25	7.28	23098126	171578320.00
2017/08/14	7.31	7.46	7.31	7.42	12604746	93377992.00
2017/08/15	7.41	7.59	7.41	7.51	13155079	98764624.00
2017/08/16	7.45	7.58	7.45	7.49	11572193	86889648.00
2017/08/17	7.52	7.59	7.49	7.55	10745154	81019280.00
2017/08/18	7.52	7.63	7.46	7.61	12257731	92841552.00
2017/08/21	7.64	7.79	7.58	7.77	15474459	119341328.00
2017/08/22	7.78	7.83	7.61	7.65	13482538	103746672.00
2017/08/23	7.70	7.70	7.50	7.54	12586947	95298256.00
2017/08/24	7.52	7.69	7.52	7.60	11066423	84173920.00
2017/08/25	7.60	7.62	7.45	7.58	17413260	131477032.00
2017/08/28	7.58	7.63	7.52	7.61	18403681	139346336.00
2017/08/29	7.61	7.63	7.42	7.47	16299584	122519952.00
2017/08/30	7.50	7.58	7.45	7.52	12159514	91377704.00
2017/08/31	7.52	7.56	7.44	7.45	13925181	104074232.00
2017/09/01	7.46	7.52	7.44	7.47	12258204	91714512.00
2017/09/04	7.47	7.49	7.33	7.38	21464620	158434864.00
2017/09/05	7.37	7.46	7.37	7.39	10919851	80993520.00
2017/09/06	7.38	7.68	7.35	7.65	32736894	247250272.00
2017/09/07	7.63	7.71	7.55	7.57	22751506	173864208.00
2017/09/08	7.56	7.73	7.52	7.66	22176109	169901344.00
2017/09/11	7.74	7.93	7.73	7.87	40271366	316111456.00
2017/09/12	7.87	8.24	7.77	7.83	58254249	465511872.00
2017/09/13	7.79	7.89	7.71	7.88	25646056	199528848.00
2017/09/14	7.87	7.88	7.70	7.71	22173504	172249632.00
2017/09/15	7.70	7.94	7.70	7.80	36600043	286900384.00
2017/09/18	7.80	7.86	7.72	7.83	19349407	150954208.00
2017/09/19	7.82	8.10	7.80	7.88	39367438	313815328.00
2017/09/20	7.88	8.15	7.83	8.14	45240409	364023744.00
2017/09/21	8.10	8.16	7.75	7.79	36681081	292546624.00
2017/09/22	7.80	7.86	7.67	7.71	20610571	159575424.00
2017/09/25	7.62	7.65	7.38	7.40	21759050	163252976.00
2017/09/26	7.44	7.49	7.38	7.41	9688808	72024968.00
2017/09/27	7.42	7.53	7.40	7.50	9946432	74241696.00
2017/09/28	7.49	7.52	7.36	7.37	11457623	85010424.00
2017/09/29	7.36	7.47	7.36	7.40	9522587	70598416.00
2017/10/09	7.50	7.56	7.43	7.47	12048251	90315328.00
2017/10/10	7.47	7.55	7.44	7.54	7953500	59599072.00
2017/10/11	7.55	7.57	7.47	7.49	10001498	75005768.00
2017/10/12	7.49	7.51	7.34	7.38	11026237	81645784.00
2017/10/13	7.38	7.44	7.36	7.41	7677016	56881800.00
2017/10/16	7.39	7.47	7.25	7.26	10786203	79273112.00
2017/10/17	7.25	7.32	7.24	7.28	7055098	51345764.00
2017/10/18	7.25	7.31	7.19	7.21	6898943	50066784.00
2017/10/19	7.23	7.26	6.94	7.00	14514376	102681288.00
2017/10/20	7.00	7.09	7.00	7.06	7006433	49399660.00
2017/10/23	7.08	7.20	7.03	7.15	8017653	57210244.00
2017/10/24	7.15	7.20	7.10	7.17	6335364	45285164.00
2017/10/25	7.18	7.19	7.13	7.18	5274104	37767476.00
2017/10/26	7.20	7.20	7.14	7.17	6599731	47288816.00
2017/10/27	7.18	7.19	6.99	7.05	9776151	69075888.00
2017/10/30	7.04	7.07	6.76	6.76	13106781	90334936.00
2017/10/31	6.76	6.87	6.68	6.78	11096290	74880744.00
2017/11/01	6.80	6.80	6.71	6.72	9243826	62389276.00
2017/11/02	6.71	6.73	6.59	6.62	10259000	68143712.00
2017/11/03	6.65	6.66	6.46	6.53	9820818	64403196.00
2017/11/06	6.54	6.63	6.43	6.62	7198502	46987024.00
2017/11/07	6.62	6.62	6.55	6.60	7767769	51100532.00
2017/11/08	6.60	6.79	6.50	6.71	11352647	76083120.00
2017/11/09	6.72	6.73	6.65	6.69	5116203	34196832.00
2017/11/10	6.69	6.71	6.59	6.60	7152300	47436720.00
2017/11/13	6.61	6.63	6.51	6.54	8921662	58499624.00
2017/11/14	6.56	6.73	6.56	6.65	10331555	68801608.00
2017/11/15	6.66	6.66	6.54	6.56	6874562	45172968.00
2017/11/16	6.53	6.59	6.53	6.55	5253518	34446168.00
2017/11/17	6.55	6.57	6.34	6.35	10177414	65479880.00
2017/11/20	6.34	6.41	6.20	6.38	5663664	35826380.00
2017/11/21	6.39	6.47	6.27	6.35	8800863	55998700.00
2017/11/22	6.37	6.39	6.32	6.38	5043646	32116078.00
2017/11/23	6.37	6.38	6.20	6.22	6567826	41383880.00
2017/11/24	6.21	6.27	6.20	6.26	3842836	23955712.00
2017/11/27	6.25	6.29	6.21	6.23	3735965	23337932.00
2017/11/28	6.22	6.33	6.22	6.33	3953994	24810960.00
2017/11/29	6.32	6.49	6.28	6.45	7872831	50225336.00
2017/11/30	6.42	6.44	6.33	6.35	5279445	33699056.00
2017/12/01	6.35	6.40	6.31	6.38	3335588	21225930.00
2017/12/04	6.38	6.39	6.21	6.23	8037385	50544184.00
2017/12/05	6.23	6.27	6.09	6.14	6617524	40908464.00
2017/12/06	6.18	6.23	6.12	6.22	4914609	30316436.00
2017/12/07	6.22	6.25	6.16	6.23	4028704	25048710.00
2017/12/08	6.21	6.33	6.21	6.31	4177509	26297192.00
2017/12/11	6.35	6.58	6.34	6.56	11480540	74104480.00
2017/12/12	6.70	6.70	6.49	6.50	13541114	89401280.00
2017/12/13	6.54	6.55	6.45	6.49	6284934	40780888.00
2017/12/14	6.50	6.54	6.47	6.51	4319180	28054336.00
2017/12/15	6.48	6.53	6.38	6.47	4924061	31719898.00
2017/12/18	6.42	6.54	6.38	6.52	3590678	23236112.00
2017/12/19	6.52	6.55	6.48	6.51	3839700	25013672.00
2017/12/20	6.50	6.51	6.33	6.34	4850401	31058896.00
2017/12/21	6.35	6.38	6.20	6.34	5874588	37042880.00
2017/12/22	6.31	6.37	6.27	6.34	3868078	24497636.00
2017/12/25	6.27	6.40	6.25	6.29	3283196	20776632.00
2017/12/26	6.25	6.32	6.24	6.31	3582212	22518824.00
2017/12/27	6.33	6.38	6.29	6.33	5002871	31699058.00
2017/12/28	6.34	6.42	6.33	6.42	5323326	34023648.00
2017/12/29	6.36	6.57	6.36	6.52	8281328	53828904.00
2018/01/02	6.52	6.63	6.50	6.57	7631035	50185844.00
2018/01/03	6.64	6.72	6.57	6.58	14822428	98328712.00
2018/01/04	6.60	6.64	6.55	6.60	8029596	52918624.00
2018/01/05	6.58	6.85	6.55	6.77	20499655	138282144.00
2018/01/08	6.75	6.93	6.74	6.86	21875062	149955728.00
2018/01/09	6.85	6.93	6.75	6.83	17088317	117037616.00
2018/01/10	6.82	6.86	6.66	6.71	12652500	85299888.00
2018/01/11	6.71	6.85	6.68	6.82	13537542	91874600.00
2018/01/12	6.80	7.05	6.73	6.88	23310959	161778896.00
2018/01/15	6.87	6.87	6.59	6.66	19335733	129506672.00
2018/01/16	6.61	6.88	6.59	6.87	22511635	151816608.00
2018/01/17	6.84	6.86	6.65	6.71	16091807	108352808.00
2018/01/18	6.70	6.75	6.60	6.68	10362581	69233224.00
2018/01/19	6.66	6.78	6.62	6.66	13083914	87584160.00
2018/01/22	6.66	6.71	6.63	6.69	8360643	55813188.00
2018/01/23	6.70	6.77	6.65	6.77	14795633	99429448.00
2018/01/24	6.75	6.88	6.70	6.80	16498204	111929808.00
2018/01/25	6.77	6.82	6.71	6.75	11133208	75110584.00
2018/01/26	6.74	6.85	6.68	6.82	18528770	125801008.00
2018/01/29	6.80	6.86	6.65	6.68	12641089	85284392.00
2018/01/30	6.69	6.73	6.58	6.61	10053900	66803460.00
2018/01/31	6.57	6.62	6.46	6.50	10481822	68414848.00
2018/02/01	6.50	6.54	6.23	6.24	12443829	79196448.00
2018/02/02	6.26	6.32	6.13	6.28	6537767	40859436.00
2018/02/05	6.21	6.32	6.16	6.28	4862101	30481128.00
2018/02/06	6.13	6.22	5.89	5.91	13745931	83065720.00
2018/02/07	6.07	6.18	5.93	6.09	11465808	69691072.00
2018/02/08	6.09	6.17	6.06	6.07	5570642	34082200.00
2018/02/09	5.99	6.04	5.84	5.94	9520040	56642632.00
2018/02/12	6.00	6.15	6.00	6.13	5368974	32780122.00
2018/02/13	6.20	6.25	6.13	6.16	5986700	37135448.00
2018/02/14	6.19	6.20	6.12	6.15	2646800	16279009.00
2018/02/22	6.15	6.32	6.15	6.27	5312067	33161246.00
2018/02/23	6.28	6.29	6.17	6.21	4889547	30386554.00
2018/02/26	6.24	6.27	6.15	6.26	6328899	39343544.00
2018/02/27	6.25	6.26	6.18	6.20	5518100	34242964.00
2018/02/28	6.20	6.27	6.15	6.26	6616362	41078796.00
2018/03/01	6.22	6.27	6.19	6.23	5471700	34106184.00
2018/03/02	6.22	6.34	6.19	6.32	10406513	65070576.00
2018/03/05	6.28	6.38	6.28	6.36	6403695	40626104.00
2018/03/06	6.36	6.42	6.29	6.41	7402954	47051888.00
2018/03/07	6.43	6.44	6.33	6.35	5097463	32577004.00
2018/03/08	6.39	6.40	6.35	6.38	4443753	28334404.00
2018/03/09	6.41	6.43	6.36	6.43	4551446	29120688.00
2018/03/12	6.45	6.52	6.43	6.49	6236374	40373260.00
2018/03/13	6.50	6.55	6.43	6.51	6481951	42123584.00
2018/03/14	6.52	6.53	6.44	6.44	6184540	40038048.00
2018/03/15	6.45	6.48	6.30	6.39	5088744	32498918.00
2018/03/16	6.34	6.35	6.16	6.19	10808010	67694936.00
2018/03/19	6.20	6.25	6.14	6.15	7026887	43476672.00
2018/03/20	6.16	6.20	6.10	6.17	4852131	29849752.00
2018/03/21	6.16	6.23	6.09	6.11	4872006	30083786.00
2018/03/22	6.12	6.16	6.06	6.13	3504083	21458632.00
2018/03/23	6.03	6.05	5.62	5.75	12447222	73023104.00
2018/03/26	5.70	5.76	5.59	5.75	8065103	45686832.00
2018/03/27	5.80	5.89	5.80	5.86	5714721	33427064.00
2018/03/28	5.80	5.84	5.72	5.76	4760203	27487492.00
2018/03/29	5.77	5.93	5.74	5.88	5676543	33148534.00
2018/03/30	5.85	5.93	5.83	5.92	5934299	34848236.00
2018/04/02	5.82	5.98	5.82	5.86	5102002	30077522.00
2018/04/03	5.81	5.82	5.75	5.78	4099947	23700972.00
2018/04/04	5.78	5.82	5.68	5.69	4759988	27424088.00
2018/04/09	5.68	5.72	5.63	5.67	3823193	21675008.00
2018/04/10	5.69	5.85	5.67	5.83	6167465	35532336.00
2018/04/11	5.82	5.87	5.80	5.81	4011716	23397272.00
2018/04/12	5.83	5.83	5.75	5.75	3728891	21536832.00
2018/04/13	5.77	5.81	5.74	5.76	2747600	15857930.00
2018/04/16	5.73	5.76	5.63	5.67	4826867	27439012.00
2018/04/17	5.69	5.70	5.62	5.63	3325831	18823084.00
2018/04/18	5.67	5.68	5.59	5.65	3785184	21295956.00
2018/04/19	5.64	5.69	5.61	5.65	4254062	24067334.00
2018/04/20	5.65	5.67	5.47	5.49	4863000	27208126.00
2018/04/23	5.53	5.53	5.41	5.43	4232800	23110772.00
2018/04/24	5.35	5.42	5.24	5.42	13043314	69749728.00
2018/04/25	5.37	5.40	5.33	5.34	5713893	30650648.00
数据来源:通达信
