600068 葛洲坝 日线 不复权
      日期	    开盘	    最高	    最低	    收盘	    成交量	    成交额
2017/03/27	12.15	12.45	11.86	11.88	80726972	977766016.00
2017/03/28	11.83	12.03	11.67	11.88	50276399	595340800.00
2017/03/29	11.88	12.25	11.75	12.07	62025993	745532480.00
2017/03/30	12.10	12.25	11.70	11.86	78867092	944495680.00
2017/03/31	11.88	11.99	11.54	11.77	45628059	534565408.00
2017/04/05	12.00	12.23	11.80	12.14	100107300	1209983616.00
2017/04/06	12.24	12.75	12.09	12.67	125243743	1564826880.00
2017/04/07	12.60	12.94	12.46	12.68	73137400	927732224.00
2017/04/10	12.70	13.05	12.60	12.83	71580760	917205568.00
2017/04/11	13.09	13.14	12.37	12.91	93152577	1188569856.00
2017/04/12	12.89	13.00	12.65	12.73	46467173	592750656.00
2017/04/13	12.72	12.83	12.60	12.72	30908186	393259488.00
2017/04/14	12.73	12.90	12.61	12.72	48502741	618016128.00
2017/04/17	12.70	12.85	12.51	12.80	46151923	586567488.00
2017/04/18	12.80	13.25	12.76	13.05	91566823	1191422208.00
2017/04/19	12.95	13.07	12.64	12.92	67482277	865046976.00
2017/04/20	12.87	13.39	12.77	13.37	106843465	1409823360.00
2017/04/21	13.39	13.47	12.93	13.15	84388413	1111365120.00
2017/04/24	13.08	13.08	11.84	11.96	167736107	2025239552.00
2017/04/25	11.75	11.95	11.11	11.60	110267429	1274153216.00
2017/04/26	11.63	11.78	11.48	11.73	77567388	902258880.00
2017/04/27	11.68	12.09	11.17	12.04	100388032	1172967424.00
2017/04/28	12.00	12.04	11.63	11.94	68704575	814557120.00
2017/05/02	11.75	12.25	11.74	12.20	78044474	944395520.00
2017/05/03	12.22	12.47	12.05	12.19	63201373	775305344.00
2017/05/04	12.11	12.35	11.71	11.99	108946458	1301012480.00
2017/05/05	11.84	11.87	11.51	11.67	87749569	1025178752.00
2017/05/08	11.58	11.80	10.53	10.97	161746024	1777888000.00
2017/05/09	10.80	10.95	10.56	10.79	68376306	736847552.00
2017/05/10	10.93	11.04	10.50	10.52	66077420	711239808.00
2017/05/11	10.40	10.93	10.35	10.91	73532434	781311488.00
2017/05/12	10.87	11.07	10.80	10.86	66979483	733044544.00
2017/05/15	10.97	11.04	10.13	10.26	106961982	1123548288.00
2017/05/16	10.22	10.46	9.85	10.38	110095050	1114124288.00
2017/05/17	10.36	10.86	10.30	10.60	91923288	979508928.00
2017/05/18	10.49	10.81	10.36	10.56	50722215	538997952.00
2017/05/19	10.53	10.64	10.23	10.27	53714716	555420928.00
2017/05/22	10.25	10.31	9.96	10.04	63616241	642382208.00
2017/05/23	9.98	10.01	9.47	9.70	98384758	957998208.00
2017/05/24	9.64	9.74	9.35	9.73	53254567	510476480.00
2017/05/25	9.69	10.05	9.55	10.01	80733510	793750784.00
2017/05/26	10.05	10.37	9.99	10.19	81817576	837490688.00
2017/05/31	10.42	10.45	10.10	10.17	55124629	564673088.00
2017/06/01	10.11	10.14	9.85	9.93	61218630	609480512.00
2017/06/02	9.93	10.07	9.70	10.00	51468405	511947040.00
2017/06/05	10.07	10.38	10.01	10.37	73868385	754267392.00
2017/06/06	10.23	10.34	10.17	10.27	50185201	514330720.00
2017/06/07	10.25	10.56	10.25	10.50	70711141	740723648.00
2017/06/08	10.49	10.88	10.49	10.87	93124527	1001997952.00
2017/06/09	10.90	11.30	10.80	11.17	108597361	1207780608.00
2017/06/12	11.18	11.24	11.02	11.10	49323530	548545408.00
2017/06/13	11.10	11.20	10.97	11.09	50829606	561901120.00
2017/06/14	11.11	11.18	10.79	10.84	60580554	665140352.00
2017/06/15	10.81	10.92	10.66	10.80	59123260	636211520.00
2017/06/16	10.78	10.80	10.58	10.67	48206259	514248736.00
2017/06/19	10.75	11.06	10.72	11.05	84618180	926165888.00
2017/06/20	11.05	11.28	10.96	10.98	72055932	803584256.00
2017/06/21	11.12	11.17	10.90	11.06	47294957	520717728.00
2017/06/22	11.07	11.17	10.90	10.91	68510045	758965568.00
2017/06/23	10.86	11.02	10.70	10.99	55584162	601660096.00
2017/06/26	10.75	11.15	10.72	11.11	81853581	897766144.00
2017/06/27	11.11	11.48	11.08	11.09	80902368	908588480.00
2017/06/28	11.09	11.09	10.90	11.08	45765354	503615680.00
2017/06/29	11.06	11.35	11.05	11.22	62499267	701970432.00
2017/06/30	11.18	11.35	11.10	11.24	44449297	500285408.00
2017/07/03	11.25	11.47	11.24	11.32	59886974	679242240.00
2017/07/04	11.33	11.33	10.89	10.91	90789857	1002329920.00
2017/07/05	10.91	11.10	10.80	11.09	46450169	508654688.00
2017/07/06	11.11	11.30	11.11	11.24	68682197	770208704.00
2017/07/07	11.28	11.28	11.06	11.11	45317014	503428576.00
2017/07/10	11.18	11.38	11.10	11.33	82762244	934977728.00
2017/07/11	11.33	11.34	11.10	11.17	55474471	620570880.00
2017/07/12	11.10	11.14	10.89	10.97	66986850	735414272.00
2017/07/13	10.90	11.39	10.90	11.38	118324234	1331784832.00
2017/07/14	11.38	11.54	11.28	11.37	78651391	897581888.00
2017/07/17	11.33	11.47	10.89	11.05	92569644	1029108992.00
2017/07/18	11.00	11.30	10.85	11.29	93904932	1037879936.00
2017/07/19	11.27	11.93	11.14	11.82	200302472	2344196608.00
2017/07/20	11.81	12.13	11.75	11.83	120802148	1440856576.00
2017/07/21	11.86	12.19	11.86	11.97	105923704	1275141120.00
2017/07/24	11.92	12.34	11.77	11.94	98770959	1190927744.00
2017/07/25	11.99	12.01	11.48	11.65	108632901	1265305216.00
2017/07/26	11.66	11.70	11.39	11.57	72232417	830019904.00
2017/07/27	11.55	11.55	11.22	11.39	76827264	872668736.00
2017/07/28	11.36	11.50	11.30	11.42	56421101	643574464.00
2017/07/31	11.35	11.45	11.20	11.38	65664517	744642816.00
2017/08/01	11.42	11.63	11.35	11.56	74905235	863098176.00
2017/08/02	11.56	11.59	10.88	10.94	185475993	2062022400.00
2017/08/03	10.92	10.92	10.33	10.47	182372295	1922421120.00
2017/08/04	10.42	10.66	10.41	10.52	68525291	724339968.00
2017/08/07	10.52	10.62	10.40	10.55	55314078	581532352.00
2017/08/08	10.55	10.63	10.44	10.56	46779265	493493984.00
2017/08/09	10.51	10.55	10.30	10.38	63518639	660618560.00
2017/08/10	10.38	10.46	10.20	10.27	56073147	577963456.00
2017/08/11	10.27	10.38	10.08	10.09	50462923	514724672.00
2017/08/14	10.09	10.52	10.09	10.49	72139998	746537984.00
2017/08/15	10.49	10.54	10.35	10.39	35411689	369277088.00
2017/08/16	10.39	10.46	10.30	10.39	32519537	336782464.00
2017/08/17	10.40	10.63	10.37	10.57	65862253	695670400.00
2017/08/18	10.50	10.67	10.46	10.55	49270245	520986592.00
2017/08/21	10.60	10.68	10.49	10.57	38161186	403417632.00
2017/08/22	10.62	10.67	10.40	10.45	46918635	493747840.00
2017/08/23	10.45	10.49	10.29	10.32	38691628	400492800.00
2017/08/24	10.32	10.33	10.12	10.20	49830264	507813216.00
2017/08/25	10.20	10.58	10.16	10.55	80886111	841081088.00
2017/08/28	10.51	10.81	10.49	10.66	102324681	1095428992.00
2017/08/29	10.68	10.75	10.59	10.61	43400024	461659392.00
2017/08/30	10.61	10.75	10.57	10.66	40355667	429423776.00
2017/08/31	10.76	10.78	10.50	10.63	50803870	539086016.00
2017/09/01	10.60	10.67	10.49	10.54	46379239	489880128.00
2017/09/04	10.50	10.54	10.37	10.50	52823133	550639552.00
2017/09/05	10.50	10.52	10.39	10.44	38617987	403389216.00
2017/09/06	10.39	10.65	10.33	10.54	103771316	1091749760.00
2017/09/07	10.49	10.52	10.32	10.34	54321363	566616384.00
2017/09/08	10.40	10.43	10.30	10.33	37128326	384077216.00
2017/09/11	10.32	10.38	10.27	10.32	44419565	458184448.00
2017/09/12	10.35	10.44	10.22	10.24	64055804	658617600.00
2017/09/13	10.27	10.37	10.23	10.34	42531356	438986016.00
2017/09/14	10.33	10.45	10.32	10.43	48566807	505107456.00
2017/09/15	10.45	10.94	10.41	10.87	195434346	2095902336.00
2017/09/18	10.95	11.30	10.91	11.11	150911933	1681058176.00
2017/09/19	11.11	11.17	10.81	10.92	95003780	1044717824.00
2017/09/20	10.90	10.99	10.68	10.80	67844796	733214272.00
2017/09/21	10.94	10.97	10.72	10.78	57324119	620750464.00
2017/09/22	10.75	10.75	10.60	10.64	45501894	484387072.00
2017/09/25	10.63	10.73	10.56	10.58	34215999	363669696.00
2017/09/26	10.58	10.67	10.55	10.63	27543729	292444384.00
2017/09/27	10.66	10.66	10.40	10.49	55047344	577449856.00
2017/09/28	10.50	10.57	10.27	10.37	62847544	653124480.00
2017/09/29	10.37	10.44	10.30	10.38	33921730	352111328.00
2017/10/09	10.51	10.76	10.51	10.56	63700831	676522240.00
2017/10/10	10.57	10.58	10.39	10.46	42388140	442985760.00
2017/10/11	10.48	10.75	10.46	10.74	83096269	882962944.00
2017/10/12	10.72	10.77	10.54	10.60	42015972	446034656.00
2017/10/13	10.60	10.68	10.55	10.66	39879970	423233536.00
2017/10/16	10.77	10.81	10.51	10.54	44558213	473401376.00
2017/10/17	10.52	10.53	10.41	10.44	35996195	376446976.00
2017/10/18	10.44	10.54	10.42	10.46	31328059	328217344.00
2017/10/19	10.44	10.45	10.12	10.15	64394642	657953344.00
2017/10/20	10.09	10.20	10.06	10.19	29495850	299063488.00
2017/10/23	10.17	10.18	9.91	10.08	65235622	653515712.00
2017/10/24	10.04	10.20	9.99	10.19	55974260	565773120.00
2017/10/25	10.19	10.28	10.11	10.15	35910007	365349440.00
2017/10/26	10.11	10.46	10.02	10.34	91671778	943072576.00
2017/10/27	10.34	10.41	10.20	10.22	46309643	476106016.00
2017/10/30	10.25	10.27	9.86	10.09	74097483	740562688.00
2017/10/31	9.98	10.03	9.73	9.83	67638796	667928064.00
2017/11/01	9.84	9.95	9.71	9.91	69053305	680220288.00
2017/11/02	9.90	9.91	9.54	9.61	83749274	808713152.00
2017/11/03	9.60	9.64	9.15	9.32	95094055	886939648.00
2017/11/06	9.26	9.26	9.04	9.16	57393107	524431328.00
2017/11/07	9.13	9.25	9.11	9.23	37612173	345734144.00
2017/11/08	9.23	9.31	9.20	9.26	39849928	369057824.00
2017/11/09	9.28	9.39	9.24	9.36	34105270	316961056.00
2017/11/10	9.34	9.36	9.11	9.15	61122721	561806016.00
2017/11/13	9.15	9.21	9.04	9.07	51028923	464198912.00
2017/11/14	9.12	9.45	9.11	9.30	80935744	753141568.00
2017/11/15	9.30	9.30	9.11	9.22	36062754	331206176.00
2017/11/16	9.17	9.28	9.12	9.17	28501929	262134512.00
2017/11/17	9.17	9.25	8.99	9.24	83172816	757511360.00
2017/11/20	9.18	9.22	9.03	9.22	28462672	260326432.00
2017/11/21	9.21	9.50	9.16	9.43	68660031	643901120.00
2017/11/22	9.48	9.57	9.33	9.50	62427251	590632896.00
2017/11/23	9.50	9.50	9.17	9.20	47372041	441747648.00
2017/11/24	9.22	9.24	9.12	9.22	24157457	221918736.00
2017/11/27	9.28	9.29	9.15	9.23	25866440	238574048.00
2017/11/28	9.18	9.21	9.03	9.10	41553286	377621568.00
2017/11/29	9.13	9.14	9.03	9.12	29346856	266378768.00
2017/11/30	9.08	9.15	9.01	9.08	29484200	267334816.00
2017/12/01	9.05	9.11	9.03	9.09	19229108	174468944.00
2017/12/04	9.09	9.09	8.97	9.03	30687636	276955456.00
2017/12/05	9.01	9.24	9.01	9.16	68541456	626569408.00
2017/12/06	9.15	9.15	9.00	9.08	27633283	250148304.00
2017/12/07	9.05	9.12	9.01	9.03	22297583	201730992.00
2017/12/08	9.02	9.09	9.01	9.05	20165390	182639536.00
2017/12/11	9.04	9.06	8.98	9.05	33069232	298386816.00
2017/12/12	9.06	9.06	8.97	8.98	23512190	211701616.00
2017/12/13	8.99	8.99	8.91	8.93	25741184	230196176.00
2017/12/14	8.93	8.93	8.66	8.73	47936725	420336800.00
2017/12/15	8.69	8.70	8.45	8.47	45386813	386711008.00
2017/12/18	8.42	8.50	8.30	8.34	30856451	258727360.00
2017/12/19	8.36	8.39	8.30	8.35	27354306	228237600.00
2017/12/20	8.36	8.39	8.15	8.16	33323774	275126336.00
2017/12/21	8.20	8.22	8.04	8.16	36989233	300542752.00
2017/12/22	8.16	8.45	8.13	8.33	49160189	410282816.00
2017/12/25	8.35	8.41	8.11	8.23	30928129	255072864.00
2017/12/26	8.20	8.30	8.13	8.29	20552407	169103808.00
2017/12/27	8.25	8.32	8.20	8.22	20121894	166120480.00
2017/12/28	8.24	8.25	8.15	8.17	20578465	168917968.00
2017/12/29	8.17	8.23	8.15	8.20	16499971	135093376.00
2018/01/02	8.20	8.47	8.19	8.47	53438248	448793376.00
2018/01/03	8.50	8.63	8.41	8.53	49922716	425692032.00
2018/01/04	8.53	8.53	8.41	8.47	32744661	277001504.00
2018/01/05	8.46	8.87	8.45	8.81	98680748	860967424.00
2018/01/08	8.78	9.02	8.74	8.83	89915665	800518784.00
2018/01/09	8.86	8.91	8.74	8.75	52943507	466884352.00
2018/01/10	8.75	8.84	8.67	8.73	38987040	340794784.00
2018/01/11	8.69	8.76	8.57	8.70	45583809	394623552.00
2018/01/12	8.70	8.74	8.53	8.55	35929303	309363104.00
2018/01/15	8.50	8.60	8.23	8.29	48874808	410376864.00
2018/01/16	8.29	8.45	8.25	8.43	33754023	282095392.00
2018/01/17	8.42	8.94	8.42	8.91	117627580	1033422272.00
2018/01/18	8.87	9.25	8.81	9.16	114358304	1037254272.00
2018/01/19	9.17	9.25	9.10	9.20	80190229	736176384.00
2018/01/22	9.20	9.32	9.08	9.20	50246716	460998240.00
2018/01/23	9.22	9.24	9.08	9.18	47633490	436239616.00
2018/01/24	9.21	9.38	9.10	9.22	53301575	491524384.00
2018/01/25	9.38	9.45	9.22	9.26	66572511	620863488.00
2018/01/26	9.29	9.76	9.25	9.74	128728088	1235407360.00
2018/01/29	9.79	10.04	9.60	9.80	101981965	1002415552.00
2018/01/30	9.72	9.86	9.46	9.47	82324357	791981824.00
2018/01/31	9.46	9.63	9.39	9.51	52724400	501970816.00
2018/02/01	9.60	9.62	9.06	9.10	88809146	820646784.00
2018/02/02	9.10	9.37	9.01	9.36	57884560	532935840.00
2018/02/05	9.21	9.50	9.20	9.49	66654606	625973888.00
2018/02/06	9.35	9.75	9.26	9.40	130621222	1250026880.00
2018/02/07	9.60	9.82	9.40	9.43	105833655	1016028544.00
2018/02/08	9.37	9.62	8.92	9.17	87886552	813561216.00
2018/02/09	8.83	8.92	8.25	8.35	103588139	881760704.00
2018/02/12	8.40	8.50	8.18	8.45	58777377	490884096.00
2018/02/13	8.53	8.62	8.43	8.46	47677517	406283296.00
2018/02/14	8.50	8.51	8.30	8.39	37617415	314937344.00
2018/02/22	8.52	8.71	8.48	8.68	43817095	377138240.00
2018/02/23	8.70	9.22	8.66	9.21	99251075	895264384.00
2018/02/26	9.33	9.39	9.13	9.33	82162299	761789056.00
2018/02/27	9.30	9.54	9.16	9.50	82174673	768966080.00
2018/02/28	9.38	9.53	9.32	9.47	54759304	517163552.00
2018/03/01	9.39	9.68	9.23	9.33	75363604	712600192.00
2018/03/02	9.26	9.53	9.23	9.38	48916770	458888704.00
2018/03/05	9.39	9.46	9.16	9.30	57411535	532059968.00
2018/03/06	9.32	9.58	9.22	9.57	86575317	814464448.00
2018/03/07	9.52	9.62	9.42	9.50	62466969	595076288.00
2018/03/08	9.50	9.70	9.47	9.58	64805393	619673152.00
2018/03/09	9.58	9.65	9.38	9.47	54521625	515872672.00
2018/03/12	9.51	9.52	9.33	9.42	53552800	503597312.00
2018/03/13	9.43	9.49	9.28	9.30	46288498	433301696.00
2018/03/14	9.24	9.29	9.10	9.11	43885104	403351744.00
2018/03/15	9.07	9.20	9.04	9.16	32145271	293183552.00
2018/03/16	9.15	9.25	9.11	9.12	25352056	232777856.00
2018/03/19	9.11	9.12	8.96	8.99	33175253	299395520.00
2018/03/20	8.90	8.95	8.81	8.88	33410863	296380256.00
2018/03/21	8.96	9.02	8.80	8.84	33418738	298112736.00
2018/03/22	8.82	8.89	8.68	8.75	30371549	265703776.00
2018/03/23	8.47	8.60	8.35	8.40	50490025	428273184.00
2018/03/26	8.32	8.54	8.25	8.51	42245535	356489760.00
2018/03/27	8.65	8.66	8.48	8.56	36537577	312996000.00
2018/03/28	8.47	8.55	8.38	8.44	27395226	231351056.00
2018/03/29	8.51	8.67	8.42	8.66	43406354	371821504.00
2018/03/30	8.88	8.91	8.74	8.77	50155450	442398144.00
2018/04/02	8.72	8.86	8.68	8.76	34207868	300335648.00
2018/04/03	8.62	8.66	8.52	8.56	36591943	314222848.00
2018/04/04	8.63	8.64	8.43	8.46	29269907	249724880.00
2018/04/09	8.46	8.52	8.39	8.44	33198187	280164352.00
2018/04/10	8.46	8.72	8.44	8.71	44904284	384739872.00
2018/04/11	8.72	8.74	8.60	8.63	45058599	389857312.00
2018/04/12	8.61	8.65	8.52	8.53	26483271	227677632.00
2018/04/13	8.58	8.63	8.50	8.52	21289383	181971200.00
2018/04/16	8.54	8.56	8.34	8.36	31236312	262683184.00
2018/04/17	8.38	8.42	8.24	8.26	27532798	229546992.00
2018/04/18	8.31	8.36	8.09	8.34	37631688	309279328.00
2018/04/19	8.29	8.42	8.28	8.31	26770719	223339984.00
2018/04/20	8.30	8.30	8.02	8.03	30664139	250056800.00
2018/04/23	8.07	8.22	8.06	8.14	27964110	227471312.00
2018/04/24	8.14	8.44	8.14	8.43	41111326	343873280.00
2018/04/25	8.37	8.45	8.33	8.35	22857172	191387040.00
数据来源:通达信
