600029 南方航空 日线 不复权
      日期	    开盘	    最高	    最低	    收盘	    成交量	    成交额
2017/03/28	8.02	8.22	7.90	7.94	191484497	1542313728.00
2017/03/29	8.01	8.24	7.91	8.19	182142251	1477872768.00
2017/03/30	8.17	8.33	8.03	8.20	154711315	1265227392.00
2017/03/31	8.10	8.16	7.96	8.06	108653110	875376640.00
2017/04/05	8.04	8.17	7.90	8.16	109279230	880077376.00
2017/04/06	8.19	8.22	8.08	8.18	102127766	833167360.00
2017/04/07	8.18	8.54	8.14	8.25	189342305	1583231104.00
2017/04/10	8.20	8.49	8.08	8.34	139243887	1151569280.00
2017/04/11	8.25	8.47	8.15	8.45	125008615	1039141632.00
2017/04/12	8.42	8.44	8.20	8.28	87172374	725791168.00
2017/04/13	8.20	8.36	8.15	8.26	49983207	413600832.00
2017/04/14	8.28	8.31	8.11	8.16	69019463	565452480.00
2017/04/17	8.16	8.23	7.97	8.17	55267902	449676800.00
2017/04/18	8.15	8.28	8.10	8.11	44850902	367841440.00
2017/04/19	8.08	8.16	7.90	8.06	66093095	529425536.00
2017/04/20	8.03	8.08	7.94	8.07	40671467	326051328.00
2017/04/21	8.08	8.15	8.00	8.14	47553268	383886656.00
2017/04/24	8.15	8.18	7.89	8.08	65398903	523290592.00
2017/04/25	8.01	8.08	7.85	7.87	46430221	368481344.00
2017/04/26	7.86	7.88	7.59	7.66	65124016	503433760.00
2017/04/27	7.60	7.82	7.45	7.74	67867063	518125376.00
2017/04/28	7.71	7.73	7.62	7.70	33435497	256356336.00
2017/05/02	7.65	7.85	7.62	7.78	38160923	296808928.00
2017/05/03	7.76	7.96	7.74	7.86	49888246	393417792.00
2017/05/04	7.85	7.88	7.75	7.80	29339812	228998256.00
2017/05/05	7.98	8.12	7.87	7.91	77745955	621150656.00
2017/05/08	7.90	8.10	7.85	8.01	58164923	465155936.00
2017/05/09	7.98	8.08	7.92	7.99	41948968	336318720.00
2017/05/10	8.01	8.07	7.83	7.91	35858496	284348000.00
2017/05/11	7.81	8.07	7.69	8.05	57272772	453965248.00
2017/05/12	8.05	8.23	8.02	8.18	55199484	451141664.00
2017/05/15	8.20	8.33	8.14	8.17	41310308	340339680.00
2017/05/16	8.16	8.22	8.03	8.19	32408202	263418384.00
2017/05/17	8.15	8.27	8.07	8.09	26742145	217807104.00
2017/05/18	8.03	8.16	8.00	8.09	23012680	185781488.00
2017/05/19	8.09	8.11	7.95	8.00	30608290	244977968.00
2017/05/22	8.00	8.10	7.87	8.09	25307032	202331856.00
2017/05/23	8.09	8.21	7.91	8.18	54603780	442279808.00
2017/05/24	8.12	8.23	8.03	8.19	35094298	286059424.00
2017/05/25	8.15	8.35	8.13	8.32	58204455	481777984.00
2017/05/26	8.42	8.78	8.41	8.50	112295444	963511936.00
2017/05/31	8.54	8.79	8.47	8.63	66570155	574770688.00
2017/06/01	8.72	8.95	8.71	8.80	106953129	945076352.00
2017/06/02	8.77	8.88	8.63	8.67	58698120	513237984.00
2017/06/05	8.63	8.86	8.63	8.71	40427479	353941408.00
2017/06/06	8.71	8.78	8.54	8.76	50711862	438061088.00
2017/06/07	8.70	8.86	8.63	8.71	77534082	677977536.00
2017/06/08	8.85	9.08	8.81	8.94	103924520	932693376.00
2017/06/09	8.99	9.06	8.87	9.02	52173223	468769568.00
2017/06/12	9.03	9.18	8.92	9.08	59960779	543817408.00
2017/06/13	9.01	9.06	8.90	8.98	36754481	328623168.00
2017/06/14	8.99	8.99	8.68	8.84	50484880	445313600.00
2017/06/15	8.90	8.97	8.74	8.89	57995603	513919392.00
2017/06/16	8.84	8.91	8.72	8.89	36544231	322875104.00
2017/06/19	8.85	9.18	8.81	9.08	57392760	518939648.00
2017/06/20	9.10	9.10	8.80	8.93	57823781	515882336.00
2017/06/21	8.97	9.03	8.84	8.94	44103217	394054176.00
2017/06/22	8.93	9.04	8.92	8.98	60425292	542222784.00
2017/06/23	8.95	8.95	8.70	8.86	59191098	521843328.00
2017/06/26	8.87	9.08	8.83	9.05	95436758	858363584.00
2017/06/27	8.98	8.98	8.71	8.80	118695932	1041481344.00
2017/06/28	8.75	8.78	8.60	8.63	60319550	523195264.00
2017/06/29	8.63	8.66	8.52	8.66	36780037	316093152.00
2017/06/30	8.61	8.72	8.57	8.70	26820350	232528368.00
2017/07/03	8.68	8.68	8.46	8.61	50430937	431814208.00
2017/07/04	8.57	8.63	8.41	8.60	65970496	561656896.00
2017/07/05	8.55	8.67	8.53	8.65	40495754	348405344.00
2017/07/06	8.69	8.71	8.56	8.64	33355148	287906048.00
2017/07/07	8.66	8.68	8.50	8.58	35797430	307207232.00
2017/07/10	8.57	8.60	8.36	8.37	49286075	417488736.00
2017/07/11	8.33	8.43	8.30	8.38	39996045	334561984.00
2017/07/12	8.35	8.37	8.20	8.30	40339300	333352256.00
2017/07/13	8.30	8.42	8.28	8.42	32723896	273940800.00
2017/07/14	8.43	8.66	8.41	8.55	50845851	434602688.00
2017/07/17	8.55	8.63	8.28	8.54	53012623	449496064.00
2017/07/18	8.49	8.63	8.46	8.59	37372597	319920320.00
2017/07/19	8.60	8.67	8.44	8.63	99392989	853482112.00
2017/07/20	8.66	8.66	8.49	8.53	56416107	482743648.00
2017/07/21	8.50	8.64	8.47	8.56	48968216	419129376.00
2017/07/24	8.57	8.64	8.49	8.54	46598411	398412736.00
2017/07/25	8.53	8.53	8.26	8.31	69456153	578780096.00
2017/07/26	8.18	8.18	7.95	7.98	76666745	615891584.00
2017/07/27	7.93	8.06	7.93	8.04	34959002	279947904.00
2017/07/28	8.03	8.07	7.97	8.01	22942382	184095568.00
2017/07/31	8.01	8.06	7.96	8.05	34036479	272282496.00
2017/08/01	8.03	8.22	8.02	8.14	53480319	434847808.00
2017/08/02	8.18	8.21	8.08	8.10	41651355	338865856.00
2017/08/03	8.06	8.10	7.93	7.96	44331990	354582048.00
2017/08/04	7.96	8.02	7.95	7.97	21042347	168061264.00
2017/08/07	7.96	8.00	7.85	7.99	28462828	225560528.00
2017/08/08	7.95	8.03	7.88	8.01	45150346	359625024.00
2017/08/09	8.02	8.03	7.85	7.90	49838352	394180736.00
2017/08/10	8.03	8.27	8.03	8.15	152964375	1250372992.00
2017/08/11	8.15	8.21	8.05	8.19	82617596	672278784.00
2017/08/14	8.21	8.22	8.04	8.15	41698963	338398496.00
2017/08/15	8.15	8.20	8.12	8.19	50385751	411776736.00
2017/08/16	8.17	8.36	8.12	8.32	67491176	555890112.00
2017/08/17	8.32	8.54	8.30	8.39	93413363	789169536.00
2017/08/18	8.33	8.50	8.25	8.42	60691132	509458528.00
2017/08/21	8.47	8.51	8.26	8.35	51018094	425881376.00
2017/08/22	8.35	8.41	8.29	8.35	35930904	300735168.00
2017/08/23	8.34	8.42	8.27	8.34	30416876	253516528.00
2017/08/24	8.31	8.33	8.05	8.13	50982065	415719648.00
2017/08/25	8.14	8.24	8.13	8.23	34584721	284034048.00
2017/08/28	8.26	8.43	8.23	8.38	44407427	371248832.00
2017/08/29	8.60	8.67	8.39	8.43	67995452	578425344.00
2017/08/30	8.47	9.18	8.47	8.85	189068754	1671044352.00
2017/08/31	8.80	8.88	8.62	8.77	83099360	725747392.00
2017/09/01	8.68	8.78	8.53	8.65	95611653	825945664.00
2017/09/04	8.66	8.96	8.59	8.78	86237245	757393920.00
2017/09/05	8.95	9.03	8.80	8.84	96644208	860201216.00
2017/09/06	8.74	8.88	8.64	8.81	55085554	479023840.00
2017/09/07	8.80	8.82	8.64	8.67	39545683	344310560.00
2017/09/08	8.85	9.20	8.76	9.06	182392481	1641430656.00
2017/09/11	8.97	9.24	8.92	9.02	110516542	1002873536.00
2017/09/12	8.97	8.97	8.74	8.88	104120496	919061056.00
2017/09/13	8.83	8.86	8.73	8.78	41148948	361041568.00
2017/09/14	8.70	8.75	8.62	8.73	51089717	443679104.00
2017/09/15	8.70	8.75	8.62	8.70	32987785	286319424.00
2017/09/18	8.67	8.71	8.56	8.67	40801276	352385088.00
2017/09/19	8.69	8.71	8.49	8.53	55461352	475031968.00
2017/09/20	8.52	8.53	8.39	8.49	51394584	435306592.00
2017/09/21	8.47	8.48	8.30	8.32	62015541	519491648.00
2017/09/22	8.29	8.40	8.26	8.38	41678501	346520864.00
2017/09/25	8.36	8.49	8.29	8.48	50720269	426586048.00
2017/09/26	8.40	8.45	8.35	8.42	25613798	214835936.00
2017/09/27	8.41	8.42	8.30	8.33	28782185	240260560.00
2017/09/28	8.33	8.33	8.22	8.26	31357781	259079232.00
2017/09/29	8.26	8.32	8.22	8.27	25909998	214077040.00
2017/10/09	8.38	8.39	8.25	8.30	44523493	369435520.00
2017/10/10	8.30	8.31	8.22	8.27	29728398	245052528.00
2017/10/11	8.27	8.34	8.25	8.28	31710701	262850464.00
2017/10/12	8.30	8.30	8.15	8.19	36044270	296055200.00
2017/10/13	8.19	8.22	8.15	8.22	22741109	185992016.00
2017/10/16	8.19	8.24	8.13	8.16	37776016	308754112.00
2017/10/17	8.15	8.18	8.06	8.07	34362911	277899552.00
2017/10/18	8.06	8.16	8.05	8.16	39239623	317952928.00
2017/10/19	8.11	8.22	8.09	8.21	32476236	264962544.00
2017/10/20	8.17	8.32	8.17	8.27	30034380	248081552.00
2017/10/23	8.27	8.32	8.21	8.29	22153369	183013264.00
2017/10/24	8.30	8.40	8.24	8.39	47651255	397319584.00
2017/10/25	8.36	8.42	8.33	8.37	27651927	231812144.00
2017/10/26	8.35	8.44	8.33	8.38	41399784	347699168.00
2017/10/27	8.38	8.70	8.35	8.55	92779743	793691264.00
2017/10/30	8.60	8.75	8.50	8.63	83268564	717931328.00
2017/10/31	8.68	8.80	8.56	8.72	76395711	664584128.00
2017/11/01	8.77	9.20	8.73	9.15	188280126	1697362816.00
2017/11/02	9.24	9.55	9.11	9.18	157283491	1464407040.00
2017/11/03	9.12	9.26	8.97	9.22	95016986	868485184.00
2017/11/06	9.20	9.20	8.89	9.07	81290435	733856064.00
2017/11/07	8.97	9.15	8.90	9.02	99465709	895455680.00
2017/11/08	9.02	9.14	8.92	9.08	80535913	727366464.00
2017/11/09	9.02	9.03	8.78	8.91	70115912	622638144.00
2017/11/10	8.91	9.16	8.82	9.13	111048041	1000402560.00
2017/11/13	9.11	9.40	8.96	9.30	115479082	1061729600.00
2017/11/14	9.20	9.85	9.17	9.69	146432697	1399666944.00
2017/11/15	9.59	10.08	9.57	9.72	120693810	1190168192.00
2017/11/16	9.73	10.07	9.49	9.87	89840023	881512256.00
2017/11/17	9.77	10.70	9.75	10.28	150749114	1547902464.00
2017/11/20	10.33	10.65	9.94	10.33	105897131	1087317760.00
2017/11/21	10.26	10.55	10.12	10.40	92841242	958899136.00
2017/11/22	10.36	11.11	10.36	11.09	144139457	1561666432.00
2017/11/23	11.01	11.30	10.61	10.77	105534424	1150359808.00
2017/11/24	10.73	11.32	10.46	10.94	109802495	1196059392.00
2017/11/27	10.74	10.78	10.00	10.29	109336858	1138549760.00
2017/11/28	10.22	10.54	10.06	10.47	83669950	863283840.00
2017/11/29	10.38	11.15	10.38	11.14	100734486	1085789696.00
2017/11/30	10.98	11.48	10.76	11.07	107377269	1196353792.00
2017/12/01	11.00	11.03	10.51	10.79	80614125	861873664.00
2017/12/04	10.66	11.53	10.58	11.34	109013175	1216240256.00
2017/12/05	11.22	11.65	11.20	11.57	122031627	1403013248.00
2017/12/06	11.50	11.55	11.06	11.39	83119342	940012480.00
2017/12/07	11.36	11.56	11.06	11.28	67492253	761327616.00
2017/12/08	11.10	11.25	10.84	11.13	62056634	687786688.00
2017/12/11	11.10	11.43	11.01	11.19	67741345	760383808.00
2017/12/12	11.12	11.25	10.37	10.46	104685095	1125054336.00
2017/12/13	10.39	11.29	10.29	11.19	107032722	1159670016.00
2017/12/14	11.18	11.42	10.97	11.21	80476293	902225088.00
2017/12/15	11.13	11.21	10.81	11.16	56430358	622534464.00
2017/12/18	11.13	11.15	10.56	10.84	60804547	655939520.00
2017/12/19	10.72	11.38	10.70	11.30	96050391	1074522624.00
2017/12/20	11.30	11.91	11.18	11.52	115174911	1333268224.00
2017/12/21	11.55	11.94	11.38	11.74	84545692	986521408.00
2017/12/22	11.64	11.89	11.48	11.69	48594332	566405568.00
2017/12/25	11.73	12.33	11.72	11.98	95844304	1162382336.00
2017/12/26	12.01	12.45	11.98	12.30	85986631	1052795200.00
2017/12/27	12.13	12.15	11.72	11.90	75150008	895466496.00
2017/12/28	11.78	12.06	11.68	11.91	60573416	719252160.00
2017/12/29	11.88	12.05	11.71	11.92	51630284	614233664.00
2018/01/02	11.89	11.90	11.18	11.40	178480580	2030112000.00
2018/01/03	11.40	12.10	11.07	11.94	196372154	2283882240.00
2018/01/04	11.63	11.72	11.30	11.41	164179933	1881729920.00
2018/01/05	11.41	11.61	11.14	11.17	128855534	1459497216.00
2018/01/08	11.90	12.13	11.39	11.60	318765590	3761946624.00
2018/01/09	11.64	11.98	11.48	11.83	166756230	1966842496.00
2018/01/10	11.40	11.64	11.26	11.48	144278466	1648280448.00
2018/01/11	11.42	11.42	11.04	11.29	125626852	1405244800.00
2018/01/12	11.28	11.42	11.18	11.24	76616367	865597312.00
2018/01/15	11.21	11.52	11.21	11.32	105971642	1205362560.00
2018/01/16	11.22	11.25	10.67	10.91	210913044	2289995264.00
2018/01/17	10.81	11.00	10.29	10.44	199727012	2108331520.00
2018/01/18	10.46	10.69	10.36	10.56	130125360	1371925632.00
2018/01/19	10.65	10.93	10.30	10.58	280861887	2987522304.00
2018/01/22	10.60	10.93	10.57	10.66	250932925	2690508288.00
2018/01/23	10.73	10.88	10.36	10.56	246952099	2619861248.00
2018/01/24	10.54	10.68	10.33	10.58	181688346	1908494592.00
2018/01/25	10.49	11.15	10.33	10.93	326798592	3527245056.00
2018/01/26	11.00	11.59	11.00	11.41	303295810	3449479424.00
2018/01/29	11.33	11.74	11.30	11.45	202132144	2320230144.00
2018/01/30	11.38	11.96	11.30	11.77	188750377	2212552448.00
2018/01/31	11.63	11.90	11.48	11.77	133238196	1561349632.00
2018/02/01	11.92	12.25	11.83	11.95	198685422	2391622656.00
2018/02/02	11.66	11.98	11.44	11.82	127306198	1492498432.00
2018/02/05	11.70	12.85	11.61	12.79	225458574	2786475008.00
2018/02/06	12.50	12.83	12.20	12.46	214020419	2680639744.00
2018/02/07	12.86	12.95	11.73	11.82	214564906	2645482496.00
2018/02/08	11.57	12.04	11.09	11.48	160599701	1852566528.00
2018/02/09	10.86	11.09	10.48	10.82	166091054	1784433152.00
2018/02/12	10.99	11.55	10.93	11.17	142067394	1597252096.00
2018/02/13	11.43	11.64	11.23	11.43	94711410	1083541376.00
2018/02/14	11.40	11.40	11.08	11.30	64358229	724101120.00
2018/02/22	11.70	12.43	11.65	12.38	178471820	2156659200.00
2018/02/23	12.25	12.31	12.06	12.29	89342056	1088978688.00
2018/02/26	12.33	12.67	12.18	12.58	134278610	1667327744.00
2018/02/27	12.54	12.54	11.98	12.08	139241679	1694564992.00
2018/02/28	11.80	11.95	11.57	11.81	85619674	1008408640.00
2018/03/01	11.65	11.80	11.40	11.58	114280303	1323140480.00
2018/03/02	11.37	11.40	11.05	11.30	100220788	1126442240.00
2018/03/05	11.39	11.60	11.31	11.38	65109421	746003200.00
2018/03/06	11.40	11.58	11.20	11.53	74721363	855198848.00
2018/03/07	11.47	11.62	11.09	11.22	76420817	866693184.00
2018/03/08	11.26	11.30	10.95	11.17	71727654	797442752.00
2018/03/09	11.18	11.38	11.13	11.30	77598564	874162880.00
2018/03/12	11.30	11.94	11.27	11.83	163196611	1896907264.00
2018/03/13	11.78	11.95	11.57	11.70	66935721	784279488.00
2018/03/14	11.55	11.59	11.22	11.39	86173368	980334528.00
2018/03/15	11.29	11.39	11.14	11.33	64371105	724405120.00
2018/03/16	11.37	11.55	11.29	11.33	63702891	727793408.00
2018/03/19	11.28	11.28	10.88	10.97	95754679	1055483264.00
2018/03/20	10.80	11.20	10.68	11.04	64781683	706287488.00
2018/03/21	11.00	11.09	10.80	10.97	70589536	772783872.00
2018/03/22	10.86	10.92	10.60	10.69	75242439	806597376.00
2018/03/23	10.01	10.50	9.80	10.48	156778917	1578437376.00
2018/03/26	10.18	10.25	9.97	10.05	75886405	763964224.00
2018/03/27	10.30	10.39	9.97	10.21	111245282	1128807552.00
2018/03/28	10.00	10.15	9.65	9.71	125472399	1234159872.00
2018/03/29	9.80	10.33	9.62	10.11	156500745	1566602112.00
2018/03/30	10.15	10.59	10.10	10.41	113942369	1183516672.00
2018/04/02	10.53	10.75	10.18	10.27	88906336	925781440.00
2018/04/03	10.09	10.47	10.06	10.42	75370122	781684480.00
2018/04/04	10.47	10.62	10.12	10.21	66807010	692070592.00
2018/04/09	10.21	10.30	9.76	9.90	79630027	791360384.00
2018/04/10	9.90	10.49	9.86	10.49	120892651	1240283136.00
2018/04/11	10.45	10.73	10.37	10.52	95643067	1011703744.00
2018/04/12	10.48	10.48	10.16	10.20	60360337	621193856.00
2018/04/13	10.28	10.42	10.08	10.16	64381461	657436224.00
2018/04/16	10.10	10.21	10.00	10.14	44557165	450066944.00
2018/04/17	10.18	10.24	9.96	9.99	47707153	480938912.00
2018/04/18	10.09	10.15	9.83	10.00	47417752	472837568.00
2018/04/19	9.95	10.03	9.85	9.88	59958314	593418752.00
2018/04/20	9.83	9.84	9.20	9.38	128984896	1216566656.00
2018/04/23	9.44	9.52	9.25	9.45	60798099	572206336.00
2018/04/24	9.46	9.84	9.45	9.78	82300142	800868544.00
2018/04/25	10.00	10.17	9.94	10.07	100378040	1010967936.00
数据来源:通达信
