600017 日照港 日线 不复权
      日期	    开盘	    最高	    最低	    收盘	    成交量	    成交额
2017/03/27	4.16	4.35	4.15	4.29	137582179	587463104.00
2017/03/28	4.27	4.28	4.18	4.21	60379200	254438800.00
2017/03/29	4.23	4.63	4.21	4.63	248263774	1107664768.00
2017/03/30	4.62	4.93	4.50	4.55	332426216	1560117376.00
2017/03/31	4.47	4.50	4.25	4.30	159860003	690990720.00
2017/04/05	4.42	4.43	4.30	4.37	105932037	463099712.00
2017/04/06	4.35	4.65	4.32	4.53	166888842	749516416.00
2017/04/07	4.48	4.48	4.36	4.41	92893960	409953888.00
2017/04/10	4.34	4.45	4.33	4.40	64709798	284266592.00
2017/04/11	4.38	4.63	4.35	4.57	149090377	672521600.00
2017/04/12	4.53	4.70	4.48	4.50	119587440	549647552.00
2017/04/13	4.48	4.66	4.43	4.62	106008554	481870912.00
2017/04/14	4.60	4.60	4.46	4.48	73955967	335630112.00
2017/04/17	4.42	4.56	4.41	4.47	55208371	247598064.00
2017/04/18	4.46	4.54	4.40	4.41	63008728	281164192.00
2017/04/19	4.35	4.36	4.20	4.26	67930172	290058048.00
2017/04/20	4.28	4.39	4.26	4.33	68543754	296782816.00
2017/04/21	4.30	4.36	4.25	4.28	33843100	145471840.00
2017/04/24	4.29	4.30	4.03	4.12	45409200	188755376.00
2017/04/25	4.12	4.24	4.11	4.18	55419501	232106320.00
2017/04/26	4.17	4.20	4.12	4.15	32633452	135755296.00
2017/04/27	4.13	4.29	4.07	4.25	66798071	279697888.00
2017/04/28	4.20	4.29	4.20	4.26	42552605	181205312.00
2017/05/02	4.27	4.38	4.24	4.29	46057929	198971088.00
2017/05/03	4.28	4.40	4.26	4.34	50252446	217590448.00
2017/05/04	4.31	4.37	4.26	4.30	37089247	159976944.00
2017/05/05	4.28	4.32	4.23	4.26	40147224	171701024.00
2017/05/08	4.28	4.32	4.12	4.14	47924231	202612608.00
2017/05/09	4.11	4.18	4.10	4.18	23854921	98828272.00
2017/05/10	4.17	4.20	4.03	4.05	40287859	165766880.00
2017/05/11	4.00	4.16	3.99	4.15	54386307	220418736.00
2017/05/12	4.13	4.27	4.09	4.22	58447267	245308272.00
2017/05/15	4.26	4.27	4.17	4.22	41479872	174658416.00
2017/05/16	4.21	4.32	4.15	4.31	50692630	215469904.00
2017/05/17	4.30	4.38	4.29	4.31	52052055	225499696.00
2017/05/18	4.27	4.31	4.25	4.28	25200031	107870200.00
2017/05/19	4.28	4.33	4.25	4.27	21986970	94218616.00
2017/05/22	4.25	4.28	4.16	4.20	30630900	128944240.00
2017/05/23	4.19	4.20	4.11	4.12	21086991	87547360.00
2017/05/24	4.11	4.20	4.06	4.19	19594284	80979784.00
2017/05/25	4.18	4.26	4.16	4.24	19605295	82546832.00
2017/05/26	4.24	4.28	4.21	4.22	18730152	79460400.00
2017/05/31	4.23	4.30	4.23	4.29	26425115	112937816.00
2017/06/01	4.27	4.31	4.19	4.22	22847340	97322296.00
2017/06/02	4.18	4.30	4.16	4.29	21921107	92692272.00
2017/06/05	4.29	4.35	4.27	4.34	31615750	136341888.00
2017/06/06	4.32	4.37	4.31	4.34	22412166	97235368.00
2017/06/07	4.33	4.42	4.31	4.41	42612675	186715872.00
2017/06/08	4.40	4.44	4.38	4.38	33753999	148637536.00
2017/06/09	4.38	4.40	4.33	4.37	27887637	121533600.00
2017/06/12	4.37	4.40	4.32	4.35	17519170	76306112.00
2017/06/13	4.34	4.44	4.33	4.44	30254625	133280120.00
2017/06/14	4.48	4.64	4.41	4.41	52174024	235373504.00
2017/06/15	4.37	4.44	4.34	4.41	30207736	132468112.00
2017/06/16	4.39	4.40	4.34	4.34	22547111	98427432.00
2017/06/19	4.33	4.44	4.33	4.43	27082451	119396960.00
2017/06/20	4.43	4.47	4.39	4.42	19346453	85653176.00
2017/06/21	4.43	4.43	4.36	4.38	17190250	75352296.00
2017/06/22	4.38	4.43	4.31	4.32	19715776	86353720.00
2017/06/23	4.30	4.34	4.24	4.34	32828576	141093856.00
2017/06/26	4.33	4.38	4.32	4.37	18241030	79427144.00
2017/06/27	4.37	4.40	4.35	4.37	16952379	74109320.00
2017/06/28	4.37	4.51	4.33	4.46	42996802	190212832.00
2017/06/29	4.45	4.55	4.43	4.49	40529459	181959488.00
2017/06/30	4.46	4.53	4.42	4.50	26191981	117679632.00
2017/07/03	4.50	4.51	4.45	4.47	20350047	91049584.00
2017/07/04	4.48	4.53	4.46	4.47	16701302	74856280.00
2017/07/05	4.47	4.51	4.46	4.47	18357205	82186344.00
2017/07/06	4.47	4.61	4.46	4.60	71249559	324027552.00
2017/07/07	4.57	4.64	4.54	4.54	33455831	152772304.00
2017/07/10	4.53	4.67	4.51	4.61	42331588	195267472.00
2017/07/11	4.60	4.61	4.48	4.50	34516690	156874464.00
2017/07/12	4.49	4.52	4.40	4.44	27113534	120558888.00
2017/07/13	4.43	4.49	4.43	4.46	21980805	98082608.00
2017/07/14	4.45	4.53	4.45	4.53	24459110	109929040.00
2017/07/17	4.52	4.53	4.30	4.36	37864600	166279216.00
2017/07/18	4.35	4.41	4.33	4.41	16068903	70246616.00
2017/07/19	4.39	4.52	4.37	4.50	27994124	124197400.00
2017/07/20	4.49	4.55	4.47	4.52	26651941	120322416.00
2017/07/21	4.51	4.54	4.48	4.49	23437291	105726432.00
2017/07/24	4.48	4.63	4.46	4.62	61764605	283639456.00
2017/07/25	4.65	4.73	4.56	4.64	61979091	288504416.00
2017/07/26	4.63	4.63	4.52	4.59	34926336	159379600.00
2017/07/27	4.59	4.86	4.55	4.76	106549371	503071680.00
2017/07/28	4.72	4.74	4.65	4.69	47444865	222693968.00
2017/07/31	4.66	4.73	4.60	4.68	46608767	217534048.00
2017/08/01	4.66	4.78	4.65	4.71	48691835	230012880.00
2017/08/02	4.68	4.87	4.63	4.77	69929399	332845824.00
2017/08/03	4.74	4.77	4.66	4.73	42329384	199470544.00
2017/08/04	4.70	4.80	4.66	4.66	39260460	185972288.00
2017/08/07	4.64	4.71	4.61	4.70	26660986	124264096.00
2017/08/08	4.70	4.77	4.64	4.65	32029658	150480256.00
2017/08/09	4.64	4.68	4.60	4.65	26693400	123708240.00
2017/08/10	4.64	4.72	4.55	4.57	41841005	193845056.00
2017/08/11	4.53	4.55	4.45	4.46	35365757	158908352.00
2017/08/14	4.46	4.52	4.46	4.52	15691510	70528224.00
2017/08/15	4.52	4.60	4.49	4.55	26968240	122847632.00
2017/08/16	4.55	4.55	4.50	4.52	13469100	60853268.00
2017/08/17	4.52	4.57	4.52	4.56	18328477	83354264.00
2017/08/18	4.53	4.59	4.51	4.55	15915834	72373672.00
2017/08/21	4.55	4.61	4.53	4.57	18588675	84777432.00
2017/08/22	4.56	4.57	4.50	4.54	13679052	61997892.00
2017/08/23	4.54	4.57	4.50	4.52	13293259	60214616.00
2017/08/24	4.52	4.52	4.41	4.43	22875837	102028176.00
2017/08/25	4.42	4.55	4.42	4.50	22031027	99001552.00
2017/08/28	4.50	4.56	4.49	4.53	22689807	102641400.00
2017/08/29	4.52	4.57	4.52	4.55	19231361	87460552.00
2017/08/30	4.55	4.59	4.53	4.56	22070514	100810600.00
2017/08/31	4.56	4.57	4.53	4.56	18000118	81928016.00
2017/09/01	4.56	4.63	4.55	4.61	25976490	119265136.00
2017/09/04	4.62	4.62	4.58	4.59	19906591	91512192.00
2017/09/05	4.60	4.61	4.55	4.57	12889855	58908152.00
2017/09/06	4.55	4.56	4.48	4.54	19229420	86755200.00
2017/09/07	4.53	4.54	4.49	4.49	12570619	56705000.00
2017/09/08	4.48	4.52	4.48	4.52	10327328	46516056.00
2017/09/11	4.52	4.53	4.48	4.49	12968812	58385560.00
2017/09/12	4.50	4.51	4.45	4.46	17333917	77668576.00
2017/09/13	4.45	4.48	4.44	4.48	10758185	47992676.00
2017/09/14	4.46	4.52	4.45	4.48	17395364	77928320.00
2017/09/15	4.48	4.48	4.40	4.41	20223777	89540512.00
2017/09/18	4.41	4.44	4.40	4.41	11933383	52734532.00
2017/09/19	4.42	4.44	4.41	4.42	9642944	42655904.00
2017/09/20	4.41	4.45	4.40	4.44	11940200	52877056.00
2017/09/21	4.44	4.44	4.37	4.38	12426144	54714608.00
2017/09/22	4.37	4.38	4.29	4.32	14652665	63439828.00
2017/09/25	4.32	4.33	4.22	4.24	11690880	50015416.00
2017/09/26	4.24	4.28	4.24	4.26	8146800	34701208.00
2017/09/27	4.26	4.28	4.25	4.27	10291564	43911300.00
2017/09/28	4.26	4.27	4.21	4.21	10833676	45851064.00
2017/09/29	4.22	4.25	4.21	4.22	10932124	46247024.00
2017/10/09	4.24	4.31	4.24	4.30	14780985	63403528.00
2017/10/10	4.29	4.33	4.28	4.32	10475085	45120468.00
2017/10/11	4.32	4.35	4.29	4.33	12308233	53162236.00
2017/10/12	4.31	4.32	4.28	4.30	7500095	32213646.00
2017/10/13	4.29	4.31	4.27	4.31	8334455	35729596.00
2017/10/16	4.31	4.32	4.26	4.28	11210497	48066580.00
2017/10/17	4.26	4.29	4.25	4.25	7208200	30736512.00
2017/10/18	4.25	4.33	4.24	4.26	16773508	71808616.00
2017/10/19	4.26	4.28	4.19	4.20	13696944	57887056.00
2017/10/20	4.23	4.34	4.22	4.30	30541247	131049920.00
2017/10/23	4.30	4.32	4.26	4.28	15617452	66971324.00
2017/10/24	4.27	4.28	4.22	4.27	10759955	45656680.00
2017/10/25	4.25	4.27	4.24	4.26	9965753	42387832.00
2017/10/26	4.25	4.29	4.24	4.27	15972203	68189088.00
2017/10/27	4.27	4.32	4.26	4.28	18611942	79970016.00
2017/10/30	4.28	4.31	4.15	4.19	20851060	87556568.00
2017/10/31	4.17	4.26	4.16	4.25	16368942	68956000.00
2017/11/01	4.24	4.24	4.18	4.21	12870954	54125500.00
2017/11/02	4.20	4.23	4.13	4.15	15869077	66303844.00
2017/11/03	4.16	4.16	4.08	4.11	15905529	65387168.00
2017/11/06	4.11	4.14	4.06	4.13	9862529	40487340.00
2017/11/07	4.12	4.17	4.11	4.14	14597707	60425000.00
2017/11/08	4.14	4.16	4.12	4.15	11392226	47219816.00
2017/11/09	4.15	4.17	4.12	4.14	10238583	42414144.00
2017/11/10	4.14	4.14	4.07	4.10	14540016	59662992.00
2017/11/13	4.10	4.13	4.10	4.11	10372116	42655232.00
2017/11/14	4.11	4.12	4.07	4.12	14604302	59755888.00
2017/11/15	4.10	4.10	4.02	4.05	17950289	72846832.00
2017/11/16	4.05	4.05	4.02	4.02	10520717	42420172.00
2017/11/17	4.02	4.03	3.91	3.93	22990431	91030544.00
2017/11/20	3.93	3.96	3.85	3.95	19325844	75392912.00
2017/11/21	3.98	4.01	3.96	3.98	11689757	46565608.00
2017/11/22	3.99	3.99	3.96	3.99	9833011	39073008.00
2017/11/23	3.99	3.99	3.90	3.91	12833488	50636004.00
2017/11/24	3.90	3.96	3.85	3.95	20021381	77849952.00
2017/11/27	3.93	3.97	3.89	3.94	12629936	49629372.00
2017/11/28	3.94	3.96	3.92	3.95	7996326	31500200.00
2017/11/29	3.96	3.97	3.92	3.95	9722851	38330088.00
2017/11/30	3.94	3.96	3.93	3.93	8400950	33117692.00
2017/12/01	3.93	3.95	3.92	3.95	6602187	26014404.00
2017/12/04	3.94	3.97	3.92	3.94	10362578	40911112.00
2017/12/05	3.93	3.94	3.86	3.91	16082885	62552180.00
2017/12/06	3.89	3.91	3.86	3.90	6918575	26870772.00
2017/12/07	3.89	3.90	3.88	3.90	5904719	22978656.00
2017/12/08	3.90	3.93	3.88	3.92	8859454	34589036.00
2017/12/11	3.92	3.96	3.91	3.95	10715656	42168512.00
2017/12/12	3.95	3.95	3.91	3.91	6636500	26054928.00
2017/12/13	3.92	3.94	3.91	3.93	5001303	19629458.00
2017/12/14	3.93	3.96	3.91	3.94	8214800	32325260.00
2017/12/15	3.92	3.93	3.89	3.90	6880401	26856696.00
2017/12/18	3.90	3.92	3.88	3.92	6384008	24872628.00
2017/12/19	3.91	3.93	3.90	3.92	5401404	21175992.00
2017/12/20	3.92	3.93	3.87	3.88	7136220	27809384.00
2017/12/21	3.89	3.90	3.86	3.88	5205099	20201976.00
2017/12/22	3.88	3.90	3.87	3.89	4315375	16750176.00
2017/12/25	3.90	3.90	3.86	3.88	7440400	28846204.00
2017/12/26	3.88	3.90	3.87	3.89	6746520	26227056.00
2017/12/27	3.89	3.89	3.86	3.87	6666428	25849362.00
2017/12/28	3.87	3.88	3.85	3.86	6649649	25713020.00
2017/12/29	3.86	3.89	3.86	3.88	5969896	23158840.00
2018/01/02	3.88	3.91	3.88	3.91	7868022	30663588.00
2018/01/03	3.91	3.97	3.90	3.95	18445338	72646936.00
2018/01/04	3.95	3.96	3.93	3.96	9512927	37528440.00
2018/01/05	3.95	3.98	3.95	3.96	11949364	47414412.00
2018/01/08	3.97	4.00	3.95	3.98	13181538	52447316.00
2018/01/09	3.98	4.00	3.96	3.97	10107979	40203064.00
2018/01/10	3.97	3.99	3.94	3.98	11366055	45060616.00
2018/01/11	3.97	3.98	3.94	3.97	7874510	31152796.00
2018/01/12	3.96	3.96	3.94	3.95	6310481	24911448.00
2018/01/15	3.95	3.96	3.88	3.89	10677989	41876424.00
2018/01/16	3.89	3.92	3.87	3.90	6816396	26619810.00
2018/01/17	3.91	3.99	3.90	3.96	14591124	57713628.00
2018/01/18	3.95	3.99	3.95	3.98	10640414	42277864.00
2018/01/19	3.99	4.01	3.96	4.01	12970552	51679088.00
2018/01/22	4.01	4.06	4.00	4.01	15122373	60842072.00
2018/01/23	4.02	4.03	3.99	4.02	10394367	41652324.00
2018/01/24	4.01	4.02	3.98	4.01	12669538	50721312.00
2018/01/25	4.01	4.08	4.00	4.03	22446734	90801096.00
2018/01/26	4.01	4.06	4.00	4.04	11339710	45800592.00
2018/01/29	4.03	4.07	4.01	4.03	11778078	47643872.00
2018/01/30	4.04	4.05	4.02	4.03	7241400	29200968.00
2018/01/31	4.02	4.04	3.93	3.94	13840900	54949676.00
2018/02/01	3.94	3.96	3.85	3.88	15768822	61397924.00
2018/02/02	3.88	3.91	3.82	3.90	11394717	44027116.00
2018/02/05	3.87	3.90	3.84	3.89	8324557	32212172.00
2018/02/06	3.85	3.86	3.73	3.74	18459200	70239648.00
2018/02/07	3.77	3.80	3.69	3.74	12803547	48059032.00
2018/02/08	3.74	3.79	3.74	3.77	10037927	37778504.00
2018/02/09	3.73	3.76	3.61	3.68	16883902	62502488.00
2018/02/12	3.70	3.73	3.68	3.71	6496477	24119024.00
2018/02/13	3.72	3.75	3.71	3.72	5651983	21094204.00
2018/02/14	3.73	3.74	3.70	3.72	3654372	13575778.00
2018/02/22	3.73	3.76	3.73	3.75	6342883	23784872.00
2018/02/23	3.76	3.85	3.76	3.80	11414450	43523692.00
2018/02/26	3.81	3.84	3.76	3.82	13665465	51923068.00
2018/02/27	3.82	3.82	3.76	3.79	8367563	31652790.00
2018/02/28	3.77	3.80	3.76	3.80	7246750	27397732.00
2018/03/01	3.77	3.80	3.77	3.79	12828352	48524240.00
2018/03/02	3.77	3.78	3.75	3.77	9394469	35369280.00
2018/03/05	3.77	3.79	3.75	3.76	7919805	29835344.00
2018/03/06	3.76	3.79	3.76	3.79	7055238	26626008.00
2018/03/07	3.79	3.81	3.77	3.80	12360732	46840248.00
2018/03/08	3.79	3.80	3.78	3.80	7758552	29403900.00
2018/03/09	3.88	3.94	3.83	3.85	29649686	115031288.00
2018/03/12	3.82	3.85	3.81	3.83	17885518	68454824.00
2018/03/13	3.83	3.88	3.82	3.84	14336249	55069416.00
2018/03/14	3.83	3.83	3.79	3.80	12063700	45874216.00
2018/03/15	3.78	3.82	3.76	3.79	9595403	36300644.00
2018/03/16	3.79	3.79	3.76	3.76	6610500	24962640.00
2018/03/19	3.76	3.79	3.75	3.78	5278182	19900420.00
2018/03/20	3.77	3.77	3.72	3.74	9712357	36328480.00
2018/03/21	3.75	3.78	3.74	3.74	7143231	26816214.00
2018/03/22	3.75	3.78	3.73	3.76	9658841	36279296.00
2018/03/23	3.73	3.73	3.53	3.56	18474112	67199008.00
2018/03/26	3.52	3.64	3.44	3.63	14100133	49965420.00
2018/03/27	3.62	3.76	3.62	3.70	15827089	58659164.00
2018/03/28	3.67	3.73	3.64	3.68	18126500	66664700.00
2018/03/29	3.72	3.74	3.64	3.68	15245100	56069984.00
2018/03/30	3.70	3.70	3.66	3.68	10251010	37752708.00
2018/04/02	3.67	3.72	3.63	3.65	16013862	59024384.00
2018/04/03	3.62	3.72	3.61	3.71	15457458	56894672.00
2018/04/04	3.70	3.74	3.69	3.70	8459400	31429188.00
2018/04/09	3.65	3.73	3.65	3.72	9734553	36050484.00
2018/04/10	3.70	3.75	3.69	3.75	10627450	39507676.00
2018/04/11	3.75	3.77	3.72	3.75	10457774	39227624.00
2018/04/12	3.75	3.83	3.73	3.80	21922916	83232176.00
2018/04/13	3.81	3.86	3.79	3.83	15806001	60449572.00
2018/04/16	3.83	3.86	3.77	3.81	13889922	52930420.00
2018/04/17	3.80	3.83	3.76	3.77	10692309	40568992.00
2018/04/18	3.79	3.83	3.76	3.81	10152992	38612272.00
2018/04/19	3.81	3.85	3.79	3.84	14290280	54757480.00
2018/04/20	3.83	3.85	3.79	3.79	10065857	38493568.00
2018/04/23	3.80	3.86	3.77	3.81	9365379	35738320.00
2018/04/24	3.81	3.84	3.79	3.83	8337636	31862312.00
2018/04/25	3.82	3.88	3.79	3.87	11493815	44091928.00
数据来源:通达信
