600036 招商银行 日线 不复权
      日期	    开盘	    最高	    最低	    收盘	    成交量	    成交额
2017/03/27	18.79	19.32	18.79	19.10	80019192	1531802496.00
2017/03/28	19.25	19.31	18.91	18.97	42027343	801684352.00
2017/03/29	18.99	19.16	18.98	19.09	44934719	857221824.00
2017/03/30	19.09	19.15	18.96	19.02	25726855	490686368.00
2017/03/31	19.02	19.25	19.02	19.17	33962346	650952960.00
2017/04/05	19.22	19.29	19.01	19.07	48602592	929280320.00
2017/04/06	19.05	19.11	18.93	19.04	34096737	648458304.00
2017/04/07	19.05	19.08	18.82	18.89	44034033	833989120.00
2017/04/10	18.93	18.97	18.70	18.91	32313532	609971584.00
2017/04/11	18.91	19.05	18.88	19.02	39407570	748244160.00
2017/04/12	19.02	19.12	18.90	19.05	32143538	611280960.00
2017/04/13	19.04	19.05	18.85	18.92	26704897	505235744.00
2017/04/14	18.91	18.94	18.65	18.82	30142700	564136320.00
2017/04/17	18.77	18.90	18.60	18.88	40758304	763022080.00
2017/04/18	18.80	18.85	18.60	18.60	31585792	591650432.00
2017/04/19	18.58	18.75	18.40	18.46	30928072	573673728.00
2017/04/20	18.59	18.60	18.38	18.39	28367769	523852160.00
2017/04/21	18.50	18.93	18.39	18.80	49743044	935678848.00
2017/04/24	18.89	19.01	18.80	18.91	37143301	703849024.00
2017/04/25	18.95	19.06	18.78	18.96	40879001	773462784.00
2017/04/26	18.97	19.18	18.91	19.11	42419144	810267712.00
2017/04/27	19.01	19.08	18.83	18.98	34557480	654130112.00
2017/04/28	19.10	19.24	19.01	19.13	49459693	945369152.00
2017/05/02	19.14	19.21	18.94	19.01	27786907	529881152.00
2017/05/03	18.99	19.03	18.85	18.93	18057905	342113792.00
2017/05/04	18.95	18.97	18.66	18.75	39673390	743771328.00
2017/05/05	18.79	18.84	18.54	18.80	34318443	640625536.00
2017/05/08	18.67	18.86	18.65	18.79	42998487	806982656.00
2017/05/09	18.80	18.85	18.74	18.79	14905601	280094848.00
2017/05/10	18.85	19.18	18.81	19.02	42066330	802326336.00
2017/05/11	19.09	19.45	19.00	19.26	47193321	909384832.00
2017/05/12	19.25	20.38	19.19	20.34	122392416	2442104320.00
2017/05/15	20.45	21.10	20.42	20.67	83559057	1738353280.00
2017/05/16	20.55	20.74	20.34	20.49	64731794	1325991040.00
2017/05/17	20.36	20.53	20.06	20.19	59693502	1206835072.00
2017/05/18	20.01	20.32	20.01	20.25	36345421	732979584.00
2017/05/19	20.17	20.59	20.11	20.53	39179460	798985920.00
2017/05/22	20.46	21.15	20.46	20.89	57888523	1212784512.00
2017/05/23	20.88	22.00	20.88	21.83	95034429	2057868416.00
2017/05/24	21.82	22.26	21.54	21.91	74150674	1623533184.00
2017/05/25	21.81	23.01	21.80	22.95	106667813	2416876288.00
2017/05/26	22.99	23.06	22.44	22.64	78505419	1785010176.00
2017/05/31	22.45	22.96	22.18	22.42	73975517	1666165888.00
2017/06/01	22.33	22.65	22.23	22.59	78092238	1753824128.00
2017/06/02	22.70	22.75	22.07	22.16	51019453	1138839808.00
2017/06/05	21.93	22.17	21.60	21.98	65026549	1419799552.00
2017/06/06	22.00	22.13	21.66	21.93	54884450	1199205632.00
2017/06/07	22.02	22.58	21.95	22.52	96496305	2160376576.00
2017/06/08	22.35	22.78	21.98	22.74	74865798	1680209792.00
2017/06/09	22.75	23.30	22.62	22.91	83753301	1924613504.00
2017/06/12	22.84	23.26	22.66	22.84	55565434	1276327552.00
2017/06/13	22.90	22.98	22.30	22.49	54260816	1220058112.00
2017/06/14	21.75	21.86	21.22	21.30	51801561	1115250432.00
2017/06/15	21.30	21.64	20.90	20.93	67537281	1425902848.00
2017/06/16	20.91	21.09	20.74	20.81	53191074	1113029504.00
2017/06/19	20.92	21.30	20.83	21.16	54663330	1152930432.00
2017/06/20	21.30	21.54	20.92	21.08	53216817	1127816320.00
2017/06/21	21.29	21.35	20.84	21.31	50786321	1074173568.00
2017/06/22	21.25	23.23	21.20	22.73	152388802	3414570752.00
2017/06/23	22.61	23.08	22.28	23.03	94120881	2136408576.00
2017/06/26	23.08	23.91	22.99	23.04	88995783	2084599680.00
2017/06/27	22.94	24.58	22.73	24.36	107584636	2541436928.00
2017/06/28	24.11	24.48	23.80	23.80	73712967	1774023808.00
2017/06/29	24.00	24.34	23.67	24.15	59421356	1432956928.00
2017/06/30	24.00	24.18	23.70	23.91	40698820	972087168.00
2017/07/03	23.80	23.80	23.33	23.52	41623871	979092992.00
2017/07/04	23.51	23.60	22.82	23.00	57363680	1325615872.00
2017/07/05	22.98	24.05	22.85	23.90	78399696	1836342528.00
2017/07/06	23.71	24.14	23.40	23.96	62433300	1481675264.00
2017/07/07	23.80	23.90	23.05	23.26	63217985	1478551296.00
2017/07/10	23.32	23.58	23.05	23.26	37203437	866708224.00
2017/07/11	23.23	24.38	23.16	24.08	73038307	1747996928.00
2017/07/12	24.10	25.07	23.95	24.34	85800391	2107028224.00
2017/07/13	24.34	25.05	24.21	24.90	55940416	1386998144.00
2017/07/14	24.99	25.41	24.74	25.18	50806029	1271884032.00
2017/07/17	25.10	25.65	24.74	25.11	70928750	1788461056.00
2017/07/18	24.90	25.06	24.04	24.52	64534655	1583816704.00
2017/07/19	24.44	25.37	24.40	25.22	63077091	1570233856.00
2017/07/20	25.10	25.25	24.80	25.20	51433744	1286272384.00
2017/07/21	25.08	25.36	24.64	24.74	32764747	818375360.00
2017/07/24	24.77	25.76	24.67	25.71	62592201	1587410688.00
2017/07/25	25.80	26.24	25.40	25.53	74394506	1922841216.00
2017/07/26	25.52	26.04	25.16	25.46	46334311	1184402304.00
2017/07/27	25.48	26.17	25.40	25.90	43453232	1124251904.00
2017/07/28	25.77	26.00	25.50	25.78	28036197	720520384.00
2017/07/31	25.64	25.95	25.38	25.57	34195965	875073792.00
2017/08/01	25.58	26.15	25.35	26.14	47806569	1237126912.00
2017/08/02	26.12	27.08	26.02	26.62	60628359	1619543936.00
2017/08/03	26.52	26.66	25.84	25.89	51028609	1338776448.00
2017/08/04	25.87	26.10	25.32	25.52	48927096	1252754944.00
2017/08/07	25.40	26.10	25.40	25.98	30913583	799024704.00
2017/08/08	25.90	26.06	25.66	25.85	22046346	569318272.00
2017/08/09	25.78	26.08	25.51	25.54	29248590	754403264.00
2017/08/10	25.47	25.74	24.98	25.14	46465133	1172008448.00
2017/08/11	24.97	25.26	24.44	24.49	52173238	1295751424.00
2017/08/14	24.60	24.88	24.25	24.80	53594772	1318539776.00
2017/08/15	24.80	25.86	24.78	25.53	53690010	1370978560.00
2017/08/16	25.41	25.47	25.02	25.17	29782847	750197184.00
2017/08/17	25.19	25.30	24.85	25.06	32146044	803371840.00
2017/08/18	24.91	25.59	24.80	25.42	39734426	1003556224.00
2017/08/21	25.42	25.52	25.05	25.30	31525364	796215296.00
2017/08/22	25.42	25.93	25.18	25.89	50287937	1289000320.00
2017/08/23	25.98	26.83	25.83	26.52	60736801	1607392896.00
2017/08/24	26.50	26.84	26.21	26.69	46161550	1228209408.00
2017/08/25	26.80	27.58	26.80	27.53	66092014	1796548736.00
2017/08/28	27.58	27.90	27.01	27.24	54746121	1504650752.00
2017/08/29	27.26	27.46	27.06	27.14	32870241	894606528.00
2017/08/30	27.39	27.96	26.97	27.16	47205569	1292864128.00
2017/08/31	27.16	27.28	26.41	26.75	59081038	1576347776.00
2017/09/01	26.74	27.18	26.53	26.76	47974643	1287996672.00
2017/09/04	26.54	26.99	26.42	26.96	35631693	953928896.00
2017/09/05	26.90	27.37	26.74	27.34	40573290	1101284992.00
2017/09/06	27.28	27.28	26.78	26.88	32948666	890348928.00
2017/09/07	26.90	26.90	26.31	26.35	46675659	1237783168.00
2017/09/08	26.36	26.60	26.29	26.38	29097213	768685696.00
2017/09/11	26.60	26.89	26.12	26.18	46759279	1236452352.00
2017/09/12	26.28	26.49	25.96	26.44	42620226	1117346048.00
2017/09/13	26.44	26.48	26.05	26.17	32866866	861995136.00
2017/09/14	26.18	26.25	25.65	25.86	47223452	1222804992.00
2017/09/15	25.75	26.08	25.59	25.97	32786267	847804864.00
2017/09/18	25.97	26.10	25.69	25.76	51107728	1323656320.00
2017/09/19	25.79	26.25	25.69	26.17	47274118	1228816256.00
2017/09/20	26.11	26.32	25.82	25.89	51785947	1350601216.00
2017/09/21	25.95	26.29	25.85	26.06	40927253	1066972480.00
2017/09/22	25.90	26.28	25.83	25.95	28030992	729528064.00
2017/09/25	25.86	26.12	25.70	25.81	32006496	829467456.00
2017/09/26	25.71	25.90	25.64	25.71	22468076	578862336.00
2017/09/27	25.67	25.75	25.32	25.40	33779155	861005184.00
2017/09/28	25.48	25.49	25.12	25.20	34723219	875845440.00
2017/09/29	25.20	25.78	25.13	25.55	47164183	1200679040.00
2017/10/09	26.80	26.99	25.89	26.08	100296537	2651928576.00
2017/10/10	26.05	26.55	25.42	26.12	105250662	2722110464.00
2017/10/11	26.05	26.25	25.91	26.04	48399977	1261376384.00
2017/10/12	26.14	26.55	26.04	26.37	47842207	1257728384.00
2017/10/13	26.37	26.55	26.16	26.20	32734325	860203520.00
2017/10/16	26.29	26.95	26.20	26.87	70703152	1886449536.00
2017/10/17	26.70	27.33	26.68	27.03	58293941	1577299200.00
2017/10/18	27.06	27.29	26.91	27.11	38327777	1037664384.00
2017/10/19	27.16	27.30	26.92	27.10	40809614	1107391104.00
2017/10/20	26.96	27.07	26.70	26.77	28130262	755916480.00
2017/10/23	26.77	26.89	26.47	26.50	34731342	925253824.00
2017/10/24	26.52	26.83	26.41	26.62	37077931	988906816.00
2017/10/25	26.57	26.89	26.40	26.80	33931969	905316416.00
2017/10/26	26.66	27.20	26.42	26.55	68850233	1839713664.00
2017/10/27	26.68	28.14	26.68	28.10	122858298	3388881920.00
2017/10/30	27.85	28.06	27.51	27.79	103998076	2890850816.00
2017/10/31	27.50	27.60	26.91	27.10	62417334	1692746752.00
2017/11/01	27.11	27.18	26.65	26.90	69513733	1866958976.00
2017/11/02	26.80	27.02	26.70	27.01	36239453	974720000.00
2017/11/03	26.98	27.16	26.61	27.06	68086907	1829746432.00
2017/11/06	26.90	26.94	26.27	26.61	69959123	1854555264.00
2017/11/07	26.60	27.26	26.53	27.03	73061456	1968881408.00
2017/11/08	27.00	27.43	26.80	27.09	72048087	1958201856.00
2017/11/09	26.99	27.47	26.84	27.07	35153936	952783872.00
2017/11/10	26.91	27.22	26.59	27.07	70010839	1882008448.00
2017/11/13	27.11	28.35	27.11	27.67	136763738	3814308608.00
2017/11/14	27.75	28.28	27.68	28.02	84449909	2361867264.00
2017/11/15	27.79	28.30	27.61	27.88	69036414	1927570944.00
2017/11/16	27.77	28.13	27.49	28.10	67948860	1892846720.00
2017/11/17	28.30	29.50	28.30	29.38	155197518	4524400128.00
2017/11/20	29.38	30.70	29.09	30.53	130959008	3912283904.00
2017/11/21	30.30	31.30	30.08	30.36	111984633	3439543552.00
2017/11/22	30.54	31.66	30.54	30.90	97579050	3034245888.00
2017/11/23	30.80	31.13	29.50	30.00	89079547	2709651200.00
2017/11/24	30.25	30.79	29.63	30.09	81263787	2447315968.00
2017/11/27	29.86	29.95	28.88	29.88	98541100	2899282432.00
2017/11/28	29.46	29.73	28.90	29.19	61627096	1801453824.00
2017/11/29	29.31	29.69	28.81	29.56	58019644	1699268352.00
2017/11/30	29.32	29.46	28.74	28.99	50183802	1458283264.00
2017/12/01	28.99	29.11	28.35	28.61	67577561	1936547968.00
2017/12/04	28.43	29.07	28.42	28.72	41607547	1197481984.00
2017/12/05	28.72	29.59	28.72	29.49	88452920	2588555776.00
2017/12/06	29.35	29.35	28.51	28.93	55265542	1602157952.00
2017/12/07	28.70	29.07	27.85	28.25	65215249	1846806144.00
2017/12/08	28.12	28.58	27.91	28.52	52147804	1476432512.00
2017/12/11	28.44	29.00	27.96	28.93	79743013	2266770944.00
2017/12/12	28.70	29.07	28.33	28.35	55109715	1579380992.00
2017/12/13	28.35	28.78	27.95	28.60	53615880	1517011712.00
2017/12/14	28.53	29.00	28.45	28.63	52939187	1520833408.00
2017/12/15	28.57	28.60	28.00	28.06	48806521	1378078336.00
2017/12/18	28.10	28.51	28.05	28.33	37389497	1058596864.00
2017/12/19	28.47	29.50	28.34	29.36	77123200	2238123008.00
2017/12/20	29.41	29.75	29.08	29.47	55439985	1631568128.00
2017/12/21	29.37	30.00	29.20	29.64	56738026	1684770432.00
2017/12/22	29.51	29.64	29.16	29.29	44313847	1301573504.00
2017/12/25	29.19	29.97	29.12	29.29	60107575	1777969152.00
2017/12/26	29.22	29.80	29.21	29.71	61399980	1817411840.00
2017/12/27	29.50	29.78	28.58	28.76	63393214	1845505280.00
2017/12/28	28.75	28.92	28.45	28.63	42120227	1209920384.00
2017/12/29	28.63	29.04	28.61	29.02	32904289	950964480.00
2018/01/02	29.02	30.06	29.02	29.62	67591307	2009147008.00
2018/01/03	29.74	30.48	29.64	29.97	71850339	2161448704.00
2018/01/04	30.28	30.36	29.40	29.65	51686593	1540869760.00
2018/01/05	29.87	30.25	29.46	30.10	47990820	1435732608.00
2018/01/08	29.92	30.05	29.31	29.47	65857890	1943542272.00
2018/01/09	29.52	29.91	29.35	29.77	39867797	1179590656.00
2018/01/10	29.66	30.77	29.58	30.53	79928286	2428313344.00
2018/01/11	30.52	31.15	30.40	30.92	54074486	1668764800.00
2018/01/12	31.12	31.58	31.02	31.51	48734315	1528109312.00
2018/01/15	31.48	32.40	31.30	31.94	67314601	2148679936.00
2018/01/16	31.80	32.28	31.54	31.89	65281903	2080015616.00
2018/01/17	32.10	33.11	31.50	31.69	102654638	3328493312.00
2018/01/18	32.10	32.75	32.10	32.32	81103971	2628880128.00
2018/01/19	32.66	33.35	32.21	32.46	84132890	2769050368.00
2018/01/22	32.18	33.64	32.15	33.08	94572955	3131534592.00
2018/01/23	33.20	34.17	33.20	34.05	86899482	2940790016.00
2018/01/24	34.25	35.35	33.45	33.85	117648367	4066613248.00
2018/01/25	34.01	34.02	32.90	33.41	78904029	2631027968.00
2018/01/26	33.19	34.30	33.19	33.47	70667394	2386060800.00
2018/01/29	33.50	34.08	32.81	32.98	68492095	2299932928.00
2018/01/30	32.90	33.16	32.41	32.57	36571313	1196780416.00
2018/01/31	32.34	33.99	32.22	33.94	66479420	2209958400.00
2018/02/01	34.05	34.92	33.85	34.45	69284961	2378431232.00
2018/02/02	34.04	34.58	33.69	34.50	49473207	1690289920.00
2018/02/05	33.83	35.11	33.80	34.89	74328591	2570910976.00
2018/02/06	34.10	34.69	33.49	34.62	141691337	4822983680.00
2018/02/07	34.58	34.93	32.10	32.39	150288262	4982016000.00
2018/02/08	31.95	32.38	30.83	31.28	106982961	3355653632.00
2018/02/09	30.33	30.81	28.60	30.71	132753969	3963446784.00
2018/02/12	30.40	30.64	29.40	30.05	87696616	2637441792.00
2018/02/13	30.38	31.27	30.35	30.91	79926773	2463683840.00
2018/02/14	30.95	31.47	30.42	31.37	33494293	1042018688.00
2018/02/22	31.88	32.20	31.18	31.50	67768109	2144014336.00
2018/02/23	31.50	32.10	31.22	31.78	51500754	1626590720.00
2018/02/26	31.89	32.35	31.23	31.51	71861812	2272643328.00
2018/02/27	31.57	31.65	30.65	30.87	71533820	2216706048.00
2018/02/28	30.38	30.75	30.01	30.30	53257706	1612634112.00
2018/03/01	30.03	30.86	30.01	30.40	40276961	1226158336.00
2018/03/02	30.12	30.46	30.02	30.03	33875997	1021219200.00
2018/03/05	30.10	30.58	29.92	30.15	33620119	1013168768.00
2018/03/06	30.39	30.47	29.49	30.04	61883656	1851222400.00
2018/03/07	30.50	31.08	30.35	30.77	84233444	2596877568.00
2018/03/08	30.85	31.06	30.41	30.92	40500723	1247826560.00
2018/03/09	31.20	31.50	30.98	31.15	35510045	1108939264.00
2018/03/12	31.44	31.49	30.80	30.84	58173696	1807020672.00
2018/03/13	30.90	31.38	30.63	30.73	37374686	1158438656.00
2018/03/14	30.57	30.60	30.21	30.39	26317599	798808448.00
2018/03/15	30.21	30.68	30.21	30.52	24195976	737285312.00
2018/03/16	30.57	30.68	30.10	30.13	36802429	1116503040.00
2018/03/19	30.01	30.74	29.90	30.71	32273332	980755520.00
2018/03/20	30.55	31.10	30.51	30.99	38239459	1181777280.00
2018/03/21	31.28	31.80	31.12	31.26	58514545	1841756800.00
2018/03/22	31.28	31.53	30.56	31.23	44627524	1386451072.00
2018/03/23	30.30	30.40	29.85	30.31	86642819	2611002880.00
2018/03/26	30.26	30.26	28.75	29.11	90578029	2654133504.00
2018/03/27	29.55	29.69	28.50	28.72	80543133	2327605760.00
2018/03/28	28.40	29.44	28.25	28.70	78797873	2274733824.00
2018/03/29	28.73	29.79	28.20	29.31	67949417	1972338304.00
2018/03/30	29.37	29.50	28.98	29.09	35675322	1039897280.00
2018/04/02	29.00	29.61	28.90	29.01	47738697	1396102272.00
2018/04/03	28.86	28.97	28.55	28.81	30225398	868475008.00
2018/04/04	28.88	29.27	28.62	28.76	37782179	1095425792.00
2018/04/09	28.86	29.17	28.64	28.84	27742411	801133248.00
2018/04/10	28.84	30.32	28.61	30.29	58601460	1731213184.00
2018/04/11	30.34	30.95	30.05	30.49	56043306	1709631488.00
2018/04/12	30.50	30.50	29.79	29.93	33767498	1015562880.00
2018/04/13	30.05	30.35	29.52	29.54	26010873	775003200.00
2018/04/16	29.20	29.21	27.95	28.11	91462703	2595815936.00
2018/04/17	28.25	28.29	27.58	27.69	61074971	1702375296.00
2018/04/18	28.28	28.35	27.36	28.14	65977970	1841953024.00
2018/04/19	28.18	28.75	28.02	28.24	42432862	1205816192.00
2018/04/20	28.05	28.25	27.80	28.21	39799455	1116482304.00
2018/04/23	27.93	28.45	27.91	28.29	30152180	851443584.00
2018/04/24	28.30	29.50	28.30	28.86	67026412	1951397632.00
2018/04/25	28.86	29.09	28.61	28.82	25167546	726053632.00
数据来源:通达信
