600074 ST保千里 日线 不复权
      日期	    开盘	    最高	    最低	    收盘	    成交量	    成交额
2017/03/27	13.38	13.65	13.30	13.55	15354112	207139648.00
2017/03/28	13.55	13.63	13.37	13.41	8467804	114180704.00
2017/03/29	13.44	13.50	13.17	13.18	10572464	140713952.00
2017/03/30	13.17	13.17	12.80	12.92	18181214	234560000.00
2017/03/31	12.85	12.97	12.82	12.90	6623362	85349760.00
2017/04/05	12.90	13.16	12.90	13.12	8776997	114776160.00
2017/04/06	13.10	13.18	13.03	13.10	6373217	83533744.00
2017/04/07	13.12	13.15	12.97	13.01	7268294	94709696.00
2017/04/10	13.07	13.18	12.81	13.11	16743425	217531840.00
2017/04/11	13.08	13.32	12.99	13.29	15739023	207548704.00
2017/04/12	13.29	13.40	13.21	13.22	11322572	150459360.00
2017/04/13	13.17	13.24	13.10	13.23	7788281	102734064.00
2017/04/14	13.23	13.23	13.00	13.01	7777690	101805720.00
2017/04/17	13.00	13.25	12.83	13.19	12139346	159044928.00
2017/04/18	13.19	13.48	13.17	13.33	17333213	231552960.00
2017/04/19	13.23	13.36	13.04	13.09	9193885	120767880.00
2017/04/20	12.81	13.24	12.81	13.19	13010331	169664704.00
2017/04/21	13.18	13.23	12.97	13.02	6108232	80084088.00
2017/04/24	13.02	13.06	12.44	12.54	11295189	142959856.00
2017/04/25	12.48	12.64	12.30	12.48	11416073	142305856.00
2017/04/26	12.42	12.66	12.35	12.64	16394500	204767136.00
2017/04/27	12.66	12.66	12.36	12.56	6533251	81673784.00
2017/04/28	12.51	12.62	12.37	12.57	7094390	88632304.00
2017/05/02	12.57	12.65	12.46	12.60	11072441	139091408.00
2017/05/03	12.55	12.71	12.55	12.61	7359310	92812208.00
2017/05/04	12.56	12.64	12.52	12.54	7918455	99665944.00
2017/05/05	12.50	12.57	12.01	12.48	12224365	150636224.00
2017/05/08	12.35	12.50	12.26	12.42	7799076	96561032.00
2017/05/09	12.36	12.54	12.28	12.47	6100925	75689136.00
2017/05/10	12.51	12.51	12.22	12.26	8359900	103735664.00
2017/05/11	12.16	12.24	11.36	12.07	13830916	164352080.00
2017/05/12	11.90	12.15	11.58	12.09	16683515	197958144.00
2017/05/15	12.01	12.53	11.96	12.47	13292334	162253712.00
2017/05/16	12.37	12.83	12.26	12.78	13002295	163999744.00
2017/05/17	12.73	12.97	12.66	12.77	8712581	111524152.00
2017/05/18	12.70	12.95	12.62	12.79	7774456	99654168.00
2017/05/19	12.77	12.86	12.60	12.77	7380185	93951120.00
2017/05/22	12.70	12.75	12.48	12.51	5853681	73609224.00
2017/05/23	12.59	12.59	11.96	12.07	9405973	115714680.00
2017/05/24	12.03	12.38	12.02	12.22	8118090	98550520.00
2017/05/25	12.15	12.28	11.97	12.16	10760900	130428592.00
2017/05/26	12.20	12.33	12.15	12.25	5651745	69041456.00
2017/05/31	12.32	12.36	12.15	12.16	4702401	57733848.00
2017/06/01	12.14	12.17	11.80	11.85	6388301	76521416.00
2017/06/02	11.85	12.10	11.78	12.08	6390793	76394096.00
2017/06/05	12.11	12.12	12.02	12.06	4961517	59929096.00
2017/06/06	12.05	12.10	12.00	12.06	4925813	59350640.00
2017/06/07	12.06	12.20	12.03	12.18	7749973	94068120.00
2017/06/08	12.08	12.19	12.08	12.11	7206654	87343736.00
2017/06/09	12.15	12.15	11.92	12.06	8886611	106621032.00
2017/06/12	11.93	12.02	11.71	11.77	9311635	110644456.00
2017/06/13	11.72	11.97	11.72	11.92	8370845	99441888.00
2017/06/14	11.95	11.95	11.79	11.80	4551644	53876552.00
2017/06/15	11.85	11.96	11.80	11.94	6500010	77220512.00
2017/06/16	11.94	11.97	11.83	11.93	5001361	59397708.00
2017/06/19	11.93	11.94	11.84	11.90	4908737	58365272.00
2017/06/20	11.90	12.03	11.86	12.02	9088378	108766824.00
2017/06/21	12.18	12.22	11.96	12.07	9078517	109651600.00
2017/06/22	12.03	13.09	12.00	12.69	38949389	491411840.00
2017/06/23	12.62	13.18	12.52	13.13	32178694	414302624.00
2017/06/26	13.02	13.19	12.91	13.11	19963431	260787344.00
2017/06/27	13.02	13.08	12.81	12.84	16031107	206627760.00
2017/06/28	12.85	12.85	12.58	12.65	10482756	132768592.00
2017/06/29	12.73	12.94	12.65	12.78	9718455	124451384.00
2017/06/30	12.66	12.99	12.65	12.81	9352557	120355840.00
2017/07/03	12.82	13.24	12.71	13.21	23294238	303845984.00
2017/07/04	13.24	13.33	13.08	13.17	19634454	259211632.00
2017/07/05	13.08	13.44	13.07	13.37	20354525	270965952.00
2017/07/06	13.30	13.46	13.15	13.23	14857067	197200784.00
2017/07/07	13.29	13.38	13.12	13.16	9851922	129948272.00
2017/07/10	13.16	13.23	12.88	12.92	11632372	151139376.00
2017/07/11	12.85	13.12	12.85	12.93	7925191	102816104.00
2017/07/12	13.00	13.34	13.00	13.19	17865680	235592400.00
2017/07/13	13.00	13.00	12.00	12.58	24394053	305409792.00
2017/07/14	12.52	12.81	12.31	12.72	13077399	164827264.00
2017/07/17	12.51	12.58	11.70	11.86	15149835	183629216.00
2017/07/18	11.94	11.94	11.70	11.80	6505344	76776144.00
2017/07/19	11.79	11.86	11.66	11.84	11543661	135486800.00
2017/07/20	11.84	11.84	11.46	11.48	17018799	198304704.00
2017/07/21	11.60	11.77	11.48	11.54	12848477	148963040.00
2017/07/24	11.08	11.08	10.39	10.39	42133963	441462656.00
2017/12/29	9.87	9.87	9.87	9.87	36300	358281.00
2018/01/02	9.38	9.38	9.38	9.38	21900	205422.00
2018/01/03	8.91	8.91	8.91	8.91	38900	346599.00
2018/01/04	8.46	8.46	8.46	8.46	47100	398466.00
2018/01/05	8.04	8.04	8.04	8.04	76400	614256.00
2018/01/08	7.64	7.64	7.64	7.64	56600	432424.00
2018/01/09	7.26	7.26	7.26	7.26	69500	504570.00
2018/01/10	6.90	6.90	6.90	6.90	34900	240810.00
2018/01/11	6.56	6.56	6.56	6.56	46500	305040.00
2018/01/12	6.23	6.23	6.23	6.23	126000	784980.00
2018/01/15	5.92	5.92	5.92	5.92	75200	445184.00
2018/01/16	5.62	5.62	5.62	5.62	316700	1779854.00
2018/01/17	5.34	5.34	5.34	5.34	72300	386082.00
2018/01/18	5.07	5.07	5.07	5.07	653000	3310710.00
2018/01/19	4.82	4.82	4.82	4.82	603000	2906460.00
2018/01/22	4.58	4.58	4.58	4.58	307200	1406976.00
2018/01/23	4.35	4.35	4.35	4.35	447500	1946625.00
2018/01/24	4.13	4.13	4.13	4.13	603400	2492042.00
2018/01/25	3.92	3.92	3.92	3.92	12055700	47258344.00
2018/01/26	3.72	3.72	3.72	3.72	25093500	93347824.00
2018/01/29	3.53	3.53	3.53	3.53	8477800	29926634.00
2018/01/30	3.35	3.35	3.35	3.35	3131500	10490525.00
2018/01/31	3.18	3.18	3.18	3.18	1938700	6165066.00
2018/02/01	3.02	3.02	3.02	3.02	2255000	6810100.00
2018/02/02	2.87	2.87	2.87	2.87	2180900	6259183.00
2018/02/05	2.73	2.73	2.73	2.73	765900	2090907.00
2018/02/06	2.59	2.59	2.59	2.59	983600	2547524.00
2018/02/07	2.46	2.46	2.46	2.46	1051900	2587674.00
2018/02/08	2.34	2.58	2.34	2.58	273816319	657786368.00
2018/02/09	2.45	2.46	2.45	2.45	61598300	150925696.00
2018/02/12	2.33	2.38	2.33	2.33	144354017	337294784.00
2018/02/13	2.31	2.35	2.21	2.21	98412394	221850176.00
2018/02/14	2.14	2.23	2.10	2.13	89880784	191646944.00
2018/02/22	2.14	2.24	2.12	2.24	86604408	190428608.00
2018/02/23	2.22	2.34	2.21	2.28	100055521	227909808.00
2018/02/26	2.23	2.32	2.22	2.30	62137075	141828784.00
2018/02/27	2.28	2.30	2.24	2.27	61152521	138550752.00
2018/02/28	2.25	2.28	2.22	2.25	39222463	88369888.00
2018/03/01	2.23	2.36	2.22	2.36	62324383	145872880.00
2018/03/02	2.38	2.47	2.35	2.37	89632506	214629984.00
2018/03/05	2.25	2.30	2.25	2.25	77321704	174634560.00
2018/03/06	2.26	2.30	2.24	2.28	36965546	84074648.00
2018/03/07	2.28	2.29	2.24	2.26	28876264	65319224.00
2018/03/08	2.24	2.27	2.23	2.26	24798236	55835072.00
2018/03/09	2.25	2.34	2.24	2.28	47822524	109178008.00
2018/03/12	2.18	2.27	2.18	2.26	46704250	104398016.00
2018/03/13	2.25	2.37	2.24	2.37	93067630	217499296.00
2018/03/14	2.38	2.41	2.28	2.29	75186246	175289040.00
2018/03/15	2.27	2.28	2.21	2.24	45891285	102940400.00
2018/03/16	2.23	2.27	2.23	2.24	28910631	64882432.00
2018/03/19	2.25	2.25	2.22	2.23	22185000	49527816.00
2018/03/20	2.21	2.28	2.20	2.26	35126308	78657496.00
2018/03/21	2.25	2.26	2.22	2.22	33029811	74036528.00
2018/03/22	2.22	2.23	2.18	2.20	29425000	64802872.00
2018/03/23	2.16	2.16	2.09	2.09	36459500	76773752.00
2018/03/26	2.00	2.03	1.99	2.03	47343501	94710680.00
2018/03/27	2.04	2.09	2.04	2.07	30245650	62477616.00
2018/03/28	2.04	2.06	2.01	2.02	24305094	49542016.00
2018/03/29	2.02	2.04	2.01	2.03	23077800	46743428.00
2018/03/30	2.03	2.04	2.01	2.02	24156704	48972900.00
2018/04/02	2.03	2.07	2.02	2.03	25955805	52968624.00
2018/04/03	2.00	2.01	1.98	1.99	25694673	51217256.00
2018/04/04	2.00	2.01	1.99	2.00	21133000	42208956.00
2018/04/09	1.90	1.90	1.90	1.90	7739900	14705810.00
2018/04/10	1.81	1.81	1.81	1.81	7519500	13610295.00
2018/04/11	1.72	1.72	1.72	1.72	9147800	15734216.00
2018/04/12	1.63	1.78	1.63	1.70	66998291	113333512.00
2018/04/13	1.67	1.72	1.67	1.72	38509882	65109984.00
2018/04/16	1.70	1.71	1.63	1.63	46339132	76472456.00
2018/04/17	1.63	1.71	1.61	1.66	41078005	68458728.00
2018/04/18	1.67	1.67	1.60	1.64	30168047	48937120.00
2018/04/19	1.64	1.68	1.62	1.66	33702976	55404720.00
2018/04/20	1.65	1.67	1.61	1.62	27303381	44747344.00
2018/04/23	1.61	1.62	1.54	1.55	38466887	59874992.00
2018/04/24	1.54	1.56	1.53	1.56	26919602	41679760.00
2018/04/25	1.54	1.55	1.50	1.53	25929337	39657488.00
数据来源:通达信
