600054 黄山旅游 日线 不复权
      日期	    开盘	    最高	    最低	    收盘	    成交量	    成交额
2017/03/27	17.70	18.02	17.60	17.64	4806502	85821248.00
2017/03/28	17.61	17.80	17.51	17.57	3255234	57412600.00
2017/03/29	17.60	17.63	17.21	17.34	4392055	76359744.00
2017/03/30	17.25	17.30	16.99	17.10	3703128	63299224.00
2017/03/31	17.00	17.34	16.95	17.30	2222753	38201500.00
2017/04/05	16.76	17.72	16.76	17.29	7796387	135028240.00
2017/04/06	17.17	17.49	17.08	17.27	2958829	51195344.00
2017/04/07	17.26	17.57	17.21	17.54	4144295	72132832.00
2017/04/10	17.56	17.75	17.41	17.63	5340238	94137800.00
2017/04/11	17.72	17.72	17.06	17.20	5775249	99348904.00
2017/04/12	17.12	17.54	17.09	17.22	3294532	57086360.00
2017/04/13	17.21	17.40	17.14	17.37	2718562	47051204.00
2017/04/14	17.40	17.49	17.26	17.38	3955365	68714768.00
2017/04/17	17.38	17.99	17.38	17.99	7725080	137420288.00
2017/04/18	18.00	18.25	17.84	18.01	7894956	142491488.00
2017/04/19	17.76	18.48	17.70	18.34	8304995	150405168.00
2017/04/20	18.35	18.83	18.19	18.64	7533259	140493648.00
2017/04/21	18.59	18.79	18.26	18.55	4649501	86199624.00
2017/04/24	18.58	18.60	17.62	18.11	6099263	109949416.00
2017/04/25	18.10	18.35	17.98	18.20	2860284	51925668.00
2017/04/26	18.19	18.39	18.00	18.38	2857560	51917516.00
2017/04/27	18.24	18.56	17.80	18.48	4590393	83056304.00
2017/04/28	17.90	18.20	17.80	18.06	4172788	75093872.00
2017/05/02	18.00	18.00	17.31	17.71	4392310	77384800.00
2017/05/03	17.51	17.75	17.17	17.30	3456010	60354856.00
2017/05/04	17.44	17.96	17.32	17.88	3796979	67337712.00
2017/05/05	17.88	17.92	17.55	17.78	2515139	44538192.00
2017/05/08	17.70	17.77	17.45	17.55	986856	17333226.00
2017/05/09	17.51	17.66	17.32	17.65	815231	14283935.00
2017/05/10	17.63	17.83	17.41	17.47	1889804	33496744.00
2017/05/11	17.44	17.76	17.30	17.73	2426935	42489540.00
2017/05/12	17.75	17.75	17.50	17.67	904815	15927330.00
2017/05/15	17.70	17.97	17.67	17.92	2071740	37043176.00
2017/05/16	17.95	18.20	17.86	18.18	1555684	28063468.00
2017/05/17	18.18	18.42	18.00	18.22	1998081	36455124.00
2017/05/18	18.20	18.38	18.05	18.21	1363631	24902624.00
2017/05/19	18.21	18.40	17.97	18.04	1308550	23694892.00
2017/05/22	17.97	18.08	17.62	17.81	1518088	27022752.00
2017/05/23	17.81	17.86	17.58	17.77	1188653	21056676.00
2017/05/24	17.71	17.76	17.40	17.59	2215162	38829868.00
2017/05/25	17.59	17.70	17.40	17.61	2367705	41727768.00
2017/05/26	17.64	17.96	17.60	17.77	1469355	26135308.00
2017/05/31	18.00	18.07	17.36	17.39	3717233	65580528.00
2017/06/01	17.40	17.58	16.59	16.79	5688732	95914904.00
2017/06/02	16.73	16.98	16.57	16.93	1559298	26125188.00
2017/06/05	16.95	17.46	16.93	17.35	2334106	40338992.00
2017/06/06	17.35	17.41	17.19	17.33	743409	12863991.00
2017/06/07	17.33	17.68	17.30	17.65	1577666	27649042.00
2017/06/08	17.60	17.75	17.52	17.65	948089	16739810.00
2017/06/09	17.56	17.86	17.35	17.80	3385046	59397904.00
2017/06/12	17.81	17.81	17.45	17.53	1309719	23093160.00
2017/06/13	17.48	17.75	17.46	17.66	1370504	24202604.00
2017/06/14	17.67	17.82	17.62	17.72	992652	17606268.00
2017/06/15	17.70	17.77	17.48	17.58	1549567	27247742.00
2017/06/16	17.60	17.63	17.28	17.44	1310216	22810998.00
2017/06/19	17.36	17.44	17.14	17.28	2271876	39159236.00
2017/06/20	17.30	17.36	17.19	17.26	1325960	22863328.00
2017/06/21	17.28	17.41	17.22	17.39	987460	17101280.00
2017/06/22	17.39	17.39	17.19	17.20	1796086	31082616.00
2017/06/23	17.27	17.30	16.51	17.00	2664292	45103228.00
2017/06/26	16.80	17.07	16.75	16.94	3745010	63142128.00
2017/06/27	16.94	17.49	16.94	17.48	3950172	68125400.00
2017/06/28	17.36	17.47	17.20	17.21	2823945	48932440.00
2017/06/29	17.29	17.34	17.12	17.20	2482097	42752160.00
2017/06/30	17.20	17.28	16.90	17.10	3374117	57549832.00
2017/07/03	17.05	17.05	16.63	16.96	5472980	92170544.00
2017/07/04	16.91	17.08	16.91	17.04	2104987	35778904.00
2017/07/05	17.09	17.09	16.91	16.99	1310967	22268166.00
2017/07/06	16.98	17.30	16.98	17.07	2124292	36366264.00
2017/07/07	17.04	17.12	17.02	17.08	772526	13185864.00
2017/07/10	17.09	17.12	16.89	17.02	1979627	33643256.00
2017/07/11	17.03	17.06	16.70	16.73	2589800	43623140.00
2017/07/12	16.78	16.86	16.60	16.85	1510458	25306260.00
2017/07/13	16.88	16.99	16.85	16.92	1358059	23013092.00
2017/07/14	16.94	16.99	16.80	16.86	1091033	18405250.00
2017/07/17	16.84	16.84	16.26	16.26	3077247	50662632.00
2017/07/18	16.38	16.47	16.15	16.25	2169661	35384080.00
2017/07/19	16.21	16.26	16.00	16.17	6142425	98875200.00
2017/07/20	16.15	16.19	16.04	16.10	3838509	61784076.00
2017/07/21	16.10	16.20	16.06	16.09	2677755	43172704.00
2017/07/24	16.09	16.35	16.05	16.33	3737966	60733512.00
2017/07/25	16.29	16.44	16.29	16.38	1790320	29334976.00
2017/07/26	16.43	16.45	16.30	16.36	1266202	20731642.00
2017/07/27	16.38	16.48	16.13	16.41	1744783	28535864.00
2017/07/28	16.40	16.57	16.28	16.45	3435130	56556728.00
2017/07/31	16.39	16.49	16.23	16.44	3662638	59901096.00
2017/08/01	16.43	16.43	16.23	16.35	3010559	49117816.00
2017/08/02	16.35	16.40	16.25	16.26	2009910	32805880.00
2017/08/03	16.23	16.26	16.05	16.11	3074740	49585592.00
2017/08/04	16.11	16.17	16.04	16.15	2152108	34653008.00
2017/08/07	16.16	16.18	16.03	16.17	1169750	18865062.00
2017/08/08	16.17	16.33	16.08	16.12	3297514	53429532.00
2017/08/09	16.12	16.25	16.08	16.11	2217895	35819120.00
2017/08/10	16.16	16.23	16.04	16.09	3410706	54955788.00
2017/08/11	16.07	16.16	16.06	16.11	1768835	28519396.00
2017/08/14	16.15	16.46	16.10	16.33	3392094	55369388.00
2017/08/15	16.33	16.66	16.21	16.62	3480607	57544368.00
2017/08/16	16.61	16.81	16.48	16.73	2809228	47038116.00
2017/08/17	16.73	16.79	16.58	16.71	1020562	17043756.00
2017/08/18	16.71	16.71	16.57	16.66	958939	15949464.00
2017/08/21	16.68	16.72	16.48	16.58	2617750	43337816.00
2017/08/22	16.57	16.60	16.51	16.55	650026	10757367.00
2017/08/23	16.55	16.58	16.42	16.50	856766	14127558.00
2017/08/24	16.55	16.57	16.41	16.44	857570	14117642.00
2017/08/25	16.40	16.58	16.38	16.55	2315062	38210008.00
2017/08/28	16.53	16.70	16.50	16.64	3200267	53153096.00
2017/08/29	16.64	16.67	16.36	16.44	2401701	39588148.00
2017/08/30	16.41	16.50	16.41	16.46	1384498	22779120.00
2017/08/31	16.45	16.54	16.40	16.49	1205357	19851116.00
2017/09/01	16.46	16.52	16.15	16.38	5721588	93263296.00
2017/09/04	16.31	17.39	16.27	17.19	11874927	201188384.00
2017/09/05	17.04	17.20	16.83	16.97	5446340	92414656.00
2017/09/06	16.90	17.07	16.81	17.02	3948414	66888888.00
2017/09/07	16.99	17.24	16.80	16.93	4342217	73925112.00
2017/09/08	16.95	17.22	16.95	17.16	4667207	79945520.00
2017/09/11	17.17	17.30	16.95	17.01	3480052	59369524.00
2017/09/12	17.05	17.05	16.88	17.01	2155621	36514356.00
2017/09/13	17.00	17.22	16.95	17.20	3352601	57435912.00
2017/09/14	17.23	17.35	17.15	17.31	4589407	79219888.00
2017/09/15	17.30	17.30	17.00	17.08	3040561	51994372.00
2017/09/18	17.15	17.23	17.02	17.09	2670536	45727024.00
2017/09/19	17.09	17.15	16.88	16.99	2729657	46456496.00
2017/09/20	16.93	17.01	16.86	16.99	2544060	43077992.00
2017/09/21	16.99	17.03	16.89	16.93	1798859	30503324.00
2017/09/22	16.98	16.98	16.76	16.94	1935909	32563940.00
2017/09/25	16.86	17.04	16.85	16.93	1771754	30056896.00
2017/09/26	16.90	16.97	16.82	16.91	1068718	18039824.00
2017/09/27	16.90	16.96	16.74	16.86	2100037	35400240.00
2017/09/28	16.82	16.87	16.73	16.76	1482522	24870780.00
2017/09/29	16.76	16.92	16.76	16.90	2567966	43192012.00
2017/10/09	17.01	17.08	16.65	16.73	5359575	90256336.00
2017/10/10	16.72	16.85	16.62	16.68	2133390	35606168.00
2017/10/11	16.69	16.76	16.53	16.62	2971980	49352560.00
2017/10/12	16.59	16.59	16.42	16.51	2640762	43568740.00
2017/10/13	16.42	16.49	16.27	16.39	2698913	44191352.00
2017/10/16	16.43	16.45	16.07	16.11	5257568	85036576.00
2017/10/17	16.11	16.28	16.11	16.20	1824690	29592468.00
2017/10/18	16.21	16.29	16.20	16.24	1749652	28431840.00
2017/10/19	16.24	16.26	16.05	16.09	2231800	36065224.00
2017/10/20	16.10	16.30	16.10	16.28	1469453	23874232.00
2017/10/23	16.28	16.31	16.18	16.23	1267489	20566362.00
2017/10/24	16.23	16.31	16.08	16.23	2108505	34203760.00
2017/10/25	16.23	16.25	16.18	16.25	1395802	22638456.00
2017/10/26	16.20	16.25	16.07	16.20	3109257	50196436.00
2017/10/27	16.17	16.25	16.12	16.22	1056435	17113112.00
2017/10/30	16.24	16.24	15.65	15.71	3808294	60286200.00
2017/10/31	15.69	15.75	15.37	15.53	4247077	65738900.00
2017/11/01	15.55	15.55	15.35	15.36	4359202	67147896.00
2017/11/02	15.36	15.40	15.06	15.19	4127100	62590920.00
2017/11/03	15.11	15.18	14.60	14.71	7298832	108325080.00
2017/11/06	14.72	14.72	14.36	14.51	7046291	101975528.00
2017/11/07	14.54	14.73	14.50	14.72	5002296	73168616.00
2017/11/08	14.73	14.73	14.55	14.57	5621252	82143248.00
2017/11/09	14.58	14.66	14.53	14.61	2930205	42770408.00
2017/11/10	14.59	14.70	14.54	14.68	3557673	52112912.00
2017/11/13	14.68	14.95	14.63	14.88	5869050	86895416.00
2017/11/14	14.88	14.88	14.45	14.51	5543207	80791088.00
2017/11/15	14.49	14.50	14.37	14.39	3016918	43472344.00
2017/11/16	14.40	14.55	14.21	14.49	3761685	53995900.00
2017/11/17	14.44	14.44	14.05	14.16	3831841	54296592.00
2017/11/20	14.17	14.22	13.50	14.07	3482659	48515008.00
2017/11/21	14.03	14.16	13.82	14.05	3699692	51582384.00
2017/11/22	14.09	14.09	13.87	13.92	2118339	29514624.00
2017/11/23	13.87	13.94	13.68	13.74	1625431	22462156.00
2017/11/24	13.72	13.78	13.50	13.70	4710892	63993628.00
2017/11/27	13.61	13.63	13.40	13.54	2828254	38247232.00
2017/11/28	13.50	13.63	13.49	13.62	1364893	18512080.00
2017/11/29	13.63	13.63	13.53	13.60	1499575	20343504.00
2017/11/30	13.62	14.10	13.60	13.91	5442217	75773176.00
2017/12/01	13.96	14.05	13.80	13.98	2246030	31316224.00
2017/12/04	13.96	14.10	13.77	13.80	1688968	23521342.00
2017/12/05	13.80	13.94	13.48	13.72	4360175	59836752.00
2017/12/06	13.73	13.99	13.61	13.96	2811623	38934988.00
2017/12/07	13.88	13.95	13.82	13.85	1371532	19042244.00
2017/12/08	13.86	14.25	13.86	14.21	3435432	48505296.00
2017/12/11	14.22	14.31	14.11	14.21	2599550	36866548.00
2017/12/12	14.16	14.30	14.04	14.19	2769206	39272488.00
2017/12/13	14.13	14.26	14.13	14.18	1242394	17641696.00
2017/12/14	14.18	14.19	13.96	14.01	1711920	24047092.00
2017/12/15	14.00	14.08	13.90	13.94	1016554	14180782.00
2017/12/18	13.91	13.99	13.79	13.81	1301890	18042264.00
2017/12/19	13.95	14.05	13.82	13.90	2890391	40280016.00
2017/12/20	13.92	14.22	13.92	13.94	3552256	50070180.00
2017/12/21	13.86	14.10	13.86	13.99	2569488	36023548.00
2017/12/22	13.94	14.42	13.94	14.27	4282759	60905720.00
2017/12/25	14.27	14.31	14.09	14.19	2783578	39466792.00
2017/12/26	14.18	14.33	14.15	14.29	2500506	35628020.00
2017/12/27	14.30	14.50	14.21	14.30	3399834	48842728.00
2017/12/28	14.30	14.38	14.10	14.16	2659400	37895336.00
2017/12/29	14.19	14.31	14.15	14.27	2024383	28763764.00
2018/01/02	14.29	14.43	14.19	14.37	2677133	38367064.00
2018/01/03	14.36	14.57	14.30	14.51	3592397	51866584.00
2018/01/04	14.47	14.55	14.40	14.50	1731883	25073416.00
2018/01/05	14.51	14.57	14.21	14.27	4349850	62263224.00
2018/01/08	14.29	14.48	14.28	14.46	5427352	78103504.00
2018/01/09	14.46	14.55	14.36	14.42	2643355	38189620.00
2018/01/10	14.42	14.46	14.11	14.25	3498221	49908704.00
2018/01/11	14.17	14.29	14.10	14.27	2230545	31628244.00
2018/01/12	14.25	14.28	14.06	14.12	2578717	36522864.00
2018/01/15	14.14	14.14	13.77	13.78	3397001	47237040.00
2018/01/16	13.78	13.91	13.76	13.85	2070849	28664048.00
2018/01/17	13.83	13.84	13.63	13.84	2249064	30958260.00
2018/01/18	13.84	13.93	13.77	13.89	1837182	25500324.00
2018/01/19	14.05	14.13	13.93	13.96	2485880	34870464.00
2018/01/22	13.95	14.25	13.93	14.24	3804174	53789868.00
2018/01/23	14.24	14.35	14.18	14.29	3197044	45631304.00
2018/01/24	14.28	14.40	14.19	14.38	3369054	48294568.00
2018/01/25	14.36	14.39	14.20	14.28	3144221	44933516.00
2018/01/26	14.28	14.38	14.21	14.31	3055147	43663592.00
2018/01/29	14.33	14.39	14.01	14.08	2581686	36638964.00
2018/01/30	14.08	14.51	14.08	14.46	3996893	57236660.00
2018/01/31	14.40	14.53	14.31	14.49	4612528	66574976.00
2018/02/01	14.39	14.57	14.03	14.13	3933578	56228912.00
2018/02/02	14.02	14.24	13.71	13.90	3985387	55502428.00
2018/02/05	13.75	13.99	13.66	13.91	2520167	35028528.00
2018/02/06	13.78	13.88	13.50	13.75	3808344	52176868.00
2018/02/07	13.82	13.94	13.61	13.78	2275512	31434368.00
2018/02/08	13.68	13.82	13.65	13.79	1120402	15390991.00
2018/02/09	13.52	13.53	13.08	13.40	5572413	74011520.00
2018/02/12	13.40	13.69	13.31	13.63	1407873	19023736.00
2018/02/13	13.64	13.82	13.57	13.61	1331177	18225594.00
2018/02/14	13.61	13.68	13.53	13.64	1376631	18722292.00
2018/02/22	13.71	13.79	13.56	13.61	3965348	54000916.00
2018/02/23	13.53	13.60	13.35	13.42	3641039	48964664.00
2018/02/26	13.42	13.50	13.33	13.49	3597651	48300260.00
2018/02/27	13.50	13.53	13.32	13.37	3366711	45060152.00
2018/02/28	13.33	13.39	13.23	13.38	2191723	29156760.00
2018/03/01	13.36	13.68	13.30	13.67	4577458	61802344.00
2018/03/02	13.56	13.72	13.51	13.59	3526855	48074464.00
2018/03/05	13.64	13.65	13.00	13.14	9169399	121497640.00
2018/03/06	13.10	13.11	12.90	13.07	7441807	96931016.00
2018/03/07	13.07	13.17	13.01	13.12	4206628	55081704.00
2018/03/08	13.09	13.19	13.08	13.16	2555018	33606952.00
2018/03/09	13.16	13.30	13.12	13.28	3303932	43636092.00
2018/03/12	13.33	13.34	13.23	13.29	5083218	67520368.00
2018/03/13	13.29	13.57	13.29	13.35	7404811	99497072.00
2018/03/14	13.30	13.44	13.27	13.35	3145355	41973892.00
2018/03/15	13.27	13.34	13.14	13.22	3750000	49532944.00
2018/03/16	13.20	13.26	13.17	13.21	1790993	23654060.00
2018/03/19	13.20	13.24	13.13	13.17	1618900	21323944.00
2018/03/20	13.15	13.26	13.04	13.22	2574010	33827356.00
2018/03/21	13.22	13.33	13.20	13.25	2563150	33998300.00
2018/03/22	13.22	13.31	13.15	13.28	1905345	25203328.00
2018/03/23	13.14	13.14	12.65	12.84	5567825	72025928.00
2018/03/26	12.70	12.92	12.62	12.90	2290863	29258396.00
2018/03/27	12.99	13.09	12.90	12.99	3731335	48533384.00
2018/03/28	12.91	13.05	12.74	12.80	4788967	61690896.00
2018/03/29	12.78	12.95	12.76	12.94	2432921	31301696.00
2018/03/30	12.96	13.09	12.95	13.09	3028022	39456292.00
2018/04/02	13.10	13.25	13.05	13.16	3770537	49638924.00
2018/04/03	13.03	13.06	12.97	13.03	1979252	25752076.00
2018/04/04	13.09	13.09	12.89	13.01	5052299	65535580.00
2018/04/09	12.97	12.99	12.83	12.90	2149650	27740660.00
2018/04/10	12.92	12.98	12.86	12.98	1829287	23636344.00
2018/04/11	12.98	13.05	12.95	13.05	2323698	30210212.00
2018/04/12	13.00	13.03	12.85	12.87	3146781	40703504.00
2018/04/13	12.89	12.93	12.77	12.79	3147429	40398172.00
2018/04/16	12.79	12.84	12.58	12.61	3579909	45373424.00
2018/04/17	12.64	12.67	12.36	12.40	3469173	43440680.00
2018/04/18	12.47	12.50	12.34	12.43	2317723	28767992.00
2018/04/19	12.45	12.63	12.42	12.62	2674870	33473548.00
2018/04/20	12.60	12.61	12.37	12.40	2622825	32693486.00
2018/04/23	12.41	12.49	12.29	12.35	1948662	24126260.00
2018/04/24	12.35	12.58	12.35	12.57	2523151	31582974.00
2018/04/25	12.52	12.66	12.48	12.65	2066079	25962592.00
数据来源:通达信
