600059 古越龙山 日线 不复权
      日期	    开盘	    最高	    最低	    收盘	    成交量	    成交额
2017/03/27	10.81	10.85	10.70	10.73	10460417	112503792.00
2017/03/28	10.71	10.75	10.56	10.61	7463549	79345800.00
2017/03/29	10.61	10.64	10.41	10.41	10673010	111930232.00
2017/03/30	10.41	10.42	10.12	10.19	9357989	96004632.00
2017/03/31	10.22	10.25	10.13	10.21	5547531	56606960.00
2017/04/05	10.23	10.38	10.20	10.36	5950988	61330516.00
2017/04/06	10.36	10.50	10.27	10.43	8008201	83129432.00
2017/04/07	10.40	10.50	10.39	10.42	5345256	55764564.00
2017/04/10	10.35	10.42	10.20	10.24	5613713	57665492.00
2017/04/11	10.27	10.34	10.21	10.32	5375900	55218088.00
2017/04/12	10.33	10.50	10.23	10.35	8595345	89412768.00
2017/04/13	10.32	10.48	10.32	10.40	4716421	49088412.00
2017/04/14	10.37	10.43	10.21	10.23	5771211	59311824.00
2017/04/17	10.21	10.39	10.13	10.33	5695824	58463688.00
2017/04/18	10.33	10.41	10.00	10.02	7575714	77546496.00
2017/04/19	10.00	10.17	9.96	10.08	9078326	91320112.00
2017/04/20	10.04	10.47	10.02	10.36	10818583	111542632.00
2017/04/21	10.28	10.41	10.26	10.30	4290869	44314176.00
2017/04/24	10.30	10.33	9.88	9.93	9803947	98151960.00
2017/04/25	9.91	10.02	9.85	9.90	4805368	47707080.00
2017/04/26	9.99	10.24	9.99	10.02	7318179	73822248.00
2017/04/27	10.00	10.05	9.75	9.98	7555327	74866960.00
2017/04/28	9.88	9.90	9.63	9.66	12318818	119850728.00
2017/05/02	9.61	9.64	9.43	9.46	9204239	87719328.00
2017/05/03	9.46	9.53	9.37	9.44	4954156	46788384.00
2017/05/04	9.43	9.50	9.35	9.40	4945607	46605016.00
2017/05/05	9.39	9.42	9.28	9.30	5183696	48351368.00
2017/05/08	9.33	9.33	9.15	9.16	4121088	37987460.00
2017/05/09	9.15	9.26	9.13	9.23	3377699	31101480.00
2017/05/10	9.28	9.29	9.01	9.02	4722461	43279012.00
2017/05/11	9.00	9.04	8.80	8.95	6462340	57811828.00
2017/05/12	9.06	9.09	8.95	9.00	4074062	36699272.00
2017/05/15	9.02	9.20	9.02	9.08	4263570	38745312.00
2017/05/16	9.14	9.28	9.04	9.26	5376992	49214404.00
2017/05/17	9.29	9.36	9.17	9.20	5249825	48632560.00
2017/05/18	9.16	9.26	9.14	9.15	3158306	29050480.00
2017/05/19	9.15	9.26	9.13	9.17	2353833	21605772.00
2017/05/22	9.17	9.23	8.88	8.93	6809418	61514324.00
2017/05/23	8.94	8.99	8.76	8.76	4489200	39841368.00
2017/05/24	8.77	8.89	8.64	8.87	4859768	42646432.00
2017/05/25	8.88	8.99	8.77	8.95	5877920	52365776.00
2017/05/26	8.96	9.05	8.90	8.96	4108805	36912676.00
2017/05/31	9.05	9.11	8.92	8.94	5660300	51044640.00
2017/06/01	8.95	9.00	8.80	8.82	4009399	35654984.00
2017/06/02	8.83	8.93	8.75	8.91	4707025	41583340.00
2017/06/05	8.89	8.97	8.87	8.96	3878079	34595984.00
2017/06/06	8.89	8.92	8.85	8.90	2411310	21427760.00
2017/06/07	8.90	9.07	8.87	9.07	5825680	52427808.00
2017/06/08	9.06	9.16	9.04	9.12	5162150	47036488.00
2017/06/09	9.11	9.34	9.09	9.20	7573807	70047664.00
2017/06/12	9.15	9.29	9.14	9.19	4939960	45584276.00
2017/06/13	9.20	9.25	9.12	9.19	3302622	30298714.00
2017/06/14	9.20	9.27	9.15	9.22	2968794	27340136.00
2017/06/15	9.20	9.25	9.14	9.20	4013383	36906832.00
2017/06/16	9.19	9.24	9.11	9.14	3593387	32935288.00
2017/06/19	9.13	9.29	9.13	9.29	4718513	43577444.00
2017/06/20	9.34	9.34	9.21	9.23	3778688	35011872.00
2017/06/21	9.25	9.27	9.13	9.25	4110071	37815752.00
2017/06/22	9.22	9.27	9.12	9.13	4832665	44482984.00
2017/06/23	9.12	9.14	8.98	9.09	5249442	47529184.00
2017/06/26	9.08	9.23	9.04	9.20	4533333	41470140.00
2017/06/27	9.20	9.32	9.19	9.27	5276115	48868288.00
2017/06/28	9.21	9.26	9.15	9.17	3709779	34104160.00
2017/06/29	9.19	9.26	9.15	9.20	2349471	21670652.00
2017/06/30	9.22	9.26	9.17	9.25	2442849	22531100.00
2017/07/03	9.27	9.27	9.15	9.23	3314829	30468874.00
2017/07/04	9.22	9.23	9.11	9.12	3644165	33349004.00
2017/07/05	9.13	9.21	9.12	9.19	2794966	25608476.00
2017/07/06	9.17	9.20	9.11	9.16	3475573	31785012.00
2017/07/07	9.14	9.17	9.11	9.17	2647449	24197308.00
2017/07/10	9.17	9.21	9.15	9.20	3695636	33928052.00
2017/07/11	9.20	9.26	9.16	9.17	5376593	49529312.00
2017/07/12	9.17	9.19	8.97	9.01	6068548	54905476.00
2017/07/13	9.01	9.05	8.96	9.02	4154135	37415488.00
2017/07/14	9.02	9.10	8.97	9.09	4410083	39810052.00
2017/07/17	9.08	9.08	8.71	8.72	7708799	68197680.00
2017/07/18	8.74	8.82	8.65	8.81	3498061	30544324.00
2017/07/19	8.76	8.90	8.74	8.90	3444285	30465446.00
2017/07/20	8.89	8.98	8.88	8.96	3033389	27119620.00
2017/07/21	8.92	8.99	8.91	8.94	2440608	21837772.00
2017/07/24	8.94	9.06	8.90	9.04	4082389	36688060.00
2017/07/25	9.04	9.04	8.90	8.96	3467975	31074524.00
2017/07/26	8.95	8.98	8.91	8.95	2415785	21591832.00
2017/07/27	8.93	9.12	8.89	9.10	5823769	52633728.00
2017/07/28	9.05	9.32	9.04	9.26	10512051	96985136.00
2017/07/31	9.28	9.72	9.28	9.59	21657520	207312736.00
2017/08/01	9.60	9.60	9.41	9.49	9674449	91734960.00
2017/08/02	9.50	9.53	9.40	9.45	7572784	71557208.00
2017/08/03	9.47	9.57	9.42	9.55	6858628	65085776.00
2017/08/04	9.51	9.66	9.46	9.57	9421443	90069120.00
2017/08/07	9.52	9.69	9.50	9.63	7996335	76965952.00
2017/08/08	9.58	9.60	9.46	9.53	6262580	59636184.00
2017/08/09	9.46	9.83	9.46	9.77	13795354	134182192.00
2017/08/10	9.72	10.20	9.72	9.85	22401054	222952752.00
2017/08/11	9.73	9.92	9.40	9.45	16966466	164157216.00
2017/08/14	9.48	9.67	9.45	9.61	7395332	70962312.00
2017/08/15	9.58	9.69	9.49	9.54	6417875	61521520.00
2017/08/16	9.50	9.55	9.32	9.45	8082226	76074856.00
2017/08/17	9.48	9.55	9.43	9.54	4948296	46977668.00
2017/08/18	9.47	9.53	9.44	9.49	4720835	44774224.00
2017/08/21	9.50	9.63	9.48	9.62	6145904	58777600.00
2017/08/22	9.62	9.64	9.44	9.48	5365231	51008340.00
2017/08/23	9.46	9.51	9.38	9.43	2944392	27789552.00
2017/08/24	9.41	9.46	9.36	9.40	3312817	31186892.00
2017/08/25	9.42	9.57	9.37	9.55	5221958	49730136.00
2017/08/28	9.58	9.62	9.52	9.58	6569341	62920752.00
2017/08/29	9.58	9.63	9.54	9.62	3949140	37869024.00
2017/08/30	9.65	9.67	9.56	9.63	4217136	40584952.00
2017/08/31	9.59	9.86	9.59	9.63	3794747	36685260.00
2017/09/01	9.59	9.66	9.54	9.65	3965796	38026096.00
2017/09/04	9.64	9.68	9.58	9.67	4431931	42751092.00
2017/09/05	9.68	9.70	9.59	9.62	3716071	35778408.00
2017/09/06	9.64	9.64	9.54	9.60	5154405	49471792.00
2017/09/07	9.64	9.71	9.58	9.61	4969954	47905556.00
2017/09/08	9.61	9.63	9.51	9.60	4658530	44582688.00
2017/09/11	9.60	9.66	9.57	9.62	4233641	40723208.00
2017/09/12	9.61	9.80	9.58	9.76	8874075	85958952.00
2017/09/13	9.73	9.85	9.70	9.80	9408430	91936224.00
2017/09/14	9.80	9.80	9.62	9.70	6674695	64635552.00
2017/09/15	9.68	9.68	9.57	9.62	5278289	50710060.00
2017/09/18	9.60	9.76	9.57	9.75	5593323	54198788.00
2017/09/19	9.67	9.81	9.66	9.70	6260788	61041392.00
2017/09/20	9.70	9.98	9.67	9.93	13126767	129715696.00
2017/09/21	9.98	9.98	9.81	9.92	7576958	74889224.00
2017/09/22	9.90	9.91	9.70	9.81	6535464	63841784.00
2017/09/25	9.77	9.82	9.71	9.75	4341390	42312508.00
2017/09/26	9.75	9.78	9.61	9.66	4514778	43792572.00
2017/09/27	9.62	9.68	9.58	9.61	3572825	34350472.00
2017/09/28	9.60	9.76	9.58	9.67	4562693	44238344.00
2017/09/29	9.68	9.76	9.63	9.72	4537351	43998972.00
2017/10/09	9.78	9.88	9.69	9.80	8467535	82736960.00
2017/10/10	9.81	9.93	9.77	9.87	5493769	54143936.00
2017/10/11	9.89	10.28	9.83	10.11	21538687	218151040.00
2017/10/12	10.11	10.12	9.95	10.02	9783442	97923008.00
2017/10/13	10.02	10.18	9.97	10.07	7012635	70765272.00
2017/10/16	10.09	10.25	9.90	9.92	9762209	98439640.00
2017/10/17	9.92	9.99	9.85	9.87	4114325	40713680.00
2017/10/18	9.87	9.94	9.78	9.78	4584369	45200732.00
2017/10/19	9.76	10.04	9.75	9.95	8852298	87824256.00
2017/10/20	9.90	9.92	9.68	9.78	8594465	83955568.00
2017/10/23	9.78	9.90	9.72	9.89	7743173	76104488.00
2017/10/24	9.86	9.88	9.71	9.73	5970884	58378176.00
2017/10/25	9.70	9.76	9.57	9.64	8732999	84434504.00
2017/10/26	9.68	9.84	9.67	9.71	7881301	76836456.00
2017/10/27	9.66	9.92	9.60	9.85	10078443	98515176.00
2017/10/30	9.78	9.84	9.47	9.56	8421198	80752784.00
2017/10/31	9.56	9.66	9.52	9.65	3787013	36305088.00
2017/11/01	9.60	9.72	9.57	9.64	3288300	31723106.00
2017/11/02	9.59	9.64	9.47	9.55	4239755	40456908.00
2017/11/03	9.54	9.56	9.32	9.35	4673460	44021696.00
2017/11/06	9.35	9.44	9.28	9.41	3638125	34094784.00
2017/11/07	9.43	9.62	9.34	9.51	6459581	61336916.00
2017/11/08	9.50	9.60	9.48	9.50	3987625	38094136.00
2017/11/09	9.50	9.65	9.49	9.51	3304670	31599860.00
2017/11/10	9.50	9.74	9.46	9.73	7693979	74098560.00
2017/11/13	9.76	9.76	9.60	9.70	5059161	48877908.00
2017/11/14	9.72	9.75	9.50	9.59	4314679	41390064.00
2017/11/15	9.58	9.67	9.46	9.49	3969365	37931372.00
2017/11/16	9.49	9.58	9.42	9.48	3690141	35106704.00
2017/11/17	9.52	9.52	9.05	9.14	7777524	71966704.00
2017/11/20	9.14	9.19	8.97	9.17	3760803	34111376.00
2017/11/21	9.15	9.24	9.08	9.16	2676291	24496252.00
2017/11/22	9.18	9.23	9.12	9.20	3296005	30227040.00
2017/11/23	9.22	9.22	8.97	8.98	3498255	31841456.00
2017/11/24	8.98	9.03	8.95	8.97	1879751	16898796.00
2017/11/27	8.97	9.02	8.87	8.95	2575252	23013664.00
2017/11/28	8.95	9.01	8.93	9.00	1481041	13292249.00
2017/11/29	9.01	9.03	8.89	8.98	2596548	23197708.00
2017/11/30	9.00	9.03	8.89	9.02	2652469	23779960.00
2017/12/01	8.99	9.06	8.90	9.05	2778382	24937432.00
2017/12/04	9.03	9.16	8.98	9.13	3776996	34293280.00
2017/12/05	9.13	9.20	8.89	8.97	2903062	26245188.00
2017/12/06	8.95	9.05	8.89	9.03	2711532	24273480.00
2017/12/07	9.03	9.09	8.95	9.05	2103869	18992572.00
2017/12/08	9.05	9.09	9.00	9.07	1389195	12592052.00
2017/12/11	9.05	9.14	9.05	9.11	1926937	17525092.00
2017/12/12	9.10	9.22	9.07	9.09	4134000	37859552.00
2017/12/13	9.09	9.19	9.05	9.19	2717453	24780020.00
2017/12/14	9.17	9.18	9.07	9.11	1964900	17912996.00
2017/12/15	9.09	9.13	9.02	9.02	1643200	14901955.00
2017/12/18	9.02	9.13	9.02	9.03	1348388	12219781.00
2017/12/19	9.04	9.16	9.04	9.14	2410135	21988930.00
2017/12/20	9.15	9.16	9.08	9.08	2744661	25010086.00
2017/12/21	9.09	9.11	9.01	9.03	2678549	24241084.00
2017/12/22	9.03	9.30	8.97	9.22	7788067	71337280.00
2017/12/25	9.16	9.44	9.16	9.22	8747862	81421456.00
2017/12/26	9.20	9.57	9.18	9.48	12117724	114402848.00
2017/12/27	9.41	9.46	9.29	9.37	5923430	55472816.00
2017/12/28	9.38	9.47	9.29	9.39	5935389	55802800.00
2017/12/29	9.36	9.42	9.25	9.39	4749980	44282116.00
2018/01/02	9.43	9.44	9.32	9.37	3554899	33270404.00
2018/01/03	9.37	9.43	9.33	9.38	4204571	39431768.00
2018/01/04	9.35	9.48	9.35	9.43	4397488	41372032.00
2018/01/05	9.45	9.69	9.43	9.68	10245126	98102680.00
2018/01/08	9.66	9.66	9.48	9.57	6158558	58889860.00
2018/01/09	9.54	9.62	9.47	9.52	7242258	69220064.00
2018/01/10	9.54	9.54	9.32	9.46	5036167	47447428.00
2018/01/11	9.46	9.46	9.35	9.43	2850021	26796496.00
2018/01/12	9.41	9.46	9.25	9.42	4573327	42834800.00
2018/01/15	9.40	9.40	9.11	9.14	5780300	53522756.00
2018/01/16	9.16	9.39	9.14	9.36	5478398	50937084.00
2018/01/17	9.34	9.35	9.21	9.25	3606853	33393148.00
2018/01/18	9.22	9.41	9.22	9.29	3760490	35020456.00
2018/01/19	9.28	9.36	9.20	9.23	3833223	35542832.00
2018/01/22	9.23	9.38	9.21	9.34	4760220	44397388.00
2018/01/23	9.35	9.36	9.25	9.30	3802086	35302440.00
2018/01/24	9.32	9.32	9.19	9.29	4085576	37836944.00
2018/01/25	9.50	9.59	9.35	9.40	8017047	75639136.00
2018/01/26	9.44	9.97	9.44	9.75	19048362	185219952.00
2018/01/29	9.70	9.81	9.52	9.60	9729938	93728816.00
2018/01/30	9.54	9.61	9.46	9.60	4633243	44224308.00
2018/01/31	9.55	9.73	9.47	9.55	6255165	60023172.00
2018/02/01	9.46	9.51	9.01	9.04	11198186	102952272.00
2018/02/02	9.06	9.14	8.78	8.83	6433611	57615096.00
2018/02/05	8.66	8.84	8.61	8.75	4423847	38633020.00
2018/02/06	8.61	8.67	8.34	8.42	7428028	63211544.00
2018/02/07	8.53	8.63	8.29	8.42	4936041	41705940.00
2018/02/08	8.36	8.52	8.36	8.46	3010101	25486226.00
2018/02/09	8.27	8.34	8.10	8.21	4975183	40887360.00
2018/02/12	8.33	8.38	8.21	8.33	2597735	21586036.00
2018/02/13	8.38	8.43	8.26	8.27	3067525	25637996.00
2018/02/14	8.33	8.36	8.28	8.35	1929281	16050269.00
2018/02/22	8.42	8.48	8.37	8.45	2218761	18704718.00
2018/02/23	8.44	8.54	8.41	8.45	1615959	13688388.00
2018/02/26	8.46	8.55	8.43	8.52	2594133	22026556.00
2018/02/27	8.52	8.54	8.38	8.45	4221801	35686764.00
2018/02/28	8.37	8.46	8.33	8.40	3333181	28015708.00
2018/03/01	8.39	8.44	8.35	8.42	3412272	28667784.00
2018/03/02	8.36	8.43	8.36	8.39	2369981	19905554.00
2018/03/05	8.39	8.43	8.38	8.42	1949974	16390624.00
2018/03/06	8.44	8.53	8.40	8.50	3715838	31442012.00
2018/03/07	8.48	8.62	8.47	8.55	5257734	44947712.00
2018/03/08	8.53	8.61	8.51	8.60	3421467	29325708.00
2018/03/09	8.57	8.65	8.57	8.63	3696847	31834796.00
2018/03/12	8.63	8.72	8.63	8.69	4414423	38333364.00
2018/03/13	8.69	8.72	8.64	8.67	3432536	29798492.00
2018/03/14	8.69	8.71	8.55	8.57	2920301	25168440.00
2018/03/15	8.55	8.63	8.53	8.56	3984199	34159360.00
2018/03/16	8.60	8.74	8.55	8.56	4786220	41446632.00
2018/03/19	8.55	8.57	8.50	8.52	3403500	29021340.00
2018/03/20	8.52	8.52	8.40	8.51	2754510	23337648.00
2018/03/21	8.48	8.56	8.45	8.46	3305961	28138564.00
2018/03/22	8.48	8.51	8.43	8.45	2233400	18922078.00
2018/03/23	8.28	8.34	8.10	8.20	5651928	46517448.00
2018/03/26	8.12	8.24	8.06	8.21	2960329	24132260.00
2018/03/27	8.26	8.33	8.16	8.25	4902419	40475168.00
2018/03/28	8.18	8.29	8.16	8.22	2984802	24536940.00
2018/03/29	8.22	8.32	8.20	8.30	2906291	23999922.00
2018/03/30	8.34	8.42	8.30	8.33	4310724	36000440.00
2018/04/02	8.35	8.38	8.31	8.32	3520662	29383548.00
2018/04/03	8.31	8.46	8.24	8.44	6364498	53449892.00
2018/04/04	8.40	8.51	8.35	8.39	5319390	44828416.00
2018/04/09	8.37	8.42	8.32	8.41	3916742	32804460.00
2018/04/10	8.41	8.45	8.35	8.41	3280551	27535322.00
2018/04/11	8.43	8.48	8.40	8.45	2873117	24251316.00
2018/04/12	8.45	8.53	8.42	8.49	3326400	28223012.00
2018/04/13	8.49	8.52	8.42	8.46	2329701	19728104.00
2018/04/16	8.44	8.48	8.33	8.35	3144133	26387898.00
2018/04/17	8.36	8.39	8.24	8.25	2946163	24530946.00
2018/04/18	8.27	8.37	8.24	8.36	2891990	24053900.00
2018/04/19	8.36	8.42	8.33	8.35	2865530	24016744.00
2018/04/20	8.35	8.37	8.02	8.07	6586505	53823164.00
2018/04/23	8.04	8.13	7.94	8.02	3634714	29174756.00
2018/04/24	8.01	8.15	8.00	8.10	2890185	23412032.00
2018/04/25	8.07	8.15	8.04	8.15	2829887	22923740.00
数据来源:通达信
