600091 ST明科 日线 不复权
      日期	    开盘	    最高	    最低	    收盘	    成交量	    成交额
2017/03/27	8.66	8.73	8.62	8.70	4245946	36870148.00
2017/03/28	8.72	8.95	8.68	8.90	4858176	42893008.00
2017/03/29	8.88	8.98	8.77	8.81	4636203	41124856.00
2017/03/30	8.73	8.78	8.37	8.39	8514300	72197576.00
2017/03/31	8.37	8.47	8.37	8.41	3331100	28009088.00
2017/04/05	8.41	8.53	8.35	8.52	4885264	41294260.00
2017/04/06	8.48	8.56	8.45	8.50	3489843	29711220.00
2017/04/07	8.50	8.51	8.41	8.45	3892226	32874368.00
2017/04/10	8.48	8.49	8.03	8.03	10581389	86619096.00
2017/04/11	8.00	8.03	7.69	7.92	10963117	85842520.00
2017/04/12	7.86	8.00	7.82	7.84	5208521	41194360.00
2017/04/13	7.80	7.94	7.75	7.90	3664323	28901000.00
2017/04/14	7.90	7.96	7.80	7.92	4136338	32675236.00
2017/04/17	7.86	7.86	7.52	7.52	6791400	51662892.00
2017/04/18	7.51	7.58	7.20	7.22	5006866	36979240.00
2017/04/19	7.15	7.26	7.01	7.15	5081898	36075696.00
2017/04/20	7.13	7.21	7.09	7.15	2510755	17953044.00
2017/04/21	7.16	7.51	7.12	7.51	6761640	50280840.00
2017/04/24	7.40	7.49	7.13	7.13	6579900	47392540.00
2017/04/25	7.10	7.18	7.03	7.14	2966765	21123474.00
2017/04/26	7.15	7.21	7.10	7.15	3076101	22008408.00
2017/04/27	7.14	7.19	6.85	7.17	4651025	32847840.00
2017/04/28	7.19	7.45	7.18	7.42	3527844	25853580.00
2017/05/02	7.40	7.62	7.35	7.50	3771400	28248108.00
2017/05/03	7.45	7.56	7.45	7.52	2954746	22193256.00
2017/05/04	7.52	7.55	7.41	7.45	2234924	16733762.00
2017/05/05	7.46	7.46	7.18	7.19	3382648	24831948.00
2017/05/08	7.10	7.19	7.01	7.04	2840076	20200224.00
2017/05/09	7.02	7.14	6.90	7.08	2485626	17458306.00
2017/05/10	7.10	7.43	7.02	7.04	5543184	40222320.00
2017/05/11	7.00	7.07	6.69	6.86	5792462	39680120.00
2017/05/12	6.86	7.13	6.83	7.04	3222595	22592898.00
2017/05/15	7.05	7.19	6.97	7.11	3310982	23425324.00
2017/05/16	7.07	7.21	6.95	7.19	3946961	28017492.00
2017/05/17	7.17	7.34	7.15	7.21	3753887	27166364.00
2017/05/18	7.11	7.35	7.10	7.22	3970573	28741530.00
2017/05/19	7.36	7.36	7.16	7.24	2213073	16044695.00
2017/05/22	7.25	7.25	6.96	7.02	2874912	20422350.00
2017/05/23	7.02	7.04	6.76	6.81	3426454	23678492.00
2017/05/24	6.70	6.75	6.47	6.68	3660597	24154892.00
2017/05/25	6.66	6.79	6.61	6.78	2135042	14314208.00
2017/05/26	6.75	6.87	6.73	6.82	1860686	12625649.00
2017/05/31	6.87	6.92	6.74	6.77	2120800	14506163.00
2017/06/01	6.74	6.80	6.43	6.43	3440500	22716708.00
2017/06/02	6.43	6.45	6.11	6.39	4915138	30781550.00
2017/06/05	6.40	6.64	6.37	6.48	2718359	17638992.00
2017/06/06	6.50	6.54	6.45	6.52	1650042	10738660.00
2017/06/07	6.48	6.73	6.46	6.67	2611871	17289804.00
2017/06/08	6.65	6.76	6.64	6.67	2564597	17184608.00
2017/06/09	6.65	6.74	6.62	6.68	2361903	15781824.00
2017/06/12	6.63	6.66	6.35	6.35	3802100	24396592.00
2017/06/13	6.32	6.48	6.20	6.46	2092811	13383694.00
2017/06/14	6.46	6.50	6.36	6.43	2163023	13895928.00
2017/06/15	6.42	6.61	6.42	6.56	2618609	17078900.00
2017/06/16	6.55	6.70	6.54	6.60	1914474	12658164.00
2017/06/19	6.62	6.71	6.59	6.68	2184971	14533969.00
2017/06/20	6.69	6.74	6.62	6.65	1826497	12205464.00
2017/06/21	6.65	6.66	6.57	6.62	1570071	10400444.00
2017/06/22	6.62	6.78	6.57	6.58	3758671	25095494.00
2017/06/23	6.61	6.64	6.44	6.63	2375468	15509329.00
2017/06/26	6.61	6.69	6.58	6.69	1840288	12237333.00
2017/06/27	6.69	6.84	6.64	6.74	2504379	16950404.00
2017/06/28	6.66	6.70	6.55	6.59	2044621	13578254.00
2017/06/29	6.63	6.68	6.58	6.68	1412048	9376269.00
2017/06/30	6.66	6.71	6.61	6.65	1765888	11762814.00
2017/07/03	6.65	6.82	6.65	6.74	2451288	16582636.00
2017/07/04	6.76	6.82	6.73	6.78	1540884	10424683.00
2017/07/05	6.80	6.87	6.75	6.86	2197800	15013567.00
2017/07/06	6.81	7.06	6.81	7.02	4267824	29708022.00
2017/07/07	7.01	7.02	6.93	6.98	1998300	13944366.00
2017/07/10	6.95	7.16	6.93	7.14	3506736	24810572.00
2017/07/11	7.08	7.20	7.08	7.13	2959303	21127572.00
2017/07/12	7.12	7.18	6.95	7.05	3327600	23437970.00
2017/07/13	7.07	7.13	6.97	7.02	2286800	16141296.00
2017/07/14	6.98	7.13	6.92	7.11	2273532	15985859.00
2017/07/17	7.10	7.11	6.75	6.75	4506784	31047912.00
2017/07/18	6.62	6.77	6.46	6.69	2687900	17809916.00
2017/07/19	6.70	7.02	6.66	7.02	6713587	46859152.00
2017/07/20	7.00	7.26	6.96	7.18	5908016	42050656.00
2017/07/21	7.19	7.54	7.12	7.52	8214486	60805312.00
2017/07/24	7.50	7.90	7.44	7.58	13048409	100981568.00
2017/07/25	7.48	7.60	7.37	7.58	5758188	42985196.00
2017/07/26	7.53	7.82	7.50	7.61	4384100	33655200.00
2017/07/27	7.51	7.55	7.31	7.42	5512287	40825108.00
2017/07/28	7.39	7.53	7.37	7.42	1629357	12116787.00
2017/07/31	7.38	7.65	7.35	7.49	3879589	29135528.00
2017/08/01	7.48	7.53	7.20	7.27	4590523	33736836.00
2017/08/02	7.29	7.37	7.20	7.23	2297412	16727911.00
2017/08/03	7.23	7.44	7.23	7.27	2383629	17424768.00
2017/08/04	7.30	7.39	7.23	7.25	2180328	15917295.00
2017/08/07	7.23	7.34	7.21	7.25	2507900	18189266.00
2017/08/08	7.23	7.25	7.15	7.23	3172042	22857360.00
2017/08/09	7.22	7.31	7.16	7.30	2163992	15686551.00
2017/08/10	7.30	7.31	7.16	7.21	2186811	15766834.00
2017/08/11	7.19	7.23	7.03	7.09	2717699	19389992.00
2017/08/14	7.06	7.20	7.06	7.17	998323	7111855.00
2017/08/15	7.17	7.22	7.14	7.17	1210400	8686882.00
2017/08/16	7.19	7.21	7.09	7.13	1900735	13568927.00
2017/08/17	7.14	7.24	7.12	7.19	1978667	14221310.00
2017/08/18	7.18	7.29	7.16	7.28	2200830	15954297.00
2017/08/21	7.29	7.33	7.23	7.30	1837775	13366448.00
2017/08/22	7.32	7.32	7.22	7.23	1579000	11460708.00
2017/08/23	7.22	7.48	7.22	7.34	2870273	21012760.00
2017/08/24	7.35	7.61	7.27	7.42	5524317	41220808.00
2017/08/25	7.41	7.46	7.34	7.45	2651575	19617216.00
2017/08/28	7.46	7.49	7.39	7.46	1968300	14646800.00
2017/08/29	7.46	7.46	7.33	7.35	2023500	14955978.00
2017/08/30	7.33	7.43	7.31	7.34	2146300	15751734.00
2017/08/31	7.34	7.44	7.32	7.33	2250500	16581170.00
2017/09/01	7.35	7.51	7.35	7.43	2715285	20154952.00
2017/09/04	7.41	7.47	7.39	7.41	1754700	13019628.00
2017/09/05	7.41	7.44	7.37	7.40	1914000	14164965.00
2017/09/06	7.40	7.47	7.37	7.43	1960900	14570619.00
2017/09/07	7.43	7.45	7.34	7.35	2315100	17120696.00
2017/09/08	7.35	7.39	7.26	7.31	2726467	19973566.00
2017/09/11	7.30	7.40	7.28	7.35	1668813	12235971.00
2017/09/12	7.38	7.38	7.29	7.30	1630014	11957060.00
2017/09/13	7.29	7.36	7.27	7.28	1871626	13669826.00
2017/09/14	7.29	7.33	7.27	7.30	1217793	8886258.00
2017/09/15	7.30	7.32	7.24	7.26	1660600	12072840.00
2017/09/18	7.28	7.30	7.23	7.26	1144500	8318612.00
2017/09/19	7.28	7.28	7.22	7.23	1436400	10421936.00
2017/09/20	7.23	7.29	7.19	7.26	1620612	11722320.00
2017/09/21	7.26	7.27	7.17	7.18	1198601	8653533.00
2017/09/22	7.18	7.18	7.03	7.11	2144518	15221148.00
2017/09/25	7.12	7.12	6.91	6.92	1940502	13614063.00
2017/09/26	6.95	6.98	6.84	6.91	1749600	12055802.00
2017/09/27	6.90	6.96	6.90	6.93	907500	6290600.00
2017/09/28	6.93	6.97	6.84	6.88	1528203	10560450.00
2017/09/29	6.87	6.96	6.80	6.94	1794233	12380955.00
2017/10/09	7.01	7.17	6.94	7.06	2039645	14344911.00
2017/10/10	7.08	7.13	7.05	7.08	1394942	9872163.00
2017/10/11	7.08	7.12	7.07	7.08	1164302	8255622.00
2017/10/12	7.07	7.09	6.94	7.01	1442636	10125435.00
2017/10/13	7.00	7.05	6.98	7.05	781418	5488206.00
2017/10/16	7.05	7.05	6.80	6.89	1413100	9822049.00
2017/10/17	6.90	6.99	6.90	6.92	997700	6942008.00
2017/10/18	6.96	7.02	6.86	6.90	1442800	10034374.00
2017/10/19	6.91	6.91	6.57	6.59	2529100	17016716.00
2017/10/20	6.60	6.73	6.59	6.70	1830923	12194187.00
2017/10/23	6.70	6.95	6.67	6.83	1925740	13140222.00
2017/10/24	6.81	6.88	6.70	6.72	995572	6742057.00
2017/10/25	6.70	6.80	6.70	6.79	1286740	8673217.00
2017/10/26	6.79	6.86	6.75	6.81	1669400	11356416.00
2017/10/27	6.81	6.84	6.76	6.81	1223701	8319474.00
2017/10/30	6.76	6.80	6.58	6.70	2594609	17279224.00
2017/10/31	6.70	6.74	6.64	6.71	1231231	8256981.00
2017/11/01	6.71	6.76	6.64	6.64	1522313	10174906.00
2017/11/02	6.64	6.69	6.58	6.63	1663700	11027813.00
2017/11/03	6.63	6.66	6.50	6.55	2000802	13190843.00
2017/11/06	6.53	6.64	6.53	6.63	1375929	9048748.00
2017/11/07	6.64	6.70	6.62	6.69	1107553	7372381.00
2017/11/08	6.71	7.02	6.68	6.87	3008211	20818014.00
2017/11/09	6.84	6.95	6.79	6.94	1944535	13360263.00
2017/11/10	6.87	6.95	6.85	6.92	1205400	8313749.00
2017/11/13	6.90	6.95	6.77	6.78	1689636	11549166.00
2017/11/14	6.80	6.81	6.59	6.66	1645836	10998059.00
2017/11/15	6.72	6.73	6.56	6.59	1443900	9560012.00
2017/11/16	6.61	6.67	6.57	6.63	885000	5875403.00
2017/11/17	6.61	6.65	6.30	6.30	3144142	20125436.00
2017/11/20	6.30	6.30	6.05	6.21	2131008	13075980.00
2017/11/21	6.22	6.28	6.06	6.13	2189224	13446094.00
2017/11/22	6.13	6.19	6.08	6.15	1351968	8292314.00
2017/11/23	6.10	6.12	5.93	5.96	2380200	14328581.00
2017/11/24	5.96	6.05	5.94	6.02	1315700	7891825.00
2017/11/27	6.02	6.08	5.97	5.99	1210623	7277128.00
2017/11/28	5.99	6.08	5.97	6.03	1324900	7961531.00
2017/11/29	6.02	6.03	5.93	6.02	1729909	10342894.00
2017/11/30	5.98	6.03	5.92	5.93	1777700	10612282.00
2017/12/01	5.97	6.05	5.91	6.01	1570294	9393907.00
2017/12/04	6.00	6.08	5.92	6.03	1869400	11201370.00
2017/12/05	6.01	6.01	5.73	5.74	2040120	11993130.00
2017/12/06	5.73	5.78	5.50	5.60	3260500	18307392.00
2017/12/07	5.62	5.69	5.60	5.61	1234240	6958395.00
2017/12/08	5.64	5.70	5.59	5.70	1302000	7366480.00
2017/12/11	5.69	5.76	5.63	5.75	1204000	6888406.00
2017/12/12	5.75	5.78	5.67	5.70	910396	5200372.00
2017/12/13	5.70	5.86	5.65	5.80	1455985	8386868.00
2017/12/14	5.81	6.08	5.78	5.94	3476761	20720388.00
2017/12/15	5.91	6.03	5.77	5.85	2120960	12444881.00
2017/12/18	5.82	5.86	5.76	5.78	1315400	7629895.00
2017/12/19	5.81	5.82	5.75	5.79	908019	5255710.00
2017/12/20	5.77	5.90	5.74	5.79	1824800	10612386.00
2017/12/21	5.75	5.80	5.66	5.76	1401992	8035272.00
2017/12/22	5.77	5.78	5.68	5.71	1065722	6096598.00
2017/12/25	5.68	5.73	5.53	5.55	1676500	9382850.00
2017/12/26	5.58	5.60	5.52	5.60	1192368	6636590.00
2017/12/27	5.57	5.63	5.54	5.54	1398710	7805281.00
2017/12/28	5.53	5.62	5.51	5.57	1227700	6840067.00
2017/12/29	5.58	5.78	5.56	5.69	2845488	16117466.00
2018/01/02	5.69	5.73	5.66	5.69	1428700	8129774.00
2018/01/03	5.71	5.75	5.68	5.73	1961497	11194404.00
2018/01/04	5.69	5.91	5.68	5.82	3255500	18928436.00
2018/01/05	5.80	5.87	5.78	5.82	1346801	7840516.00
2018/01/08	5.82	5.95	5.77	5.81	2632328	15454292.00
2018/01/09	5.81	5.87	5.75	5.77	1448485	8412025.00
2018/01/10	5.77	5.84	5.65	5.69	1617100	9294223.00
2018/01/11	5.71	5.71	5.60	5.65	1869268	10542488.00
2018/01/12	5.66	5.66	5.60	5.64	1421701	7998797.00
2018/01/15	5.63	5.64	5.36	5.38	3402195	18619860.00
2018/01/16	5.40	5.45	5.35	5.42	1388500	7505992.00
2018/01/17	5.41	5.44	5.25	5.35	2488784	13231451.00
2018/01/18	5.38	5.53	5.31	5.46	2310990	12596066.00
2018/01/19	5.45	5.50	5.39	5.41	1338200	7265742.00
2018/01/22	5.41	5.44	5.35	5.40	879058	4746300.00
2018/01/23	5.36	5.38	5.19	5.23	4209819	22213128.00
2018/01/24	5.23	5.25	5.18	5.23	1732114	9033431.00
2018/01/25	5.20	5.35	5.18	5.28	2318062	12201384.00
2018/01/26	5.26	5.27	5.20	5.22	2077001	10859495.00
2018/01/29	5.22	5.23	5.07	5.07	2152900	11070338.00
2018/01/30	5.05	5.09	4.99	5.03	1549268	7793589.00
2018/01/31	5.00	5.00	4.78	4.79	4022453	19516234.00
2018/02/01	4.80	4.83	4.55	4.55	2285100	10581402.00
2018/02/02	4.45	4.50	4.32	4.45	3006078	13258783.00
2018/02/05	4.36	4.57	4.31	4.47	1923000	8605503.00
2018/02/06	4.39	4.44	4.25	4.25	2381418	10376211.00
2018/02/07	4.19	4.33	4.04	4.15	4111478	17106920.00
2018/02/08	4.12	4.27	4.10	4.24	1965864	8263519.00
2018/02/09	4.15	4.21	4.08	4.15	2218121	9187048.00
2018/02/12	4.15	4.35	4.15	4.25	2293800	9743712.00
2018/02/13	4.27	4.40	4.26	4.31	2248700	9779671.00
2018/02/14	4.31	4.43	4.29	4.39	1215401	5305963.00
2018/02/22	4.42	4.42	4.37	4.39	1670898	7350235.00
2018/02/23	4.45	4.45	4.38	4.40	1408604	6196808.00
2018/02/26	4.42	4.53	4.39	4.50	1923916	8579884.00
2018/02/27	4.53	4.53	4.45	4.49	1345386	6031333.00
2018/02/28	4.45	4.71	4.45	4.71	5509591	25822024.00
2018/03/01	4.70	4.83	4.68	4.71	3530271	16712747.00
2018/03/02	4.73	4.80	4.63	4.67	2198676	10316698.00
2018/03/05	4.62	4.70	4.49	4.57	3097662	14115317.00
2018/03/06	4.58	4.63	4.54	4.60	2268854	10421001.00
2018/03/07	4.60	4.63	4.57	4.60	1399642	6435755.00
2018/03/08	4.60	4.65	4.59	4.63	1725918	7974462.00
2018/03/09	4.60	4.72	4.60	4.71	1681369	7857571.00
2018/03/12	4.73	4.80	4.70	4.73	1668719	7905016.00
2018/03/13	4.71	4.77	4.69	4.72	1913133	9045433.00
2018/03/14	4.70	4.76	4.66	4.71	1286800	6063102.00
2018/03/15	4.68	4.70	4.54	4.60	2350250	10820243.00
2018/03/16	4.60	4.76	4.58	4.69	1932211	9020359.00
2018/03/19	4.68	4.74	4.63	4.70	1098202	5156001.00
2018/03/20	4.64	4.77	4.63	4.75	1462516	6920859.00
2018/03/21	4.75	4.87	4.72	4.76	2137161	10268335.00
2018/03/22	4.74	4.94	4.73	4.89	3255873	15774106.00
2018/03/23	4.78	4.83	4.65	4.65	3204258	15103815.00
2018/03/26	4.50	4.62	4.42	4.60	2674221	12023472.00
2018/03/27	4.65	4.78	4.61	4.72	1666742	7841271.00
2018/03/28	4.70	4.83	4.66	4.74	1559256	7413165.00
2018/03/29	4.77	4.83	4.72	4.79	1921896	9179608.00
2018/03/30	4.80	4.82	4.76	4.79	1427675	6838205.00
2018/04/02	4.81	4.88	4.76	4.85	1869500	8990605.00
2018/04/03	4.80	4.86	4.77	4.82	1587565	7622692.00
2018/04/04	4.83	4.85	4.77	4.85	1872300	9021982.00
2018/04/09	4.79	5.09	4.79	4.98	3346297	16742399.00
2018/04/10	4.98	5.16	4.97	5.15	3075521	15641579.00
2018/04/11	5.16	5.16	5.06	5.11	1593302	8127244.00
2018/04/12	5.10	5.23	5.00	5.03	2380100	12135512.00
2018/04/13	5.06	5.07	5.00	5.04	1479033	7442109.00
2018/04/16	5.02	5.05	4.89	4.94	1826200	9110166.00
2018/04/17	4.96	4.98	4.83	4.85	1498300	7351039.00
2018/04/18	4.85	4.95	4.61	4.93	3078232	14679398.00
2018/04/19	4.89	5.05	4.87	5.03	1769080	8766262.00
2018/04/20	5.03	5.06	4.88	4.89	1717248	8516978.00
2018/04/23	4.88	4.98	4.83	4.88	949200	4662022.00
2018/04/24	4.90	4.94	4.85	4.94	2259982	11075252.00
2018/04/25	4.93	4.97	4.88	4.96	1068700	5277983.00
数据来源:通达信
