600094 大名城 日线 不复权
      日期	    开盘	    最高	    最低	    收盘	    成交量	    成交额
2017/03/27	8.36	8.36	8.28	8.34	7113010	59065956.00
2017/03/28	8.33	8.35	8.26	8.35	6645294	55170944.00
2017/03/29	8.33	8.33	8.25	8.25	4972171	41181848.00
2017/03/30	8.25	8.25	8.10	8.13	11875541	96559952.00
2017/03/31	8.13	8.14	8.10	8.10	5625845	45647424.00
2017/04/05	8.10	8.26	8.09	8.25	13930396	113822952.00
2017/04/06	8.22	8.50	8.14	8.31	15254958	126226160.00
2017/04/07	8.25	8.28	8.16	8.23	8293977	68167296.00
2017/04/10	8.20	8.23	8.14	8.20	6749754	55222664.00
2017/04/11	8.17	8.24	8.14	8.23	6660626	54512648.00
2017/04/12	8.22	8.27	8.17	8.26	10534009	86584976.00
2017/04/13	8.26	8.30	8.19	8.26	6667492	54995484.00
2017/04/14	8.23	8.25	8.14	8.21	7171870	58773608.00
2017/04/17	8.19	8.23	8.10	8.21	7979784	65158416.00
2017/04/18	8.20	8.20	8.10	8.13	4742988	38642676.00
2017/04/19	8.10	8.14	8.09	8.14	10808204	87632656.00
2017/04/20	8.12	8.13	8.08	8.11	11361410	92052240.00
2017/04/21	8.10	8.17	8.07	8.14	9750645	79045904.00
2017/04/24	8.12	8.18	8.07	8.16	13470101	109234904.00
2017/04/25	8.11	8.13	8.06	8.07	7016712	56681896.00
2017/04/26	8.07	8.09	8.06	8.08	4218996	34068840.00
2017/04/27	8.07	8.09	8.06	8.09	7927657	64017660.00
2017/04/28	8.09	8.09	8.05	8.08	7882509	63573416.00
2017/05/02	8.07	8.07	7.79	7.80	15760100	125147944.00
2017/05/03	7.80	7.83	7.40	7.82	20288484	155520576.00
2017/05/04	7.80	7.84	7.55	7.83	14966126	115246912.00
2017/05/05	7.72	7.87	7.67	7.85	10364585	80880768.00
2017/05/08	7.82	7.96	7.70	7.94	15945190	125255576.00
2017/05/09	7.88	7.89	7.77	7.82	6097595	47735236.00
2017/05/10	7.81	7.84	7.67	7.78	6359338	49345156.00
2017/05/11	7.72	7.90	7.63	7.84	14714507	114663128.00
2017/05/12	7.80	7.84	7.74	7.81	3115200	24232840.00
2017/05/15	7.78	7.86	7.75	7.82	5159417	40293916.00
2017/05/16	7.80	7.83	7.65	7.77	9297392	71677976.00
2017/05/17	7.78	7.78	7.70	7.77	6167301	47743472.00
2017/05/18	7.73	7.75	7.62	7.74	10606084	81519872.00
2017/05/19	7.66	7.75	7.66	7.74	4879740	37647656.00
2017/05/22	7.71	7.71	7.65	7.70	3308824	25412148.00
2017/05/23	7.65	7.67	7.52	7.60	6177590	46814276.00
2017/05/24	7.60	7.62	7.50	7.60	5612567	42386012.00
2017/05/25	7.55	7.71	7.55	7.70	7814804	59864852.00
2017/05/26	7.68	7.72	7.63	7.72	5113445	39319820.00
2017/05/31	7.78	7.92	7.76	7.82	7125028	55746008.00
2017/06/01	7.79	7.79	7.70	7.73	3884259	30029160.00
2017/06/02	7.72	7.77	7.65	7.76	5801460	44773216.00
2017/06/05	7.75	7.79	7.71	7.77	4378119	33929000.00
2017/06/06	7.75	7.77	7.72	7.76	5580545	43195424.00
2017/06/07	7.74	7.79	7.72	7.77	9890294	76750928.00
2017/06/08	7.76	7.77	7.72	7.73	4916566	38087208.00
2017/06/09	7.74	7.75	7.65	7.72	5182379	39914856.00
2017/06/12	7.70	7.72	7.62	7.66	5368607	41141264.00
2017/06/13	7.63	7.74	7.62	7.73	5989680	46059632.00
2017/06/14	7.71	7.75	7.63	7.64	7552315	57867648.00
2017/06/15	7.63	7.66	7.59	7.65	4780821	36464536.00
2017/06/16	7.65	7.66	7.61	7.63	2982900	22769890.00
2017/06/19	7.62	7.66	7.60	7.63	2329800	17777828.00
2017/06/20	7.64	7.66	7.61	7.64	3214185	24548290.00
2017/06/21	7.64	7.66	7.61	7.65	3041871	23225102.00
2017/06/22	7.65	7.65	7.59	7.64	5374201	40971364.00
2017/06/23	7.64	7.70	7.61	7.70	7590608	58159684.00
2017/06/26	7.68	7.75	7.67	7.73	9023820	69559264.00
2017/06/27	7.73	7.73	7.65	7.67	5860410	44986648.00
2017/06/28	7.67	7.75	7.65	7.68	3912997	30031212.00
2017/06/29	7.66	7.69	7.65	7.66	3257600	24982132.00
2017/06/30	7.65	7.68	7.59	7.67	8294370	63241696.00
2017/07/03	7.62	7.62	7.57	7.59	6923203	52572792.00
2017/07/04	7.59	7.62	7.59	7.60	3212400	24414130.00
2017/07/05	7.61	7.68	7.58	7.66	8020973	61318348.00
2017/07/06	7.66	7.70	7.61	7.64	6189464	47279844.00
2017/07/07	7.64	7.65	7.60	7.62	3108893	23687494.00
2017/07/10	7.62	7.64	7.58	7.63	8084700	61495948.00
2017/07/11	7.61	7.63	7.59	7.61	7103387	54037288.00
2017/07/12	7.62	7.64	7.59	7.61	5097679	38786676.00
2017/07/13	7.60	7.63	7.59	7.62	4601472	35007000.00
2017/07/14	7.61	7.62	7.57	7.61	6415531	48724120.00
2017/07/17	7.61	7.61	7.43	7.47	7893327	59213804.00
2017/07/18	7.45	7.49	7.34	7.46	4482058	33190440.00
2017/07/19	7.45	7.52	7.38	7.48	3935826	29335052.00
2017/07/20	7.47	7.67	7.43	7.61	9974944	75785808.00
2017/07/21	7.60	7.62	7.53	7.55	5836502	44207844.00
2017/07/24	7.55	7.65	7.51	7.60	5249554	39816596.00
2017/07/25	7.60	7.62	7.53	7.55	3361601	25423256.00
2017/07/26	7.54	7.57	7.52	7.53	3174578	23924232.00
2017/07/27	7.56	7.60	7.52	7.60	5653074	42773476.00
2017/07/28	7.60	7.63	7.55	7.56	3397973	25775932.00
2017/07/31	7.57	7.59	7.53	7.56	3578691	27070272.00
2017/08/01	7.57	7.69	7.55	7.62	10444010	79754752.00
2017/08/02	7.61	7.62	7.49	7.55	6874555	51980132.00
2017/08/03	7.56	7.60	7.54	7.60	4428966	33568920.00
2017/08/04	7.60	7.61	7.55	7.58	3955439	29994436.00
2017/08/07	7.58	7.59	7.50	7.57	4448100	33633632.00
2017/08/08	7.57	7.57	7.52	7.55	4303261	32450536.00
2017/08/09	7.53	7.55	7.51	7.52	3267300	24608100.00
2017/08/10	7.51	7.52	7.41	7.43	3661300	27338422.00
2017/08/11	7.37	7.46	7.37	7.38	3750411	27796574.00
2017/08/14	7.36	7.46	7.35	7.43	4303056	31957740.00
2017/08/15	7.44	7.48	7.40	7.41	2468248	18372632.00
2017/08/16	7.37	7.46	7.37	7.45	3558828	26409588.00
2017/08/17	7.43	7.47	7.42	7.46	2527546	18814688.00
2017/08/18	7.45	7.52	7.43	7.51	4249567	31796844.00
2017/08/21	7.51	7.54	7.48	7.51	3183029	23889642.00
2017/08/22	7.51	7.53	7.47	7.52	3075572	23048218.00
2017/08/23	7.51	7.51	7.47	7.49	2397476	17950912.00
2017/08/24	7.48	7.50	7.42	7.46	3223991	24026720.00
2017/08/25	7.46	7.48	7.40	7.46	5481460	40819036.00
2017/08/28	7.45	7.57	7.44	7.57	8091072	60802928.00
2017/08/29	7.57	7.61	7.51	7.55	5657462	42754832.00
2017/08/30	7.51	7.56	7.49	7.52	6077280	45729448.00
2017/08/31	7.54	7.54	7.48	7.50	5291402	39658036.00
2017/09/01	7.51	7.51	7.47	7.49	4741181	35478952.00
2017/09/04	7.50	7.50	7.41	7.48	13760053	102336080.00
2017/09/05	7.45	7.49	7.44	7.46	8964873	66834912.00
2017/09/06	7.46	7.58	7.44	7.58	13531988	101854856.00
2017/09/07	7.57	7.64	7.55	7.58	14159325	107460512.00
2017/09/08	7.56	7.63	7.53	7.61	9394635	71291392.00
2017/09/11	7.60	7.68	7.59	7.65	14928151	114172544.00
2017/09/12	7.65	7.74	7.60	7.62	11691810	89711296.00
2017/09/13	7.60	7.77	7.52	7.77	16599396	127811792.00
2017/09/14	7.77	7.99	7.74	7.96	31068905	244823616.00
2017/09/15	7.99	8.01	7.92	7.99	22475437	179024512.00
2017/09/18	8.00	8.12	7.92	8.11	15265268	122412056.00
2017/09/19	8.11	8.24	8.07	8.24	22381794	183111568.00
2017/09/20	8.24	8.27	8.17	8.21	20146398	165701600.00
2017/09/21	8.21	8.24	7.97	7.98	15273676	123811736.00
2017/09/22	8.03	8.16	7.99	8.06	7444940	60116172.00
2017/09/25	7.99	8.09	7.85	7.90	8031834	63803672.00
2017/09/26	7.85	8.01	7.85	7.98	4433807	35298828.00
2017/09/27	8.05	8.05	7.96	7.97	3256969	26077988.00
2017/09/28	7.96	7.98	7.83	7.85	4034072	31871288.00
2017/09/29	7.84	7.92	7.76	7.87	5894616	46183776.00
2017/10/09	7.99	8.00	7.86	7.88	4101146	32465038.00
2017/10/10	7.84	7.87	7.78	7.84	5431391	42438016.00
2017/10/11	7.80	7.86	7.79	7.82	5290164	41340576.00
2017/10/12	7.85	7.85	7.71	7.72	5068000	39271888.00
2017/10/13	7.71	7.79	7.71	7.76	2351386	18241018.00
2017/10/16	7.76	7.79	7.68	7.71	3570068	27550488.00
2017/10/17	7.68	7.74	7.67	7.68	2729971	21007676.00
2017/10/18	7.71	7.71	7.61	7.61	2944486	22568980.00
2017/10/19	7.61	7.68	7.59	7.62	4025910	30680932.00
2017/10/20	7.60	7.72	7.59	7.68	2854181	21904664.00
2017/10/23	7.68	7.72	7.62	7.69	2119600	16248503.00
2017/10/24	7.69	7.73	7.60	7.73	4349051	33364500.00
2017/10/25	7.72	7.72	7.63	7.70	3239601	24924400.00
2017/10/26	7.69	7.69	7.62	7.64	3944103	30160942.00
2017/10/27	7.63	7.66	7.60	7.63	2551154	19449536.00
2017/10/30	7.65	7.68	7.46	7.49	4620694	34818240.00
2017/10/31	7.50	7.56	7.48	7.55	1783270	13393444.00
2017/11/01	7.54	7.58	7.48	7.50	2471100	18601608.00
2017/11/02	7.50	7.52	7.37	7.40	3959164	29375210.00
2017/11/03	7.40	7.42	7.20	7.36	3351415	24625502.00
2017/11/06	7.35	7.35	7.25	7.30	2664198	19429228.00
2017/11/07	7.30	7.35	7.27	7.34	2385870	17420284.00
2017/11/08	7.35	7.39	7.30	7.31	2394056	17583336.00
2017/11/09	7.28	7.33	7.24	7.29	2359726	17190428.00
2017/11/10	7.28	7.42	7.27	7.36	3431915	25187396.00
2017/11/13	7.38	7.38	7.28	7.30	2767578	20246066.00
2017/11/14	7.30	7.31	7.16	7.30	5591402	40427524.00
2017/11/15	7.26	7.30	7.19	7.22	2695871	19531456.00
2017/11/16	7.25	7.31	7.22	7.29	2482464	18043444.00
2017/11/17	7.30	7.33	7.03	7.17	5571811	40024220.00
2017/11/20	7.15	7.25	7.04	7.23	3775914	26869728.00
2017/11/21	7.22	7.50	7.19	7.44	5324235	39018576.00
2017/11/22	7.41	7.45	7.31	7.37	5707659	42163984.00
2017/11/23	7.37	7.45	7.18	7.21	3226500	23681382.00
2017/11/24	7.21	7.44	7.12	7.41	2349555	17182202.00
2017/11/27	7.44	7.45	7.30	7.31	1603698	11816327.00
2017/11/28	7.25	7.43	7.25	7.38	1814478	13352909.00
2017/11/29	7.38	7.44	7.30	7.43	2815898	20759844.00
2017/11/30	7.41	7.42	7.22	7.30	2110114	15478292.00
2017/12/01	7.30	7.45	7.25	7.43	3383252	24986684.00
2017/12/04	7.42	7.42	7.24	7.29	4279301	31253360.00
2017/12/05	7.22	7.26	7.02	7.14	4715509	33687044.00
2017/12/06	7.14	7.16	7.05	7.10	3219200	22836536.00
2017/12/07	7.10	7.15	7.05	7.09	3391433	24084134.00
2017/12/08	7.09	7.16	7.08	7.11	2923727	20804152.00
2017/12/11	7.09	7.17	7.05	7.10	3965300	28176128.00
2017/12/12	7.11	7.11	7.01	7.02	4813000	33935436.00
2017/12/13	7.00	7.05	6.93	7.02	3468081	24275034.00
2017/12/14	7.01	7.05	6.94	7.04	1742580	12213140.00
2017/12/15	7.04	7.04	6.90	6.99	2747383	19126492.00
2017/12/18	6.98	7.05	6.89	7.04	3287703	22887362.00
2017/12/19	7.01	7.06	6.98	7.03	1596914	11217822.00
2017/12/20	7.00	7.03	6.93	6.98	1362557	9503503.00
2017/12/21	6.93	7.00	6.87	6.99	1811729	12576452.00
2017/12/22	6.99	7.01	6.93	6.98	1286672	8981814.00
2017/12/25	6.98	7.00	6.89	6.91	1911793	13272262.00
2017/12/26	6.87	7.00	6.85	6.99	2439399	16882522.00
2017/12/27	6.94	6.96	6.87	6.88	1811402	12513570.00
2017/12/28	6.88	6.91	6.85	6.87	1649960	11345313.00
2017/12/29	6.83	7.03	6.83	6.99	3566322	24708460.00
2018/01/02	6.94	7.11	6.93	7.04	5754882	40509964.00
2018/01/03	7.05	7.08	6.99	7.03	6119408	42988204.00
2018/01/04	7.04	7.16	7.01	7.11	7515666	53273688.00
2018/01/05	7.12	7.39	7.09	7.25	13882114	100605152.00
2018/01/08	7.23	7.37	7.16	7.25	9704491	70504648.00
2018/01/09	7.22	7.41	7.18	7.29	5937589	43350672.00
2018/01/10	7.28	7.36	7.14	7.20	4968801	35957116.00
2018/01/11	7.18	7.22	7.09	7.21	5352338	38312732.00
2018/01/12	7.18	7.65	7.16	7.32	12047020	89353392.00
2018/01/15	7.32	7.41	7.13	7.18	7745605	56024812.00
2018/01/16	7.23	7.41	7.10	7.37	12339971	89266240.00
2018/01/17	7.34	7.58	7.20	7.30	13306242	98002576.00
2018/01/18	7.27	7.43	7.24	7.33	5962014	43709916.00
2018/01/19	7.31	7.38	7.24	7.27	5536635	40385544.00
2018/01/22	7.27	7.27	7.17	7.24	6741652	48607392.00
2018/01/23	7.24	7.34	7.21	7.28	9040192	65827700.00
2018/01/24	7.33	7.33	7.25	7.29	4744000	34541140.00
2018/01/25	7.30	7.35	7.25	7.32	6526602	47695392.00
2018/01/26	7.30	7.38	7.27	7.32	8982177	66002304.00
2018/01/29	7.30	7.36	7.25	7.27	7802871	56825420.00
2018/01/30	7.35	7.47	7.30	7.33	6837830	50296448.00
2018/01/31	7.31	7.46	7.25	7.36	10322571	75712712.00
2018/02/01	7.36	7.38	7.04	7.16	12969938	93288304.00
2018/02/02	7.10	7.19	6.90	7.18	5418681	38347896.00
2018/02/05	7.08	7.17	7.02	7.14	2300144	16382666.00
2018/02/06	7.00	7.12	6.80	6.88	7204800	50260688.00
2018/02/07	6.92	7.00	6.45	6.90	5758018	39211364.00
2018/02/08	6.83	7.02	6.78	7.01	5836515	40330180.00
2018/02/09	6.92	6.96	6.79	6.88	6036500	41487032.00
2018/02/12	6.83	7.07	6.83	7.01	6449500	44992336.00
2018/02/13	7.01	7.10	6.97	7.00	1776537	12480619.00
2018/02/14	7.04	7.07	7.00	7.04	2682813	18874816.00
2018/02/22	7.03	7.11	7.02	7.09	3828575	27093132.00
2018/02/23	7.09	7.12	7.06	7.07	1452914	10278389.00
2018/02/26	7.07	7.11	7.04	7.09	4912300	34743148.00
2018/02/27	7.09	7.11	7.05	7.05	3325701	23507056.00
2018/02/28	7.05	7.12	7.01	7.08	2823788	19978060.00
2018/03/01	7.07	7.09	6.99	7.00	4404450	31007916.00
2018/03/02	7.03	7.10	7.01	7.07	2356219	16603010.00
2018/03/05	7.09	7.09	6.93	7.00	3993679	27952332.00
2018/03/06	6.98	7.09	6.95	7.08	5567357	39293316.00
2018/03/07	7.11	7.24	7.08	7.21	12610765	90659152.00
2018/03/08	7.18	7.23	7.16	7.21	4370348	31464136.00
2018/03/09	7.17	7.28	7.17	7.27	6826129	49558016.00
2018/03/12	7.30	7.33	7.27	7.30	8861814	64758912.00
2018/03/13	7.29	7.35	7.24	7.31	9633057	70397416.00
2018/03/14	7.28	7.33	7.25	7.30	6715118	49066960.00
2018/03/15	7.27	7.30	7.21	7.27	4407307	31979782.00
2018/03/16	7.27	7.32	7.24	7.29	5193529	37874944.00
2018/03/19	7.31	7.31	7.23	7.27	4784838	34761016.00
2018/03/20	7.21	7.28	7.19	7.25	4104889	29707762.00
2018/03/21	7.21	7.34	7.21	7.24	7825675	56961288.00
2018/03/22	7.27	7.31	7.22	7.29	5852442	42530112.00
2018/03/23	7.19	7.26	6.98	7.02	9423764	67587376.00
2018/03/26	6.95	7.34	6.87	7.31	8448551	60627580.00
2018/03/27	7.32	7.49	7.28	7.38	7489401	55012856.00
2018/03/28	7.33	7.34	7.17	7.24	5886060	42773472.00
2018/03/29	7.24	7.34	7.14	7.33	7511038	54375500.00
2018/03/30	7.34	7.36	7.20	7.24	6600993	47864488.00
2018/04/02	7.25	7.31	7.21	7.25	4964335	36101400.00
2018/04/03	7.20	7.30	7.17	7.28	5892819	42659660.00
2018/04/04	7.25	7.30	7.22	7.24	3746000	27158488.00
2018/04/09	7.15	7.23	7.01	7.04	5672114	40205148.00
2018/04/10	7.04	7.11	6.99	7.08	4241619	29868748.00
2018/04/11	7.07	7.12	7.04	7.05	3882300	27472368.00
2018/04/12	7.05	7.10	7.01	7.07	3377478	23873856.00
2018/04/13	7.07	7.10	7.00	7.02	2872071	20233184.00
2018/04/16	7.02	7.07	6.98	7.01	3589936	25179432.00
2018/04/17	7.05	7.05	6.91	7.01	3718595	26024628.00
2018/04/18	7.05	7.06	6.98	7.03	4061796	28537918.00
2018/04/19	7.03	7.04	6.97	7.04	3641267	25502984.00
2018/04/20	7.03	7.03	6.82	6.93	5392370	37325992.00
2018/04/23	6.85	6.93	6.80	6.87	4744653	32457742.00
2018/04/24	6.88	7.01	6.85	7.00	3719286	25893852.00
2018/04/25	7.00	7.00	6.89	6.95	1833700	12716720.00
数据来源:通达信
