600099 林海股份 日线 不复权
      日期	    开盘	    最高	    最低	    收盘	    成交量	    成交额
2017/03/27	16.03	16.51	15.51	16.12	11908299	190251408.00
2017/03/28	15.86	17.73	15.82	17.73	30754720	536162784.00
2017/03/29	17.20	18.15	17.18	17.83	28043107	498273792.00
2017/03/30	17.56	17.85	16.32	16.63	13324300	229202704.00
2017/03/31	16.65	16.88	15.50	16.20	12881435	206442880.00
2017/04/05	16.00	16.20	15.59	16.14	7329964	116713184.00
2017/04/06	16.10	16.59	16.01	16.16	6595895	107652792.00
2017/04/07	16.20	16.42	15.40	15.46	7564990	120363472.00
2017/04/10	15.25	15.46	14.45	14.53	9486851	140114864.00
2017/04/11	14.60	15.08	14.42	14.93	7337570	108138184.00
2017/04/12	14.90	15.41	14.72	14.91	6330300	95659592.00
2017/04/13	14.97	15.11	14.65	14.80	3671305	54748688.00
2017/04/14	14.87	15.75	14.71	15.54	8576521	131557616.00
2017/04/17	15.46	15.50	14.61	14.77	4653928	69924232.00
2017/04/18	14.77	15.18	14.77	14.86	3365500	50359480.00
2017/04/19	14.96	15.16	14.40	15.08	4073975	60304932.00
2017/04/20	14.94	15.83	14.93	15.77	7099555	109544288.00
2017/04/21	15.70	15.85	15.40	15.57	3490711	54435600.00
2017/04/24	15.47	15.48	14.01	15.03	4160048	61300328.00
2017/04/25	14.95	15.18	14.65	14.81	1875600	27961092.00
2017/04/26	14.81	15.00	14.30	14.82	3509010	51385932.00
2017/04/27	14.58	14.88	14.31	14.64	2573609	37537184.00
2017/04/28	14.65	14.98	14.60	14.82	2713799	40179916.00
2017/05/02	14.90	14.90	14.39	14.51	2799400	40870380.00
2017/05/03	14.51	14.66	14.27	14.31	3629301	52256200.00
2017/05/04	14.30	14.30	14.01	14.07	2239901	31650038.00
2017/05/05	14.16	14.26	13.76	14.08	2673040	37349508.00
2017/05/08	14.08	14.28	13.86	14.17	2652439	37370304.00
2017/05/09	14.17	14.50	14.01	14.47	2708800	38799952.00
2017/05/10	14.41	14.56	14.25	14.35	2999000	43154316.00
2017/05/11	14.15	14.32	13.80	14.09	3481700	48840576.00
2017/05/12	14.05	14.19	13.90	14.03	1744963	24451272.00
2017/05/15	14.03	14.08	13.92	14.01	1172518	16413892.00
2017/05/16	14.01	14.22	13.93	14.16	2666117	37530556.00
2017/05/17	14.34	14.74	14.10	14.62	6043835	87655064.00
2017/05/18	14.37	14.58	14.26	14.28	2816560	40564124.00
2017/05/19	14.28	14.46	14.11	14.16	1584200	22587696.00
2017/05/22	14.23	14.23	13.91	13.97	2194836	30737348.00
2017/05/23	13.91	14.06	13.76	13.94	2373001	33027996.00
2017/05/24	13.93	13.93	12.55	13.44	3286462	43599628.00
2017/05/25	13.33	13.45	12.35	12.62	3953419	50502912.00
2017/05/26	12.72	12.75	12.47	12.56	1590288	20037816.00
2017/05/31	12.63	12.88	12.60	12.67	1707750	21789388.00
2017/06/01	12.66	12.78	12.21	12.31	1997525	24895556.00
2017/06/02	12.35	12.35	11.60	11.97	2705840	32315466.00
2017/06/05	11.85	12.06	11.70	11.98	2436149	28880566.00
2017/06/06	11.90	13.18	11.80	13.18	3385030	41048864.00
2017/06/07	13.18	13.87	12.68	13.54	6790761	90233960.00
2017/06/08	13.30	13.50	13.11	13.19	4241121	56261424.00
2017/06/09	13.11	13.95	13.10	13.33	4166836	56381280.00
2017/06/12	13.08	13.43	13.02	13.16	1988716	26257034.00
2017/06/13	13.12	13.20	12.80	13.04	3237689	41976216.00
2017/06/14	13.03	13.18	12.81	12.93	2884653	37547008.00
2017/06/15	12.87	13.29	12.87	13.19	2759732	36108148.00
2017/06/16	13.21	13.44	13.04	13.39	3230543	42770868.00
2017/06/19	13.24	14.13	13.22	13.81	4769474	65607288.00
2017/06/20	13.78	14.07	13.65	13.72	4135026	57456152.00
2017/06/21	13.84	14.46	13.75	13.99	6952681	98157536.00
2017/06/22	13.85	14.00	13.41	13.47	4167092	57294376.00
2017/06/23	13.48	13.65	13.28	13.57	2020483	27232720.00
2017/06/26	13.65	14.09	13.52	13.82	3483292	48380060.00
2017/06/27	13.85	14.05	13.81	13.86	1901464	26408584.00
2017/06/28	13.86	13.88	13.52	13.70	1473688	20218160.00
2017/06/29	13.60	14.22	13.57	13.79	2003301	27861568.00
2017/06/30	13.65	13.86	13.56	13.69	1513400	20693652.00
2017/07/03	13.60	13.85	13.50	13.84	1995172	27355140.00
2017/07/04	13.76	14.08	13.75	13.91	1985400	27598488.00
2017/07/05	13.82	13.87	13.64	13.81	2079701	28587990.00
2017/07/06	13.73	13.80	13.56	13.71	1760000	24062994.00
2017/07/07	13.72	13.80	13.59	13.73	1777724	24382824.00
2017/07/10	13.70	13.81	13.31	13.56	2656989	35955156.00
2017/07/11	13.46	13.50	13.35	13.36	1467909	19707992.00
2017/07/12	13.36	13.36	12.70	12.95	2105264	27217484.00
2017/07/13	13.00	13.00	12.75	12.84	986910	12653927.00
2017/07/14	12.82	13.50	11.99	13.34	1991374	25752076.00
2017/07/17	13.21	13.22	12.05	12.41	1737500	22171620.00
2017/07/18	12.33	12.64	12.33	12.58	1284210	16053833.00
2017/07/19	12.55	12.87	12.43	12.69	1057001	13374873.00
2017/07/20	12.73	12.95	12.66	12.68	1202310	15394059.00
2017/07/21	12.65	13.23	12.65	12.92	2357693	30591210.00
2017/07/24	12.82	12.82	12.56	12.68	1899338	24008680.00
2017/07/25	12.75	12.76	12.53	12.63	1065572	13423610.00
2017/07/26	12.63	12.66	12.10	12.40	2163400	26652698.00
2017/07/27	12.37	12.57	12.25	12.51	2184201	27117024.00
2017/07/28	12.42	12.55	12.36	12.48	1408689	17517712.00
2017/07/31	12.40	12.47	12.30	12.40	1165876	14413144.00
2017/08/01	12.40	12.46	12.15	12.21	1651960	20223548.00
2017/08/02	12.28	12.28	12.02	12.16	1551364	18786756.00
2017/08/03	12.16	12.48	12.07	12.27	1737911	21259860.00
2017/08/04	12.27	12.30	12.08	12.12	1243901	15107969.00
2017/08/07	12.14	12.23	12.09	12.17	820047	9978586.00
2017/08/08	12.21	12.21	12.08	12.13	1213212	14701089.00
2017/08/09	12.15	12.18	12.03	12.17	1161446	14049780.00
2017/08/10	12.19	12.19	11.81	11.95	2038500	24318930.00
2017/08/11	11.83	12.00	11.63	11.83	1675801	19813052.00
2017/08/14	11.80	11.95	11.70	11.85	1713081	20308872.00
2017/08/15	11.92	12.50	11.81	12.14	3120825	37890080.00
2017/08/16	12.07	12.22	11.97	12.17	2373027	28719096.00
2017/08/17	12.16	12.51	12.15	12.47	4518607	55954496.00
2017/08/18	12.41	13.50	12.30	12.87	7003491	89767568.00
2017/08/21	12.99	12.99	12.48	12.65	4678685	59174868.00
2017/08/22	12.64	12.72	12.30	12.34	4383755	54495200.00
2017/08/23	12.30	12.47	12.26	12.34	2489933	30802944.00
2017/08/24	12.30	12.50	12.06	12.35	2193649	27009772.00
2017/08/25	12.35	12.43	12.24	12.36	2384933	29450712.00
2017/08/28	12.33	12.55	12.32	12.49	2334252	29074190.00
2017/08/29	12.49	12.58	12.42	12.50	2602780	32498010.00
2017/08/30	12.53	12.57	12.43	12.50	2979130	37211716.00
2017/08/31	12.53	12.53	12.43	12.49	2147973	26830970.00
2017/09/01	12.51	12.59	12.41	12.49	1817108	22696386.00
2017/09/04	12.45	12.48	12.32	12.34	1847411	22904942.00
2017/09/05	12.40	12.63	12.39	12.44	2371331	29694624.00
2017/09/06	12.45	12.49	12.35	12.44	2013419	25021828.00
2017/09/07	12.45	12.50	12.33	12.35	1983700	24639932.00
2017/09/08	12.33	12.47	12.28	12.36	1191673	14755425.00
2017/09/11	12.34	12.44	12.30	12.40	1507941	18656020.00
2017/09/12	12.40	12.41	12.04	12.09	2655193	32461112.00
2017/09/13	12.09	12.27	12.06	12.26	1471274	17879534.00
2017/09/14	12.26	12.29	12.06	12.08	1409642	17159136.00
2017/09/15	12.09	12.14	11.92	11.97	2219293	26706144.00
2017/09/18	11.96	12.06	11.89	12.00	1661556	19916200.00
2017/09/19	12.01	12.27	12.00	12.15	2136780	25981868.00
2017/09/20	12.15	12.19	12.05	12.18	1824347	22101632.00
2017/09/21	12.18	12.40	12.13	12.17	3274601	40110092.00
2017/09/22	12.22	12.24	12.07	12.12	1622847	19688826.00
2017/09/25	12.10	12.15	11.69	11.73	2648615	31535728.00
2017/09/26	11.70	11.78	11.40	11.61	1962601	22817334.00
2017/09/27	11.60	11.77	11.55	11.72	1318501	15411426.00
2017/09/28	11.75	11.75	11.37	11.41	1154300	13428033.00
2017/09/29	11.48	12.10	11.48	11.80	2272662	26724540.00
2017/10/09	11.86	12.04	11.83	11.87	1716358	20506672.00
2017/10/10	11.93	12.13	11.85	12.11	1702899	20450436.00
2017/10/11	12.11	12.23	12.00	12.01	1641150	19882876.00
2017/10/12	12.08	12.08	11.88	11.99	1314001	15722969.00
2017/10/13	12.02	12.07	11.93	12.04	1082000	12996873.00
2017/10/16	12.04	12.10	11.60	11.67	2028494	23991868.00
2017/10/17	11.59	11.78	11.58	11.69	964179	11272521.00
2017/10/18	11.74	11.77	11.40	11.67	1564905	18183928.00
2017/10/19	11.58	11.66	11.42	11.51	1066143	12282654.00
2017/10/20	11.46	12.06	11.46	11.92	3359005	39849864.00
2017/10/23	11.89	12.10	11.81	12.06	2724229	32752892.00
2017/10/24	12.02	12.10	11.93	12.09	2054014	24723844.00
2017/10/25	12.00	12.12	11.98	12.08	1364424	16452972.00
2017/10/26	12.08	12.15	11.93	12.13	2294143	27624286.00
2017/10/27	12.09	12.15	11.90	11.90	1591317	19135966.00
2017/10/30	11.80	11.93	11.46	11.67	2603900	30305318.00
2017/10/31	11.55	11.99	11.47	11.93	1842995	21559188.00
2017/11/01	11.97	12.44	11.83	12.38	7479834	91632704.00
2017/11/02	12.18	12.27	12.01	12.07	3791582	45987096.00
2017/11/03	12.01	12.09	11.70	11.79	2020374	23974956.00
2017/11/06	11.80	11.99	11.58	11.84	1824478	21414604.00
2017/11/07	11.80	11.84	11.66	11.76	1354199	15879745.00
2017/11/08	11.76	11.82	11.65	11.67	1987189	23325092.00
2017/11/09	11.63	11.74	11.63	11.68	1217890	14221431.00
2017/11/10	11.66	11.69	11.44	11.49	2826312	32642324.00
2017/11/13	11.50	11.58	11.41	11.49	1651243	18973618.00
2017/11/14	11.46	11.55	11.00	11.06	2544869	28620556.00
2017/11/15	11.02	11.19	10.96	11.09	1062428	11776740.00
2017/11/16	11.00	11.11	10.94	10.95	1016100	11186740.00
2017/11/17	10.91	10.91	9.86	9.96	4081527	41887868.00
2017/11/20	9.90	9.96	9.52	9.95	1813831	17593986.00
2017/11/21	9.93	10.49	9.68	10.12	2033601	19996844.00
2017/11/22	10.00	10.10	9.92	10.00	941300	9400093.00
2017/11/23	9.96	9.99	9.74	9.80	1238400	12269760.00
2017/11/24	9.75	9.97	9.65	9.88	1046396	10292652.00
2017/11/27	9.87	9.89	9.68	9.70	620900	6067005.00
2017/11/28	9.63	9.86	9.63	9.84	800196	7826261.00
2017/11/29	9.85	9.85	9.65	9.75	834301	8137722.00
2017/11/30	9.75	9.80	9.62	9.75	885858	8632748.00
2017/12/01	9.75	10.09	9.70	9.95	1889533	18748476.00
2017/12/04	9.98	10.00	9.67	9.80	1145800	11221042.00
2017/12/05	9.80	9.90	9.33	9.65	1337300	12862688.00
2017/12/06	9.49	9.60	9.28	9.58	1767400	16658254.00
2017/12/07	9.55	9.55	9.36	9.48	992017	9369364.00
2017/12/08	9.50	9.61	9.46	9.57	1457991	13904857.00
2017/12/11	9.55	9.65	9.54	9.63	990200	9496277.00
2017/12/12	9.63	9.68	9.43	9.45	862000	8240079.00
2017/12/13	9.47	9.54	9.35	9.50	1057400	10023317.00
2017/12/14	9.50	9.87	9.50	9.77	1682600	16167487.00
2017/12/15	9.71	9.90	9.63	9.87	1421739	13908750.00
2017/12/18	9.87	10.45	9.80	10.05	3835901	38809896.00
2017/12/19	10.05	10.19	9.80	9.88	2706501	26852958.00
2017/12/20	9.87	9.89	9.70	9.80	1904500	18670918.00
2017/12/21	9.89	9.89	9.70	9.79	717934	7031759.00
2017/12/22	9.71	9.79	9.60	9.62	948761	9205840.00
2017/12/25	9.58	10.18	9.42	9.83	3011802	29629616.00
2017/12/26	9.73	10.10	9.61	9.81	2335119	22846540.00
2017/12/27	9.76	9.80	9.65	9.74	1239817	12036118.00
2017/12/28	9.71	9.71	9.57	9.64	836400	8079694.00
2017/12/29	9.61	9.76	9.60	9.72	713733	6913471.00
2018/01/02	9.72	9.77	9.61	9.72	1104033	10714923.00
2018/01/03	9.72	9.78	9.70	9.78	1380208	13438946.00
2018/01/04	9.78	9.85	9.70	9.72	1802936	17586184.00
2018/01/05	9.70	9.81	9.60	9.74	1835305	17744712.00
2018/01/08	9.71	9.75	9.60	9.63	891916	8596854.00
2018/01/09	9.61	9.65	9.41	9.47	1749700	16627717.00
2018/01/10	9.44	9.47	9.17	9.31	1805400	16784694.00
2018/01/11	9.30	9.41	9.19	9.36	1128315	10521091.00
2018/01/12	9.36	9.39	9.28	9.35	727601	6782082.00
2018/01/15	9.31	9.31	8.94	9.06	2013200	18315620.00
2018/01/16	9.01	9.09	8.98	9.05	1374464	12398533.00
2018/01/17	9.05	9.30	8.40	9.26	3765465	33355164.00
2018/01/18	9.09	9.29	9.07	9.18	1865555	17105698.00
2018/01/19	9.18	9.37	9.09	9.30	2048476	18952202.00
2018/01/22	9.29	9.49	9.24	9.47	2070365	19468094.00
2018/01/23	9.42	9.62	9.42	9.48	1658477	15802419.00
2018/01/24	9.42	9.56	9.27	9.48	1467500	13785617.00
2018/01/25	9.44	9.53	9.38	9.50	1304697	12334266.00
2018/01/26	9.48	9.50	9.33	9.48	1125901	10601685.00
2018/01/29	9.46	9.46	9.24	9.40	1193146	11140756.00
2018/01/30	9.35	9.60	9.32	9.59	2360434	22373360.00
2018/01/31	9.62	9.62	9.31	9.45	1856600	17582538.00
2018/02/01	9.38	9.39	8.89	9.09	2446800	22444224.00
2018/02/02	9.05	9.14	8.71	8.95	1120288	9976440.00
2018/02/05	8.92	8.92	8.06	8.69	2348305	19423238.00
2018/02/06	8.21	8.27	7.82	7.82	2261300	18059214.00
2018/02/07	7.82	7.95	7.04	7.28	3822018	27917164.00
2018/02/08	7.15	7.40	7.06	7.29	1477790	10723194.00
2018/02/09	7.08	7.20	6.90	6.99	1761567	12417572.00
2018/02/12	7.00	7.21	6.99	7.19	1010116	7197115.00
2018/02/13	7.21	7.33	7.17	7.20	1067800	7743503.00
2018/02/14	7.25	7.33	7.22	7.32	1470442	10732071.00
2018/02/22	7.32	7.45	7.27	7.37	1138009	8387260.00
2018/02/23	7.37	7.43	7.32	7.37	779900	5752579.00
2018/02/26	7.35	7.63	7.35	7.61	1787641	13388549.00
2018/02/27	7.57	7.68	7.53	7.68	1404000	10683766.00
2018/02/28	7.64	7.75	7.53	7.71	1590489	12200817.00
2018/03/01	7.68	7.82	7.64	7.77	1196830	9273889.00
2018/03/02	7.71	7.95	7.71	7.87	1662000	13056831.00
2018/03/05	7.87	8.37	7.75	8.24	3648000	29554326.00
2018/03/06	8.18	8.23	8.02	8.17	2439116	19773988.00
2018/03/07	8.14	8.17	8.05	8.13	1393600	11295310.00
2018/03/08	8.09	8.27	8.08	8.26	1376249	11287960.00
2018/03/09	8.21	8.33	8.17	8.29	1038648	8567422.00
2018/03/12	8.32	8.41	8.26	8.37	1204000	10067296.00
2018/03/13	8.41	8.57	8.31	8.53	1506333	12707343.00
2018/03/14	8.51	8.69	8.17	8.25	2129993	17934204.00
2018/03/15	8.24	8.80	7.96	8.39	7546518	62224388.00
2018/03/16	8.22	8.58	8.11	8.38	5567925	46178112.00
2018/03/19	8.25	8.50	8.05	8.43	4439727	36763508.00
2018/03/20	8.27	9.27	8.19	9.27	5354513	48606496.00
2018/03/21	10.20	10.20	10.10	10.20	9496003	96849624.00
2018/03/22	10.25	11.19	10.05	10.79	28179274	297725152.00
2018/03/23	10.00	10.20	9.71	9.71	15910753	157645536.00
2018/03/26	9.30	9.30	8.74	9.14	13126099	117861248.00
2018/03/27	9.14	9.44	9.03	9.41	10615302	98308248.00
2018/03/28	9.19	9.25	8.90	9.04	7758452	70609344.00
2018/03/29	9.06	9.21	9.00	9.09	6002068	54782148.00
2018/03/30	9.10	9.20	9.04	9.14	4515006	41152924.00
2018/04/02	9.10	9.28	8.98	9.11	5110499	46540512.00
2018/04/03	8.98	8.99	8.59	8.71	6144945	53716984.00
2018/04/04	8.71	8.81	8.66	8.78	3066961	26826122.00
2018/04/09	8.64	8.76	8.45	8.68	2694125	23297868.00
2018/04/10	8.66	8.90	8.53	8.88	3333409	29072084.00
2018/04/11	8.81	8.92	8.79	8.86	3288316	29072940.00
2018/04/12	8.85	8.94	8.71	8.71	2730699	24130210.00
2018/04/13	8.71	8.78	8.50	8.56	1998250	17363716.00
2018/04/16	8.52	8.55	8.07	8.17	3598060	29644348.00
2018/04/17	8.16	8.24	7.77	7.81	2876624	22954344.00
2018/04/18	7.82	7.96	7.72	7.90	2663115	20977502.00
2018/04/19	7.89	8.20	7.89	8.18	2421637	19613360.00
2018/04/20	8.20	8.23	7.90	7.93	1983916	16011607.00
2018/04/23	7.90	8.00	7.68	7.98	1281819	10031462.00
2018/04/24	7.97	8.12	7.91	8.10	1579408	12720089.00
2018/04/25	8.05	8.24	8.00	8.16	1684901	13776008.00
数据来源:通达信
