600000 浦发银行 日线 不复权
      日期	    开盘	    最高	    最低	    收盘	    成交量	    成交额
2017/03/27	15.97	16.13	15.90	16.04	18997369	304990144.00
2017/03/28	16.11	16.13	15.97	16.01	13212969	211750768.00
2017/03/29	16.01	16.11	15.80	15.87	23446792	372794464.00
2017/03/30	15.88	15.90	15.72	15.81	23645144	373665120.00
2017/03/31	15.78	16.05	15.77	16.01	24187120	385793408.00
2017/04/05	16.05	16.20	15.89	16.16	31036271	499121568.00
2017/04/06	16.09	16.18	16.03	16.10	22335442	359361856.00
2017/04/07	16.06	16.16	16.02	16.10	20126948	323821632.00
2017/04/10	16.12	16.12	15.94	15.97	16154024	258662672.00
2017/04/11	15.97	15.99	15.81	15.89	18611375	295381664.00
2017/04/12	15.88	15.96	15.75	15.89	22210541	352357728.00
2017/04/13	15.88	15.89	15.73	15.75	23426650	369388224.00
2017/04/14	15.76	15.78	15.42	15.51	40156553	625510656.00
2017/04/17	15.53	15.60	15.30	15.56	36739448	566536768.00
2017/04/18	15.50	15.52	15.30	15.30	22889980	351624608.00
2017/04/19	15.25	15.27	15.11	15.11	24455407	371021504.00
2017/04/20	15.12	15.14	14.90	14.91	41061406	614436352.00
2017/04/21	14.92	15.07	14.85	15.05	22688358	340453120.00
2017/04/24	15.05	15.11	14.91	15.00	17627803	264649936.00
2017/04/25	15.02	15.10	14.99	15.05	12975919	195296864.00
2017/04/26	15.06	15.11	15.00	15.05	14939871	225022672.00
2017/04/27	15.05	15.25	15.03	15.21	22887645	345791520.00
2017/04/28	15.15	15.22	15.08	15.21	15718509	238419168.00
2017/05/02	15.21	15.22	15.13	15.16	12607509	191225520.00
2017/05/03	15.16	15.16	15.05	15.08	14247943	215130848.00
2017/05/04	15.07	15.07	14.90	14.98	19477788	291839744.00
2017/05/05	14.95	14.98	14.52	14.92	40194577	592160192.00
2017/05/08	14.78	14.90	14.51	14.86	43568576	638780992.00
2017/05/09	14.69	14.84	14.66	14.76	19225492	283864640.00
2017/05/10	14.76	14.85	14.55	14.61	28359413	418201408.00
2017/05/11	14.57	14.79	14.55	14.75	27312908	400313952.00
2017/05/12	14.75	15.23	14.73	15.21	45733426	687468480.00
2017/05/15	15.27	15.43	15.16	15.27	29965820	458298656.00
2017/05/16	15.23	15.29	15.08	15.27	24875396	377908576.00
2017/05/17	15.24	15.26	15.07	15.21	33434411	505883680.00
2017/05/18	15.10	15.14	14.95	15.01	30657927	460669376.00
2017/05/19	15.04	15.08	14.91	15.02	28610626	428236192.00
2017/05/22	15.02	15.06	14.93	15.04	30227245	453230624.00
2017/05/23	15.00	15.57	14.98	15.43	75400428	1154524416.00
2017/05/24	15.38	15.52	15.21	15.47	70439028	1081377024.00
2017/05/25	11.75	12.93	11.72	12.93	222373433	2803027200.00
2017/05/26	12.81	12.91	12.54	12.84	176456630	2246593280.00
2017/05/31	12.75	13.05	12.66	12.84	113009809	1450286592.00
2017/06/01	12.78	12.97	12.69	12.92	96217055	1235216000.00
2017/06/02	12.93	13.01	12.74	12.89	80197701	1034450240.00
2017/06/05	12.79	12.88	12.51	12.85	75876475	963227264.00
2017/06/06	12.80	12.84	12.66	12.80	36104406	460469440.00
2017/06/07	12.81	12.99	12.78	12.84	64395191	827766592.00
2017/06/08	12.76	12.86	12.67	12.84	48194843	615876288.00
2017/06/09	12.79	13.20	12.77	12.93	114434319	1489264512.00
2017/06/12	12.90	13.14	12.76	12.78	73931192	955965952.00
2017/06/13	12.78	12.78	12.56	12.59	52716070	665205824.00
2017/06/14	12.60	12.64	12.31	12.46	55306982	687620416.00
2017/06/15	12.41	12.46	12.28	12.38	37492860	462612608.00
2017/06/16	12.38	12.46	12.27	12.35	47351062	586081472.00
2017/06/19	12.36	12.43	12.30	12.40	32941278	407834848.00
2017/06/20	12.41	12.44	12.22	12.29	44645196	548932352.00
2017/06/21	12.40	12.40	12.26	12.34	34000062	418820224.00
2017/06/22	12.33	12.84	12.29	12.57	110259441	1392278656.00
2017/06/23	12.55	12.65	12.36	12.64	68579079	858095936.00
2017/06/26	12.64	12.82	12.55	12.64	60509162	766551232.00
2017/06/27	12.64	12.73	12.53	12.70	46687475	589020032.00
2017/06/28	12.66	12.91	12.60	12.79	75349557	963202816.00
2017/06/29	12.81	12.86	12.70	12.76	38994542	497489984.00
2017/06/30	12.70	12.73	12.59	12.65	36566479	462244032.00
2017/07/03	12.64	12.65	12.47	12.56	38778949	486264672.00
2017/07/04	12.55	12.58	12.41	12.55	36659128	458434432.00
2017/07/05	12.50	12.65	12.47	12.62	26470507	332542464.00
2017/07/06	12.62	12.72	12.51	12.66	37414241	471582080.00
2017/07/07	12.62	12.69	12.55	12.60	24667294	311101536.00
2017/07/10	12.59	12.64	12.52	12.53	26411530	331940512.00
2017/07/11	12.51	12.94	12.51	12.80	96835349	1238626560.00
2017/07/12	12.80	13.06	12.74	12.86	80469025	1039614016.00
2017/07/13	12.82	13.29	12.77	13.27	110219238	1436784256.00
2017/07/14	13.34	13.80	13.34	13.59	146865370	1991795328.00
2017/07/17	13.62	14.02	13.28	13.76	178661221	2448349184.00
2017/07/18	13.65	13.72	13.40	13.55	69895876	946717568.00
2017/07/19	13.56	13.78	13.48	13.69	66108709	900014400.00
2017/07/20	13.67	13.70	13.53	13.62	40017492	544175232.00
2017/07/21	13.61	13.63	13.38	13.45	52272375	702999232.00
2017/07/24	13.45	13.74	13.36	13.67	65820954	892033664.00
2017/07/25	13.62	13.75	13.41	13.51	58478099	795769088.00
2017/07/26	13.45	13.70	13.36	13.38	57495388	775489088.00
2017/07/27	13.38	13.47	13.28	13.38	33612097	449548320.00
2017/07/28	13.37	13.49	13.30	13.47	24954961	334111584.00
2017/07/31	13.45	13.52	13.31	13.36	45083081	602638848.00
2017/08/01	13.42	13.49	13.32	13.43	64198064	860914624.00
2017/08/02	13.44	13.60	13.39	13.44	61644148	830433600.00
2017/08/03	13.42	13.42	13.04	13.08	78581867	1036842112.00
2017/08/04	13.09	13.10	12.85	12.87	63181971	818014656.00
2017/08/07	12.87	12.95	12.83	12.93	29528429	380518688.00
2017/08/08	12.91	12.93	12.83	12.87	23570298	303469952.00
2017/08/09	12.84	12.88	12.75	12.76	32303821	413575776.00
2017/08/10	12.74	12.88	12.70	12.79	44056044	563372032.00
2017/08/11	12.72	12.73	12.46	12.68	88890056	1118537344.00
2017/08/14	12.62	12.63	12.52	12.56	45562027	572465216.00
2017/08/15	12.58	12.76	12.56	12.59	62591905	792887808.00
2017/08/16	12.56	12.56	12.47	12.49	33886531	423706592.00
2017/08/17	12.49	12.55	12.47	12.53	39091156	488847392.00
2017/08/18	12.50	12.57	12.46	12.51	35976632	450071392.00
2017/08/21	12.50	12.57	12.46	12.51	33810237	422478336.00
2017/08/22	12.51	12.53	12.41	12.43	58829999	731960000.00
2017/08/23	12.44	12.66	12.41	12.57	96871587	1215804672.00
2017/08/24	12.58	12.66	12.45	12.47	62153175	779043392.00
2017/08/25	12.47	12.80	12.47	12.78	145590666	1842766848.00
2017/08/28	12.83	12.96	12.75	12.89	104113170	1339965952.00
2017/08/29	12.85	12.98	12.77	12.96	60063956	772995392.00
2017/08/30	12.91	12.98	12.82	12.87	60479990	779708160.00
2017/08/31	12.83	12.84	12.65	12.71	44790313	570138112.00
2017/09/01	12.68	12.87	12.68	12.77	39264131	501796416.00
2017/09/04	12.78	12.84	12.65	12.78	35667447	454951456.00
2017/09/05	12.78	13.09	12.78	13.03	73493027	954528896.00
2017/09/06	12.99	13.05	12.90	12.96	33823576	438219616.00
2017/09/07	12.94	13.02	12.82	12.85	38224782	494212416.00
2017/09/08	12.85	13.12	12.83	13.03	64778087	842285760.00
2017/09/11	13.15	13.15	12.95	12.99	52234735	683193984.00
2017/09/12	13.00	13.04	12.91	13.04	51012322	661471552.00
2017/09/13	13.01	13.01	12.86	12.87	31972897	412327520.00
2017/09/14	12.88	12.98	12.81	12.85	24160832	311079232.00
2017/09/15	12.82	12.86	12.75	12.83	24874312	318464960.00
2017/09/18	12.82	12.96	12.80	12.91	35747529	461032064.00
2017/09/19	12.93	12.95	12.82	12.90	30170124	388627648.00
2017/09/20	12.88	12.93	12.83	12.88	19867148	255856512.00
2017/09/21	12.86	12.95	12.83	12.87	20140268	259643728.00
2017/09/22	12.84	12.92	12.79	12.89	24192687	311178560.00
2017/09/25	12.89	12.95	12.71	12.94	50687628	650703744.00
2017/09/26	12.89	12.93	12.85	12.86	22163311	285364896.00
2017/09/27	12.83	12.91	12.76	12.85	26374752	339097280.00
2017/09/28	12.85	12.88	12.77	12.84	24124934	309223168.00
2017/09/29	12.82	12.91	12.81	12.87	19822263	255341344.00
2017/10/09	13.27	13.29	13.00	13.04	52149081	684274112.00
2017/10/10	13.05	13.10	12.98	13.10	27493986	359114752.00
2017/10/11	13.08	13.11	13.03	13.06	18706308	244440304.00
2017/10/12	13.05	13.09	12.97	13.05	17125284	223204032.00
2017/10/13	13.01	13.08	12.92	12.94	20857578	271308480.00
2017/10/16	12.98	13.06	12.94	13.04	23611164	307206528.00
2017/10/17	13.04	13.06	12.94	12.99	14692320	190770512.00
2017/10/18	12.99	13.10	12.93	13.07	45458736	592125632.00
2017/10/19	13.03	13.16	12.98	13.13	52881168	690607552.00
2017/10/20	13.09	13.10	13.01	13.01	17228409	224781280.00
2017/10/23	13.02	13.03	12.83	12.84	31563834	406941728.00
2017/10/24	12.84	12.95	12.82	12.86	27236042	350864960.00
2017/10/25	12.86	12.94	12.82	12.90	20743829	267109744.00
2017/10/26	12.87	12.88	12.78	12.82	25275166	324110144.00
2017/10/27	12.85	12.94	12.82	12.85	32673820	420972320.00
2017/10/30	12.84	12.84	12.59	12.70	74713617	947820352.00
2017/10/31	12.60	12.66	12.58	12.61	20120724	253737600.00
2017/11/01	12.63	12.72	12.53	12.54	35368712	446287616.00
2017/11/02	12.52	12.57	12.43	12.53	48267038	602955904.00
2017/11/03	12.53	12.60	12.43	12.58	32848169	411198272.00
2017/11/06	12.56	12.56	12.45	12.47	20016827	249788208.00
2017/11/07	12.49	12.60	12.41	12.54	38677337	482986112.00
2017/11/08	12.54	12.68	12.49	12.58	37134146	468242272.00
2017/11/09	12.57	12.63	12.53	12.55	17463373	219541344.00
2017/11/10	12.54	12.63	12.46	12.63	49925359	626756864.00
2017/11/13	12.65	12.85	12.63	12.80	78009337	996962304.00
2017/11/14	12.76	12.77	12.58	12.60	33754928	426955936.00
2017/11/15	12.60	12.63	12.55	12.60	28076530	353327072.00
2017/11/16	12.57	12.57	12.38	12.39	35680762	444238624.00
2017/11/17	12.38	12.80	12.38	12.78	109336535	1378873216.00
2017/11/20	12.70	12.86	12.61	12.85	61495420	783077248.00
2017/11/21	12.81	13.17	12.75	12.94	116179412	1512638080.00
2017/11/22	13.00	13.44	13.00	13.23	114576266	1513356160.00
2017/11/23	13.24	13.32	12.91	13.06	81912602	1076889984.00
2017/11/24	13.11	13.18	12.93	13.09	59612483	777699712.00
2017/11/27	13.09	13.12	12.81	13.10	79250273	1028510272.00
2017/11/28	13.03	13.07	12.92	12.94	34031908	441466976.00
2017/11/29	12.95	13.04	12.81	12.94	41846783	540439744.00
2017/11/30	12.91	12.95	12.80	12.91	39916356	513785824.00
2017/12/01	12.93	12.95	12.81	12.91	38577445	496330240.00
2017/12/04	12.87	12.94	12.84	12.92	36479233	470155488.00
2017/12/05	12.92	13.27	12.91	13.17	123796797	1623138176.00
2017/12/06	13.12	13.16	12.91	12.96	43564931	566372416.00
2017/12/07	12.95	13.03	12.91	12.96	34802229	451233536.00
2017/12/08	12.98	12.99	12.87	12.93	31296221	404411520.00
2017/12/11	12.92	13.04	12.85	12.97	36649902	474566880.00
2017/12/12	12.97	12.97	12.74	12.75	30370097	390113088.00
2017/12/13	12.80	12.81	12.63	12.74	19345338	246331120.00
2017/12/14	12.79	12.79	12.66	12.69	16141678	205219488.00
2017/12/15	12.69	12.73	12.61	12.62	16210108	205323760.00
2017/12/18	12.71	12.71	12.61	12.65	13445648	170140032.00
2017/12/19	12.65	12.76	12.62	12.75	18399603	233884672.00
2017/12/20	12.76	12.76	12.60	12.73	26639844	337603456.00
2017/12/21	12.67	12.78	12.60	12.70	21052388	267624192.00
2017/12/22	12.68	12.72	12.61	12.62	16076938	203468784.00
2017/12/25	12.61	12.68	12.56	12.59	19306662	243553696.00
2017/12/26	12.57	12.66	12.56	12.64	15225722	192219136.00
2017/12/27	12.65	12.66	12.53	12.62	32731881	412197984.00
2017/12/28	12.60	12.66	12.53	12.54	23870824	300834016.00
2017/12/29	12.52	12.62	12.51	12.59	16351826	205752880.00
2018/01/02	12.61	12.77	12.60	12.72	31323053	398614976.00
2018/01/03	12.73	12.80	12.66	12.66	37839101	480954816.00
2018/01/04	12.70	12.73	12.62	12.66	27883804	353205824.00
2018/01/05	12.67	12.71	12.62	12.69	31026744	393058240.00
2018/01/08	12.69	12.71	12.63	12.68	31389887	397842208.00
2018/01/09	12.68	12.74	12.66	12.70	26215432	332848320.00
2018/01/10	12.70	13.09	12.68	13.02	90679990	1174201984.00
2018/01/11	12.95	13.04	12.87	12.94	37816412	489588896.00
2018/01/12	12.97	13.00	12.90	12.91	24203419	313215104.00
2018/01/15	12.88	13.08	12.85	13.02	61320680	796861120.00
2018/01/16	12.97	13.06	12.78	12.90	74892652	963701120.00
2018/01/17	12.91	13.42	12.89	13.10	127132813	1675235200.00
2018/01/18	13.14	13.25	13.05	13.24	111608076	1465159040.00
2018/01/19	13.33	13.61	13.18	13.24	171648871	2300220672.00
2018/01/22	12.93	13.15	12.71	12.77	272513801	3514775040.00
2018/01/23	12.75	12.92	12.68	12.90	217827457	2791828736.00
2018/01/24	12.97	14.00	12.89	13.57	379653629	5099364352.00
2018/01/25	13.54	13.76	13.36	13.65	176989631	2400208896.00
2018/01/26	13.65	13.72	13.36	13.41	218419685	2954019840.00
2018/01/29	13.48	13.53	13.32	13.46	153783104	2065139200.00
2018/01/30	13.45	13.49	13.09	13.11	107804018	1429924992.00
2018/01/31	13.05	13.19	12.98	13.17	117703264	1541960960.00
2018/02/01	13.14	13.33	12.94	13.30	173573331	2289044480.00
2018/02/02	13.19	13.19	13.01	13.14	71796780	941467200.00
2018/02/05	13.00	13.54	12.98	13.49	150149657	2006361728.00
2018/02/06	13.29	13.50	13.20	13.48	244358992	3270199296.00
2018/02/07	13.58	13.90	13.24	13.45	200770115	2720519680.00
2018/02/08	13.34	13.40	12.95	13.10	109426872	1438198784.00
2018/02/09	12.89	12.98	12.24	12.78	149257356	1877264384.00
2018/02/12	12.66	12.68	12.43	12.49	64799197	811027712.00
2018/02/13	12.55	12.68	12.50	12.51	54900214	690054144.00
2018/02/14	12.50	12.55	12.38	12.46	32597811	406060192.00
2018/02/22	12.60	12.68	12.53	12.63	42012285	529856480.00
2018/02/23	12.66	12.78	12.59	12.72	38736515	491768416.00
2018/02/26	12.77	12.84	12.61	12.73	48806055	620261056.00
2018/02/27	12.75	12.76	12.61	12.69	48561087	615622144.00
2018/02/28	12.61	12.66	12.44	12.46	39888938	499258848.00
2018/03/01	12.40	12.50	12.38	12.47	34491031	429574080.00
2018/03/02	12.40	12.46	12.36	12.41	23024132	285473120.00
2018/03/05	12.41	12.48	12.34	12.42	29343464	363849696.00
2018/03/06	12.48	12.51	12.38	12.49	27222668	339015168.00
2018/03/07	12.51	12.60	12.46	12.49	38817575	487036832.00
2018/03/08	12.55	12.55	12.40	12.47	22164132	276013920.00
2018/03/09	12.49	12.51	12.42	12.48	23558287	293550912.00
2018/03/12	12.53	12.54	12.46	12.50	25161821	314544064.00
2018/03/13	12.50	12.58	12.43	12.49	25145000	314545344.00
2018/03/14	12.45	12.45	12.38	12.39	22804603	282970080.00
2018/03/15	12.35	12.41	12.34	12.39	17287774	213972096.00
2018/03/16	12.36	12.40	12.30	12.30	26781399	330778432.00
2018/03/19	12.31	12.33	12.26	12.31	16896048	207819312.00
2018/03/20	12.28	12.39	12.25	12.32	20672283	254187840.00
2018/03/21	12.34	12.40	12.28	12.29	23878465	294872224.00
2018/03/22	12.35	12.35	12.25	12.25	22948484	281975040.00
2018/03/23	12.00	12.06	11.64	11.71	57106391	676679680.00
2018/03/26	11.71	11.75	11.50	11.61	36425054	422233472.00
2018/03/27	11.70	11.77	11.56	11.62	27332809	318586656.00
2018/03/28	11.53	11.75	11.52	11.57	22911282	266121472.00
2018/03/29	11.57	11.71	11.45	11.62	33108805	383064992.00
2018/03/30	11.63	11.69	11.61	11.65	23271965	270987712.00
2018/04/02	11.68	11.82	11.65	11.71	27719599	325667584.00
2018/04/03	11.66	11.67	11.54	11.56	18303514	211906880.00
2018/04/04	11.61	11.65	11.53	11.53	19637509	227689712.00
2018/04/09	11.53	11.59	11.49	11.50	16722481	192709504.00
2018/04/10	11.52	11.79	11.51	11.77	28748298	336076800.00
2018/04/11	11.79	12.02	11.75	11.91	31298519	372471264.00
2018/04/12	11.91	11.96	11.76	11.78	18824289	222769472.00
2018/04/13	11.83	11.89	11.69	11.69	14094853	166015520.00
2018/04/16	11.80	11.80	11.54	11.55	23720095	275070688.00
2018/04/17	11.56	11.70	11.55	11.55	25469983	296234016.00
2018/04/18	11.75	11.79	11.66	11.73	26295275	308485472.00
2018/04/19	11.80	11.89	11.76	11.80	16553270	195771184.00
2018/04/20	11.74	11.79	11.57	11.61	18377407	213965168.00
2018/04/23	11.56	11.75	11.53	11.60	18181610	211046464.00
2018/04/24	11.56	11.78	11.56	11.78	23032861	269871840.00
2018/04/25	11.71	11.77	11.65	11.66	16082634	188149248.00
数据来源:通达信
