600066 宇通客车 日线 不复权
      日期	    开盘	    最高	    最低	    收盘	    成交量	    成交额
2017/03/27	21.59	21.88	21.50	21.52	18920691	410413088.00
2017/03/28	21.42	21.42	20.89	21.12	21246246	448440448.00
2017/03/29	21.14	21.27	20.94	21.08	13458741	284043072.00
2017/03/30	21.02	21.24	20.96	21.14	9874628	208484128.00
2017/03/31	21.19	21.51	21.06	21.48	16322556	348679104.00
2017/04/05	21.51	21.77	21.40	21.69	18664122	403566720.00
2017/04/06	21.69	21.70	21.47	21.62	12509299	269826592.00
2017/04/07	21.62	21.72	21.50	21.56	11956425	258726560.00
2017/04/10	21.55	21.62	21.37	21.44	9794008	210522848.00
2017/04/11	21.42	21.52	21.13	21.49	12924229	275071584.00
2017/04/12	21.53	21.53	21.18	21.37	9329333	198728480.00
2017/04/13	21.34	21.43	21.25	21.39	7000570	149508032.00
2017/04/14	21.40	21.44	21.12	21.21	7578228	160905008.00
2017/04/17	21.19	21.35	21.06	21.29	6653946	141269632.00
2017/04/18	21.29	21.65	21.21	21.48	12387588	266494896.00
2017/04/19	21.48	21.64	21.38	21.48	12202281	262523952.00
2017/04/20	21.35	21.35	20.22	20.41	47007018	969937856.00
2017/04/21	20.11	20.64	19.85	20.59	19331783	391372960.00
2017/04/24	20.40	20.67	20.12	20.64	17097598	348905888.00
2017/04/25	20.60	20.68	20.45	20.50	6948655	142861536.00
2017/04/26	20.60	20.65	20.36	20.43	11006995	225104288.00
2017/04/27	20.43	20.53	20.29	20.40	7641968	155721392.00
2017/04/28	20.36	20.41	19.94	20.14	11302976	226951408.00
2017/05/02	19.96	20.07	19.90	19.94	7764608	154914336.00
2017/05/03	19.90	20.05	19.81	19.92	6658663	132887264.00
2017/05/04	19.97	20.00	19.82	19.90	7928574	157781424.00
2017/05/05	19.43	19.80	18.68	19.70	26098729	502893472.00
2017/05/08	19.48	19.81	19.20	19.79	17351316	339079264.00
2017/05/09	19.59	19.60	19.20	19.23	11019907	213152256.00
2017/05/10	19.23	19.37	19.00	19.21	12107012	232390240.00
2017/05/11	19.17	19.60	19.02	19.45	9471154	183179904.00
2017/05/12	19.43	19.58	19.22	19.35	5435084	105503552.00
2017/05/15	19.36	19.86	19.34	19.78	8549627	168241712.00
2017/05/16	19.82	19.92	19.70	19.92	6228431	123274264.00
2017/05/17	19.93	20.00	19.74	19.81	5397012	107247504.00
2017/05/18	19.70	19.70	19.40	19.59	7730304	151105472.00
2017/05/19	19.45	19.59	19.33	19.41	8101494	157177552.00
2017/05/22	19.39	19.62	19.22	19.59	10648275	206337776.00
2017/05/23	19.49	20.00	19.42	19.95	14150152	280368096.00
2017/05/24	19.95	20.07	19.75	20.05	7653772	152418160.00
2017/05/25	20.00	20.06	19.75	19.94	7570754	150646512.00
2017/05/26	19.94	20.25	19.85	20.10	9696359	194749616.00
2017/05/31	20.12	20.45	20.12	20.39	7993600	162016720.00
2017/06/01	20.39	20.70	20.31	20.66	13483471	277311808.00
2017/06/02	20.52	20.71	20.38	20.51	9535460	195859264.00
2017/06/05	20.50	20.70	20.42	20.53	7275988	149920336.00
2017/06/06	20.59	20.81	20.52	20.80	9382503	194060624.00
2017/06/07	20.60	21.23	20.55	21.22	21054594	442000544.00
2017/06/08	21.21	21.62	21.08	21.51	15121881	325214720.00
2017/06/09	21.50	21.99	21.50	21.67	14255196	310286496.00
2017/06/12	21.75	23.06	21.75	22.87	39772714	902581760.00
2017/06/13	22.94	23.08	22.70	23.05	28141928	646345664.00
2017/06/14	22.15	22.17	21.46	21.88	24073825	528668320.00
2017/06/15	21.88	21.98	21.00	21.26	18092492	387413664.00
2017/06/16	21.26	21.28	20.92	21.05	10883363	229261760.00
2017/06/19	21.05	21.54	21.05	21.28	12099490	257677760.00
2017/06/20	21.40	21.45	20.66	20.88	15795369	330355744.00
2017/06/21	21.08	21.31	20.68	21.28	15844905	332630016.00
2017/06/22	21.33	21.47	21.17	21.38	13426106	286337984.00
2017/06/23	21.25	21.47	21.03	21.43	12800439	272586240.00
2017/06/26	21.50	22.42	21.50	21.91	24723888	544745664.00
2017/06/27	22.00	22.07	21.72	21.85	13664231	299143456.00
2017/06/28	21.60	22.04	21.52	21.55	11657977	253468080.00
2017/06/29	21.68	21.87	21.50	21.86	6462400	139895088.00
2017/06/30	21.80	22.06	21.56	21.97	7366948	161291376.00
2017/07/03	22.20	22.25	21.88	22.07	8469411	187307632.00
2017/07/04	22.06	22.13	21.67	21.97	7688516	168534640.00
2017/07/05	21.75	21.85	21.63	21.76	9606652	208978496.00
2017/07/06	21.77	22.09	21.75	21.95	13108125	287868096.00
2017/07/07	21.83	22.22	21.83	22.06	11219305	247325344.00
2017/07/10	22.14	22.29	21.74	22.06	7923221	174314208.00
2017/07/11	22.00	22.10	21.76	21.84	9245801	202671072.00
2017/07/12	21.84	22.00	21.31	21.47	11492785	248324384.00
2017/07/13	21.46	21.56	21.23	21.30	10191078	217631392.00
2017/07/14	21.30	21.74	21.28	21.68	6705221	144268512.00
2017/07/17	21.58	21.88	21.16	21.68	12088812	259813040.00
2017/07/18	21.66	22.04	21.54	21.82	11644877	253920160.00
2017/07/19	21.81	21.88	21.40	21.54	16065476	347130624.00
2017/07/20	21.50	22.19	21.33	22.16	20271407	444528384.00
2017/07/21	22.15	23.20	22.02	23.08	28305033	646226240.00
2017/07/24	23.01	23.09	22.63	22.79	10618104	243026656.00
2017/07/25	22.78	23.05	22.53	22.64	10846163	247103824.00
2017/07/26	22.74	22.80	22.18	22.58	10964631	246843328.00
2017/07/27	22.45	22.67	22.26	22.59	9549241	214118304.00
2017/07/28	22.57	22.57	22.10	22.13	7323159	162668208.00
2017/07/31	22.14	22.44	22.02	22.11	7139169	158332960.00
2017/08/01	22.16	22.49	22.08	22.24	7768739	172808480.00
2017/08/02	22.28	22.36	21.97	22.08	6864580	151619664.00
2017/08/03	22.00	22.09	21.66	21.83	8093319	176808576.00
2017/08/04	21.76	22.07	21.48	22.06	9347223	203807392.00
2017/08/07	22.07	22.10	21.70	22.00	6309438	138357168.00
2017/08/08	22.00	22.09	21.57	21.74	7518319	164323712.00
2017/08/09	21.75	21.97	21.60	21.80	4885596	106480080.00
2017/08/10	21.83	22.30	21.41	22.27	8887277	194891088.00
2017/08/11	22.05	22.28	21.74	22.27	11159896	246042176.00
2017/08/14	22.10	22.27	22.07	22.12	6890094	152709568.00
2017/08/15	22.18	22.56	22.01	22.05	7827666	174423344.00
2017/08/16	22.03	22.05	21.70	21.75	5381631	117229776.00
2017/08/17	21.83	21.91	21.59	21.72	6236022	135327616.00
2017/08/18	21.69	22.01	21.61	21.90	3342995	73099408.00
2017/08/21	21.90	22.01	21.70	21.81	3191696	69734456.00
2017/08/22	21.78	21.89	21.51	21.52	5851012	126512024.00
2017/08/23	21.52	21.62	21.10	21.39	6749798	143956400.00
2017/08/24	21.34	21.52	20.84	20.86	9621373	202896816.00
2017/08/25	20.87	21.05	20.70	20.92	7733023	161322928.00
2017/08/28	20.93	21.17	20.89	21.00	7304738	153314368.00
2017/08/29	21.15	21.65	21.02	21.40	14256356	305381248.00
2017/08/30	21.39	21.64	21.16	21.24	6266670	133425760.00
2017/08/31	21.20	21.20	20.30	20.78	23454905	484476576.00
2017/09/01	20.66	21.06	20.58	21.00	10465397	218271312.00
2017/09/04	20.99	21.08	20.76	21.05	6253097	131069024.00
2017/09/05	21.10	21.32	21.00	21.28	7285515	154615440.00
2017/09/06	21.28	21.31	20.99	21.30	8382210	176842912.00
2017/09/07	21.26	21.48	21.26	21.31	7602516	162436784.00
2017/09/08	21.33	21.49	21.09	21.12	5919912	125791112.00
2017/09/11	21.34	22.00	21.33	21.51	20375308	442161408.00
2017/09/12	21.51	23.05	21.51	22.53	34463222	774914880.00
2017/09/13	22.40	22.51	22.12	22.19	11590623	258109376.00
2017/09/14	22.31	22.60	21.86	21.95	14223629	313902112.00
2017/09/15	21.92	22.23	21.70	22.03	8927007	195387088.00
2017/09/18	22.00	23.42	21.89	23.02	31366619	722682688.00
2017/09/19	23.22	23.29	22.56	23.10	26367365	605428544.00
2017/09/20	22.93	24.44	22.68	23.77	36545848	865787520.00
2017/09/21	23.75	24.20	23.22	23.44	24610495	583294720.00
2017/09/22	23.33	23.88	23.15	23.68	14776708	347886240.00
2017/09/25	23.51	23.89	22.96	23.82	16991394	399598240.00
2017/09/26	23.61	23.97	23.40	23.56	12090017	286184544.00
2017/09/27	23.40	24.50	23.35	24.13	19063994	460259072.00
2017/09/28	24.14	25.20	23.98	24.54	26097336	645421632.00
2017/09/29	24.65	24.87	24.20	24.60	15687013	384468416.00
2017/10/09	24.92	26.06	24.71	25.21	23913173	606132992.00
2017/10/10	25.20	25.41	24.23	24.85	28692809	710161536.00
2017/10/11	24.38	25.20	24.38	24.83	16480152	408550144.00
2017/10/12	24.69	25.25	24.61	25.22	12274154	306441536.00
2017/10/13	25.27	25.29	24.90	24.92	8953951	224530576.00
2017/10/16	24.83	24.97	24.20	24.84	14691978	362057376.00
2017/10/17	24.60	25.10	24.44	24.90	9498201	235457360.00
2017/10/18	24.90	25.75	24.83	25.63	13707555	349116736.00
2017/10/19	25.58	25.85	25.03	25.82	13970752	355267200.00
2017/10/20	25.68	25.88	25.38	25.48	7657696	196318416.00
2017/10/23	25.50	25.50	23.91	24.08	24739185	607029248.00
2017/10/24	24.08	25.35	24.08	25.32	28151914	696941760.00
2017/10/25	25.27	25.30	24.83	25.04	13295359	333058912.00
2017/10/26	25.00	26.04	24.95	25.31	20945119	536101248.00
2017/10/27	25.36	25.68	25.02	25.09	10627959	268489440.00
2017/10/30	25.13	25.33	24.43	25.25	11765262	294972672.00
2017/10/31	25.38	25.47	24.80	25.44	9549235	240610256.00
2017/11/01	25.61	25.67	24.44	24.73	20112058	500085632.00
2017/11/02	24.60	24.85	23.90	24.73	11518882	281010528.00
2017/11/03	24.61	24.88	24.25	24.84	9439981	232086768.00
2017/11/06	24.79	25.13	24.55	24.88	10874136	269638560.00
2017/11/07	24.82	25.44	24.40	24.67	23959308	595456960.00
2017/11/08	24.48	25.05	24.25	24.64	23248779	573358144.00
2017/11/09	24.66	25.70	24.66	25.66	25524196	643262976.00
2017/11/10	25.69	26.74	25.66	26.35	29586347	780574016.00
2017/11/13	26.33	27.26	26.33	26.74	21714509	582000192.00
2017/11/14	27.03	27.22	26.36	26.55	13652420	365057344.00
2017/11/15	26.27	26.27	24.39	24.64	45453567	1124951296.00
2017/11/16	24.66	24.78	23.66	24.30	35791777	862710912.00
2017/11/17	24.00	25.09	24.00	25.06	24706933	607327168.00
2017/11/20	24.94	25.17	24.26	24.60	21982003	541082112.00
2017/11/21	24.55	25.27	24.53	24.76	15847432	393045120.00
2017/11/22	24.61	24.77	24.18	24.40	15159885	371356032.00
2017/11/23	24.28	24.57	23.34	23.66	16755518	397986496.00
2017/11/24	23.59	23.79	23.06	23.70	11836677	279404480.00
2017/11/27	23.25	23.90	23.25	23.74	13938600	329901440.00
2017/11/28	23.28	23.77	23.28	23.52	10322895	242925888.00
2017/11/29	23.38	23.90	23.07	23.79	19720679	463474112.00
2017/11/30	23.36	23.95	23.36	23.79	10918530	259360832.00
2017/12/01	23.80	24.09	23.40	23.78	13678011	322882432.00
2017/12/04	23.61	23.75	22.73	23.38	17978255	416379904.00
2017/12/05	23.17	23.98	22.91	23.71	32618744	768677056.00
2017/12/06	23.65	23.88	23.11	23.59	10262725	241531920.00
2017/12/07	23.41	23.52	22.80	22.82	12875338	296811424.00
2017/12/08	22.82	23.12	22.20	22.41	15634205	352289856.00
2017/12/11	22.35	23.36	22.34	23.35	17476364	401208032.00
2017/12/12	23.38	23.73	23.31	23.34	11463633	269550112.00
2017/12/13	23.31	24.27	23.30	24.03	15614555	374132608.00
2017/12/14	24.27	24.27	23.81	23.99	7638204	183208528.00
2017/12/15	23.82	24.00	23.58	23.59	8949642	212546272.00
2017/12/18	23.56	23.93	23.40	23.59	5955228	141065536.00
2017/12/19	23.62	23.62	22.90	23.33	9795564	227200160.00
2017/12/20	23.20	23.49	23.02	23.40	6676214	155356800.00
2017/12/21	23.23	23.55	23.00	23.22	7646030	177932416.00
2017/12/22	23.12	23.43	23.12	23.25	5736037	133567128.00
2017/12/25	23.35	23.66	23.01	23.12	7946017	185613488.00
2017/12/26	23.06	23.65	23.02	23.58	7459869	173750672.00
2017/12/27	23.50	24.69	23.45	23.99	18009961	433231584.00
2017/12/28	24.20	24.35	23.63	23.97	14191919	340290496.00
2017/12/29	24.01	24.18	23.70	24.07	9466155	226903232.00
2018/01/02	24.25	24.54	23.89	24.18	15005054	364110944.00
2018/01/03	24.10	25.50	24.00	25.36	22102822	554183680.00
2018/01/04	25.36	25.78	24.91	24.98	17387487	437332832.00
2018/01/05	24.98	24.98	24.20	24.39	22818408	557635392.00
2018/01/08	24.42	24.97	24.14	24.23	17711823	432877984.00
2018/01/09	24.32	24.47	23.93	23.96	16333304	393432832.00
2018/01/10	23.97	24.09	23.56	23.60	14868927	353863872.00
2018/01/11	23.60	23.74	23.06	23.28	15497572	361144192.00
2018/01/12	23.30	23.99	23.21	23.78	16165214	383900768.00
2018/01/15	23.80	23.95	23.38	23.45	13497905	319644608.00
2018/01/16	23.42	23.54	22.85	23.04	21361413	493453984.00
2018/01/17	23.09	23.09	22.56	22.69	15538100	353920480.00
2018/01/18	22.79	22.91	22.54	22.61	16898776	382791264.00
2018/01/19	22.55	22.96	22.42	22.81	15114695	343914048.00
2018/01/22	22.83	23.55	22.83	23.36	13970379	325162496.00
2018/01/23	23.42	23.66	23.25	23.32	13443844	316121600.00
2018/01/24	23.40	23.43	22.92	23.08	18176234	418840640.00
2018/01/25	22.90	22.97	22.62	22.70	21987647	499589728.00
2018/01/26	22.69	22.86	22.52	22.82	8960698	203723152.00
2018/01/29	22.73	22.89	21.95	22.20	16942875	379758272.00
2018/01/30	22.10	22.34	21.97	22.02	13354450	295351296.00
2018/01/31	22.04	22.18	21.28	21.92	16800268	365589824.00
2018/02/01	21.98	22.30	21.59	22.28	14212985	311859520.00
2018/02/02	22.23	22.66	21.94	22.40	10183337	228331104.00
2018/02/05	22.20	22.33	21.88	22.00	10156648	223753808.00
2018/02/06	21.60	22.10	21.55	21.97	22562459	494052032.00
2018/02/07	22.15	22.76	22.00	22.05	18252624	410502560.00
2018/02/08	22.15	23.08	21.98	22.85	23654040	539860416.00
2018/02/09	22.55	22.96	22.00	22.88	27150204	614449344.00
2018/02/12	22.95	23.80	22.95	23.78	23570688	554599232.00
2018/02/13	23.72	24.68	23.72	23.77	20588922	497331904.00
2018/02/14	24.11	24.41	23.51	23.95	18248787	437100544.00
2018/02/22	23.94	24.27	23.70	24.00	10018986	240262080.00
2018/02/23	23.66	23.66	23.11	23.30	15233675	355606112.00
2018/02/26	23.50	23.68	22.96	23.58	18191343	425501216.00
2018/02/27	23.61	23.70	23.01	23.57	14459304	336782880.00
2018/02/28	23.27	23.54	23.09	23.20	10984416	255384656.00
2018/03/01	23.00	23.43	22.98	23.29	6957091	161953232.00
2018/03/02	23.21	23.49	22.82	23.45	10924096	252845648.00
2018/03/05	23.24	23.60	23.17	23.52	9173404	215142864.00
2018/03/06	23.65	23.84	23.55	23.78	12128515	287647712.00
2018/03/07	23.98	24.42	23.68	24.02	16873643	406573056.00
2018/03/08	24.12	24.23	23.85	24.01	6955065	167387648.00
2018/03/09	24.10	24.30	24.00	24.18	9969730	240783328.00
2018/03/12	24.18	24.62	24.09	24.18	11414839	278017984.00
2018/03/13	24.15	24.62	23.72	24.18	13602134	328748096.00
2018/03/14	24.19	24.20	23.61	23.68	8763667	208585424.00
2018/03/15	23.50	24.07	23.50	23.69	7150717	170065040.00
2018/03/16	23.68	23.87	23.42	23.54	7100132	167452112.00
2018/03/19	23.54	23.59	23.20	23.28	8885605	207826704.00
2018/03/20	23.23	23.53	23.12	23.39	5830772	136002816.00
2018/03/21	23.39	23.49	22.61	22.88	16061125	368777664.00
2018/03/22	22.85	23.05	22.50	22.90	8746326	199283328.00
2018/03/23	22.45	22.85	22.00	22.43	11561433	259305264.00
2018/03/26	22.44	23.03	22.10	23.02	10168524	231028032.00
2018/03/27	23.35	23.35	22.82	23.06	9678908	222200016.00
2018/03/28	22.89	22.95	22.33	22.46	13112147	295565312.00
2018/03/29	22.40	22.68	22.02	22.53	6886170	153958304.00
2018/03/30	22.62	22.67	22.29	22.36	7353902	164674096.00
2018/04/02	22.16	22.54	21.56	21.67	14889438	327419744.00
2018/04/03	20.91	21.79	20.65	21.33	19543257	415704768.00
2018/04/04	21.53	22.06	21.43	21.90	10538058	230170880.00
2018/04/09	21.69	22.10	21.56	21.90	8378619	183277152.00
2018/04/10	21.80	22.35	21.80	22.13	7601094	168021664.00
2018/04/11	22.09	22.25	21.94	22.15	5273783	116701832.00
2018/04/12	22.22	22.49	22.06	22.41	10660911	238601600.00
2018/04/13	22.50	22.50	22.20	22.36	7610706	170067680.00
2018/04/16	22.36	22.57	22.16	22.42	8539483	191483248.00
2018/04/17	22.50	22.61	21.91	22.11	7329422	163554992.00
2018/04/18	21.84	22.25	20.70	21.24	23946887	508664000.00
2018/04/19	21.24	21.85	20.90	21.65	11400393	245805776.00
2018/04/20	21.50	22.21	21.13	21.28	14688550	321250784.00
2018/04/23	21.75	22.10	21.08	21.54	15678254	340622304.00
2018/04/24	21.50	21.84	21.32	21.73	14285869	309273472.00
2018/04/25	21.45	21.64	20.96	21.09	15868795	335821696.00
数据来源:通达信
