600082 海泰发展 日线 不复权
      日期	    开盘	    最高	    最低	    收盘	    成交量	    成交额
2017/03/27	8.20	8.29	8.07	8.11	7103866	57666956.00
2017/03/28	8.10	8.15	8.01	8.07	5194912	41914192.00
2017/03/29	8.09	8.09	7.87	7.87	8840100	70378664.00
2017/03/30	7.76	7.81	7.38	7.48	16273295	123039024.00
2017/03/31	7.46	7.79	7.45	7.57	8119391	61616380.00
2017/04/05	8.29	8.29	7.86	7.98	19070778	153147792.00
2017/04/06	7.95	7.95	7.81	7.88	11558300	90916240.00
2017/04/07	7.87	8.23	7.68	8.18	21350654	170472432.00
2017/04/10	8.06	8.64	7.95	8.09	49348579	404724960.00
2017/04/11	7.98	8.46	7.94	8.39	41370314	341338688.00
2017/04/12	8.25	8.30	8.00	8.00	24822813	201722816.00
2017/04/13	8.00	8.50	7.94	8.41	23501505	193947632.00
2017/04/14	8.46	8.48	8.12	8.20	20838403	171966784.00
2017/04/17	8.06	8.20	7.91	7.96	12803160	102577360.00
2017/04/18	8.03	8.17	7.91	7.93	9318751	74811488.00
2017/04/19	7.81	7.86	7.48	7.66	16509772	126385264.00
2017/04/20	7.61	7.73	7.20	7.31	12877608	96264312.00
2017/04/21	7.36	7.44	7.25	7.32	5987320	43854024.00
2017/04/24	7.33	7.36	6.84	6.85	9553405	66588892.00
2017/04/25	6.91	7.05	6.80	6.91	8967041	62218988.00
2017/04/26	6.93	7.06	6.86	7.01	8526938	59517536.00
2017/04/27	7.01	7.07	6.66	7.06	13592424	93256048.00
2017/04/28	6.95	7.12	6.95	7.01	5814101	40873960.00
2017/05/02	7.06	7.13	6.95	7.03	5473070	38575144.00
2017/05/03	7.03	7.08	6.84	6.91	5813302	40295544.00
2017/05/04	7.00	7.30	6.85	7.08	10669302	76155160.00
2017/05/05	6.98	7.01	6.80	6.81	8039922	55448492.00
2017/05/08	6.72	6.79	6.45	6.47	7231400	47901744.00
2017/05/09	6.44	6.55	6.29	6.45	5438771	34901440.00
2017/05/10	6.47	6.52	6.38	6.40	5848401	37653548.00
2017/05/11	6.34	6.35	5.92	6.16	8508068	52186044.00
2017/05/12	6.15	6.21	6.05	6.14	3901794	23917160.00
2017/05/15	6.20	6.22	6.10	6.13	3634900	22377836.00
2017/05/16	6.13	6.45	6.02	6.39	8710100	55031992.00
2017/05/17	6.40	6.69	6.38	6.60	11171198	73346768.00
2017/05/18	6.52	6.58	6.41	6.45	5580701	36246340.00
2017/05/19	6.48	6.53	6.30	6.35	4842321	30877062.00
2017/05/22	6.38	6.38	6.05	6.10	5862348	36326688.00
2017/05/23	6.04	6.14	5.88	5.89	4845200	29165814.00
2017/05/24	5.89	5.99	5.72	5.99	3550402	20894208.00
2017/05/25	5.99	6.10	5.90	6.09	3795801	22882032.00
2017/05/26	6.08	6.13	6.03	6.09	3228800	19659866.00
2017/05/31	6.19	6.19	6.00	6.02	3822900	23298128.00
2017/06/01	6.02	6.08	5.84	5.86	3861100	23012592.00
2017/06/02	5.86	6.00	5.81	5.98	3675441	21795012.00
2017/06/05	5.98	6.58	5.96	6.58	12108585	76433088.00
2017/06/06	6.67	6.69	6.37	6.45	9393000	60983416.00
2017/06/07	6.47	6.92	6.47	6.65	11530001	77545952.00
2017/06/08	6.65	6.78	6.56	6.66	6539500	43429952.00
2017/06/09	6.66	6.75	6.59	6.62	4791001	31948952.00
2017/06/12	6.61	6.61	6.45	6.45	5208561	33818484.00
2017/06/13	6.45	6.58	6.45	6.56	3501000	22887584.00
2017/06/14	6.52	6.66	6.46	6.65	3806397	24974456.00
2017/06/15	6.62	6.77	6.60	6.72	5059200	33817348.00
2017/06/16	6.78	6.78	6.59	6.66	4057369	27112658.00
2017/06/19	6.62	6.71	6.61	6.67	2797601	18625736.00
2017/06/20	6.67	6.70	6.58	6.61	2871411	19085316.00
2017/06/21	6.60	6.66	6.51	6.56	3436062	22563860.00
2017/06/22	6.58	6.63	6.30	6.31	4323701	28066112.00
2017/06/23	6.34	6.45	6.29	6.42	3972811	25335624.00
2017/06/26	6.40	6.48	6.39	6.46	2779416	17889148.00
2017/06/27	6.49	6.52	6.40	6.44	2345800	15120952.00
2017/06/28	6.43	6.46	6.24	6.28	4113700	26007482.00
2017/06/29	6.26	6.40	6.25	6.26	3501715	22043648.00
2017/06/30	6.23	6.35	6.23	6.34	2358624	14867490.00
2017/07/03	6.35	6.38	6.29	6.36	2159801	13673331.00
2017/07/04	6.37	6.39	6.30	6.36	2517500	15964294.00
2017/07/05	6.37	6.49	6.34	6.48	3505561	22543324.00
2017/07/06	6.47	6.49	6.32	6.42	3195604	20543958.00
2017/07/07	6.38	6.47	6.38	6.45	2216502	14257932.00
2017/07/10	6.44	6.56	6.39	6.47	4657274	30161332.00
2017/07/11	6.44	6.45	6.24	6.26	5246201	33232264.00
2017/07/12	6.26	6.32	6.12	6.22	3246443	20127482.00
2017/07/13	6.20	6.25	6.13	6.17	3695901	22806294.00
2017/07/14	6.19	6.19	6.06	6.12	3578244	21876394.00
2017/07/17	6.11	6.14	5.70	5.81	5297807	31213660.00
2017/07/18	5.83	5.89	5.75	5.88	3020800	17613524.00
2017/07/19	5.81	5.92	5.81	5.90	4142200	24321888.00
2017/07/20	5.90	6.19	5.84	6.04	7754056	46571352.00
2017/07/21	6.01	6.06	5.95	5.97	3751800	22518644.00
2017/07/24	5.96	5.96	5.86	5.94	3417845	20227672.00
2017/07/25	5.94	6.04	5.93	5.97	3798421	22694422.00
2017/07/26	6.01	6.01	5.89	5.92	3078900	18230108.00
2017/07/27	5.92	6.04	5.89	6.02	4285896	25610848.00
2017/07/28	5.99	6.09	5.96	6.00	3022802	18149288.00
2017/07/31	6.01	6.02	5.90	5.95	5491960	32628492.00
2017/08/01	5.86	5.93	5.82	5.92	5197001	30493636.00
2017/08/02	5.90	5.90	5.80	5.80	4671053	27275272.00
2017/08/03	5.80	5.89	5.80	5.86	3259713	19020438.00
2017/08/04	5.83	5.91	5.82	5.85	3602875	21093336.00
2017/08/07	5.85	5.99	5.83	5.93	5168472	30598760.00
2017/08/08	5.93	5.98	5.87	5.92	3014102	17799724.00
2017/08/09	5.94	6.04	5.88	5.99	5188503	30975148.00
2017/08/10	5.97	6.08	5.91	5.95	4413704	26464736.00
2017/08/11	5.94	5.94	5.82	5.84	3711313	21806662.00
2017/08/14	5.83	5.89	5.77	5.88	2989890	17481286.00
2017/08/15	5.86	5.90	5.84	5.89	2573402	15086708.00
2017/08/16	5.88	6.00	5.85	5.94	4063472	24126814.00
2017/08/17	5.99	6.19	5.96	6.07	9485788	57642736.00
2017/08/18	6.00	6.25	5.90	6.17	19291573	116394328.00
2017/08/21	6.16	6.79	6.08	6.47	21465753	137543008.00
2017/08/22	6.31	6.41	6.25	6.29	13964002	88354336.00
2017/08/23	6.26	6.33	6.16	6.17	7277246	45323296.00
2017/08/24	6.20	6.58	6.09	6.41	13483512	85162344.00
2017/08/25	6.34	6.42	6.27	6.36	7386314	46916256.00
2017/08/28	6.39	6.41	6.30	6.34	6634254	42065128.00
2017/08/29	6.36	6.39	6.30	6.34	5424324	34428112.00
2017/08/30	6.32	6.42	6.31	6.33	5006703	31825252.00
2017/08/31	6.36	6.55	6.36	6.48	11842960	76648624.00
2017/09/01	6.47	6.50	6.41	6.47	5010533	32245856.00
2017/09/04	6.46	6.67	6.30	6.62	15144591	98985008.00
2017/09/05	6.59	6.67	6.53	6.59	7035916	46517320.00
2017/09/06	6.55	6.59	6.45	6.50	7015970	45599976.00
2017/09/07	6.48	6.53	6.37	6.38	7900102	50829616.00
2017/09/08	6.37	6.46	6.35	6.38	4799700	30698304.00
2017/09/11	6.38	6.48	6.36	6.46	4637581	29781556.00
2017/09/12	6.44	6.46	6.33	6.38	5525823	35351008.00
2017/09/13	6.38	6.45	6.33	6.42	3888601	24825196.00
2017/09/14	6.39	6.41	6.31	6.32	5591254	35518140.00
2017/09/15	6.31	6.37	6.30	6.35	3896106	24649056.00
2017/09/18	6.34	6.38	6.30	6.35	3702955	23455376.00
2017/09/19	6.35	6.50	6.32	6.40	6923901	44537012.00
2017/09/20	6.36	6.41	6.30	6.38	6291321	39951720.00
2017/09/21	6.36	6.38	6.27	6.28	4188106	26488044.00
2017/09/22	6.28	6.29	6.15	6.18	5005312	31035372.00
2017/09/25	6.20	6.21	6.03	6.05	3695110	22457448.00
2017/09/26	6.03	6.08	5.99	6.07	2755713	16632944.00
2017/09/27	6.05	6.15	6.05	6.11	2176605	13299520.00
2017/09/28	6.11	6.15	5.95	5.96	3191000	19251072.00
2017/09/29	5.97	6.01	5.92	5.97	4753107	28364096.00
2017/10/09	6.03	6.11	5.99	6.05	7926263	47923924.00
2017/10/10	6.03	6.11	5.98	6.10	4736666	28662228.00
2017/10/11	6.10	6.10	6.04	6.07	4291152	26028964.00
2017/10/12	6.08	6.12	6.00	6.05	3924301	23766880.00
2017/10/13	6.06	6.09	6.01	6.08	3919728	23735204.00
2017/10/16	6.09	6.13	5.91	5.94	5283543	31969988.00
2017/10/17	5.92	6.09	5.92	6.06	4318014	26005614.00
2017/10/18	6.07	6.08	5.96	5.98	2304411	13866131.00
2017/10/19	5.96	5.99	5.83	5.87	4840301	28572520.00
2017/10/20	5.87	6.06	5.82	6.05	5751611	34348900.00
2017/10/23	6.10	6.15	6.03	6.10	4698701	28706676.00
2017/10/24	6.09	6.09	6.00	6.04	3333901	20133360.00
2017/10/25	6.02	6.07	6.00	6.06	3058176	18469538.00
2017/10/26	6.04	6.11	6.04	6.07	3004400	18263364.00
2017/10/27	6.08	6.09	6.02	6.07	2461100	14887786.00
2017/10/30	6.04	6.06	5.78	5.91	5431918	32122000.00
2017/10/31	5.91	5.94	5.83	5.89	2797918	16489160.00
2017/11/01	5.87	5.93	5.84	5.87	2529854	14853235.00
2017/11/02	5.87	5.89	5.80	5.81	2911400	16994842.00
2017/11/03	5.80	5.86	5.64	5.85	6950414	39923228.00
2017/11/06	5.80	5.88	5.76	5.87	2548472	14844351.00
2017/11/07	5.87	5.87	5.74	5.77	3417897	19792416.00
2017/11/08	5.75	5.82	5.73	5.75	3596493	20722554.00
2017/11/09	5.75	5.82	5.71	5.75	3301280	19008168.00
2017/11/10	5.75	5.77	5.67	5.69	4894474	27910748.00
2017/11/13	5.68	5.69	5.49	5.51	6592311	36932208.00
2017/11/14	5.50	5.59	5.47	5.50	4239932	23374362.00
2017/11/15	5.53	5.53	5.44	5.46	3797800	20776904.00
2017/11/16	5.47	5.61	5.47	5.54	3807918	21104686.00
2017/11/17	5.57	5.64	5.43	5.44	4308786	23943936.00
2017/11/20	5.47	5.47	5.26	5.38	3462926	18530080.00
2017/11/21	5.38	5.42	5.28	5.31	3662911	19562010.00
2017/11/22	5.41	5.84	5.40	5.76	14250898	81443568.00
2017/11/23	5.68	5.78	5.60	5.68	6925874	39427880.00
2017/11/24	5.68	5.74	5.56	5.68	4601401	25932290.00
2017/11/27	5.69	5.73	5.55	5.64	2686057	15150790.00
2017/11/28	5.60	5.68	5.57	5.67	2497601	14044125.00
2017/11/29	5.66	5.69	5.49	5.67	3667441	20547020.00
2017/11/30	5.65	5.92	5.61	5.78	6836094	39741068.00
2017/12/01	5.81	5.82	5.68	5.80	3668694	21069708.00
2017/12/04	5.80	5.85	5.75	5.80	2712250	15764494.00
2017/12/18	6.36	6.38	6.01	6.38	15494053	97554616.00
2017/12/19	6.50	6.69	6.17	6.20	27014774	173478656.00
2017/12/20	6.12	6.35	6.11	6.29	12068648	75182376.00
2017/12/21	6.22	6.24	5.98	6.05	11576224	70306464.00
2017/12/22	6.08	6.10	5.80	5.87	7393867	44295564.00
2017/12/25	5.90	5.92	5.58	5.62	6920989	39769752.00
2017/12/26	5.65	5.75	5.56	5.70	5692126	32342910.00
2017/12/27	5.70	6.12	5.65	5.96	7759796	45964660.00
2017/12/28	5.91	6.06	5.85	5.94	5835388	34768384.00
2017/12/29	5.96	6.05	5.90	6.02	3293726	19721552.00
2018/01/02	6.02	6.07	5.96	6.02	2682867	16128741.00
2018/01/03	6.04	6.17	5.94	6.13	5214401	31606778.00
2018/01/04	6.08	6.08	5.96	6.04	4528066	27211180.00
2018/01/05	6.07	6.12	6.01	6.08	3832005	23256172.00
2018/01/08	6.08	6.12	6.00	6.01	3495654	21165664.00
2018/01/09	6.00	6.05	5.97	5.99	3379250	20312072.00
2018/01/10	5.96	6.07	5.85	6.04	5593508	33132976.00
2018/01/11	6.03	6.06	5.90	5.94	3021696	18050688.00
2018/01/12	5.95	6.20	5.93	6.09	8130819	49565296.00
2018/01/15	6.09	6.09	5.82	5.87	5408774	31993504.00
2018/01/16	5.88	5.94	5.82	5.93	3970801	23308522.00
2018/01/17	5.91	5.91	5.66	5.71	4471301	25616814.00
2018/01/18	5.70	5.76	5.68	5.71	2530067	14457671.00
2018/01/19	5.74	5.74	5.67	5.73	2491147	14201007.00
2018/01/22	5.71	5.72	5.58	5.68	1892910	10708987.00
2018/01/23	5.68	5.85	5.65	5.76	3369743	19361858.00
2018/01/24	5.74	5.86	5.70	5.76	2161001	12453872.00
2018/01/25	5.72	5.74	5.65	5.68	2390464	13614606.00
2018/01/26	5.70	5.75	5.66	5.68	1912700	10895447.00
2018/01/29	5.70	5.70	5.59	5.62	1895568	10666522.00
2018/01/30	5.65	5.74	5.64	5.71	2524400	14409704.00
2018/01/31	5.70	5.73	5.54	5.57	2578020	14481819.00
2018/02/01	5.56	5.64	5.04	5.20	7276026	38803400.00
2018/02/02	5.23	5.25	4.75	5.02	8206886	40603136.00
2018/02/05	4.95	5.10	4.88	4.98	3803708	19108060.00
2018/02/06	4.87	5.00	4.64	4.75	4662200	22509646.00
2018/02/07	4.82	4.91	4.40	4.81	5382200	25295604.00
2018/02/08	4.81	5.04	4.77	4.96	3944154	19479696.00
2018/02/09	4.87	5.04	4.78	4.84	3010300	14755418.00
2018/02/12	4.88	5.03	4.88	5.00	2597139	12945984.00
2018/02/13	5.00	5.25	5.00	5.15	2988749	15436201.00
2018/02/14	5.18	5.22	5.13	5.18	1342591	6944573.00
2018/02/22	5.20	5.27	5.16	5.21	2176250	11360836.00
2018/02/23	5.21	5.25	5.11	5.18	2416200	12503619.00
2018/02/26	5.18	5.26	5.17	5.23	2218196	11566872.00
2018/02/27	5.22	5.32	5.18	5.25	2186901	11504039.00
2018/02/28	5.22	5.28	5.19	5.23	2146421	11238828.00
2018/03/01	5.23	5.36	5.16	5.30	2621900	13825474.00
2018/03/02	5.25	5.40	5.23	5.37	3123602	16638351.00
2018/03/05	5.42	5.90	5.40	5.59	9583703	54416104.00
2018/03/06	5.52	5.71	5.51	5.60	4807800	26895308.00
2018/03/07	5.54	5.58	5.45	5.47	5116100	28163860.00
2018/03/08	5.48	5.60	5.44	5.49	2516301	13876864.00
2018/03/09	5.50	5.57	5.42	5.55	2703722	14877687.00
2018/03/12	5.54	5.68	5.51	5.67	4156647	23358900.00
2018/03/13	5.65	5.74	5.56	5.61	2503180	14094394.00
2018/03/14	5.59	5.68	5.55	5.60	2333901	13095365.00
2018/03/15	5.58	5.60	5.42	5.53	3417254	18873292.00
2018/03/16	5.52	5.78	5.46	5.71	7114499	40596464.00
2018/03/19	5.71	5.71	5.61	5.64	3533000	19967100.00
2018/03/20	5.65	5.65	5.54	5.60	2856402	15965897.00
2018/03/21	5.60	5.71	5.53	5.62	4642167	26204980.00
2018/03/22	5.63	5.97	5.60	5.78	7336251	42545564.00
2018/03/23	5.64	5.69	5.35	5.43	8825706	48536368.00
2018/03/26	5.36	5.70	5.22	5.66	6038013	33420154.00
2018/03/27	5.71	5.85	5.66	5.70	4654670	26740316.00
2018/03/28	5.65	5.73	5.57	5.65	3083865	17452700.00
2018/03/29	5.66	5.74	5.62	5.69	2548900	14459238.00
2018/03/30	5.72	5.72	5.64	5.67	2970100	16824096.00
2018/04/02	5.70	5.77	5.69	5.73	3565900	20434360.00
2018/04/03	5.65	5.67	5.53	5.57	3429952	19176668.00
2018/04/04	5.58	5.63	5.50	5.52	3013116	16737942.00
2018/04/09	5.47	5.47	5.30	5.34	3455002	18520732.00
2018/04/10	5.34	5.38	5.30	5.34	2004555	10698346.00
2018/04/11	5.41	5.42	5.31	5.33	2054168	11009599.00
2018/04/12	5.29	5.39	5.29	5.33	1624354	8686871.00
2018/04/13	5.37	5.55	5.31	5.37	2813742	15274325.00
2018/04/16	5.32	5.37	5.26	5.33	2319500	12322661.00
2018/04/17	5.35	5.36	5.18	5.21	2032100	10679509.00
2018/04/18	5.21	5.27	5.07	5.17	2407709	12421313.00
2018/04/19	5.16	5.21	5.11	5.16	1806801	9318163.00
2018/04/20	5.20	5.40	5.16	5.18	4353200	22986584.00
2018/04/23	5.18	5.18	5.04	5.10	2283700	11664273.00
2018/04/24	5.10	5.22	5.09	5.18	2288317	11830522.00
2018/04/25	5.15	5.26	5.13	5.22	2192500	11402327.00
数据来源:通达信
