600060 海信电器 日线 不复权
      日期	    开盘	    最高	    最低	    收盘	    成交量	    成交额
2017/03/27	18.48	18.68	18.36	18.38	25242788	467216224.00
2017/03/28	18.31	18.35	18.01	18.11	25914005	469345152.00
2017/03/29	18.15	18.15	17.97	18.02	18396994	332239328.00
2017/03/30	18.01	18.04	17.64	17.80	19118069	340984608.00
2017/03/31	17.78	18.18	17.75	18.09	16694087	300228416.00
2017/04/05	18.09	18.23	17.96	18.17	22824630	414209376.00
2017/04/07	18.18	18.24	17.81	17.91	23730599	426148576.00
2017/04/10	17.91	17.96	17.52	17.68	24075771	427356608.00
2017/04/11	17.66	17.82	17.47	17.77	18926220	334035680.00
2017/04/12	17.77	17.77	17.62	17.67	11742439	207469424.00
2017/04/13	17.66	17.85	17.58	17.63	15813659	280068608.00
2017/04/14	17.62	17.69	17.37	17.44	12902068	226319904.00
2017/04/17	17.41	17.50	17.26	17.48	12027296	208963328.00
2017/04/18	17.48	17.94	17.45	17.75	25801002	458731008.00
2017/04/19	17.77	17.91	17.61	17.88	21227981	377782240.00
2017/04/20	17.83	18.53	17.78	18.31	43585805	795913472.00
2017/04/21	18.24	18.32	18.00	18.26	22425050	407524096.00
2017/04/24	18.14	18.22	17.77	18.16	23571609	424800992.00
2017/04/25	18.09	18.36	17.96	18.27	18558557	337239552.00
2017/04/26	18.32	18.66	17.92	17.99	40374577	740932736.00
2017/04/27	17.76	17.76	17.10	17.43	32349759	563316032.00
2017/04/28	17.31	17.43	16.97	17.15	24580218	421790560.00
2017/05/02	15.44	15.79	15.44	15.44	39218500	606044224.00
2017/05/03	14.89	14.94	14.52	14.62	62981708	928951744.00
2017/05/04	14.63	14.73	14.41	14.57	33101265	482505216.00
2017/05/05	14.50	14.55	14.31	14.48	27229056	392383104.00
2017/05/08	14.41	14.56	14.16	14.52	33795945	484818240.00
2017/05/09	14.38	14.52	14.28	14.43	15886770	228916480.00
2017/05/10	14.48	14.48	13.99	14.00	18911207	269781024.00
2017/05/11	13.95	13.98	13.61	13.89	19568480	270823712.00
2017/05/12	13.90	14.00	13.85	13.91	11896319	165857648.00
2017/05/15	13.93	13.98	13.76	13.81	14318118	198165040.00
2017/05/16	13.81	14.24	13.63	14.21	20961647	291845504.00
2017/05/17	14.14	14.25	14.06	14.07	13523830	191199888.00
2017/05/18	13.95	14.05	13.86	13.88	12949531	180701744.00
2017/05/19	13.91	14.03	13.77	14.00	11890311	165415920.00
2017/05/22	14.00	14.03	13.85	13.85	12202313	169775712.00
2017/05/23	13.86	13.93	13.56	13.62	12468313	172042544.00
2017/05/24	13.60	13.93	13.33	13.89	20330203	278119584.00
2017/05/25	13.88	14.13	13.68	14.05	13730562	191454224.00
2017/05/26	14.03	14.08	13.98	14.01	7390718	103653616.00
2017/05/31	14.08	14.27	14.08	14.15	13748836	195030960.00
2017/06/01	14.16	14.16	13.76	13.83	11237680	157143440.00
2017/06/02	13.80	13.99	13.68	13.97	8256195	114287832.00
2017/06/05	13.98	14.17	13.96	14.13	8454043	119114888.00
2017/06/06	14.11	14.42	14.06	14.41	12539752	178633200.00
2017/06/07	14.41	14.56	14.32	14.50	13959687	201890864.00
2017/06/08	14.43	14.66	14.40	14.64	12461390	181482640.00
2017/06/09	14.63	14.65	14.48	14.60	10273224	149400848.00
2017/06/12	14.57	14.90	14.53	14.67	14777195	217886320.00
2017/06/13	14.62	14.74	14.45	14.65	10541620	153981808.00
2017/06/14	14.58	14.64	14.44	14.50	7935966	115183776.00
2017/06/15	14.56	14.56	14.41	14.54	8691217	126114552.00
2017/06/16	14.53	14.54	14.30	14.35	9361787	134874416.00
2017/06/19	14.35	14.91	14.32	14.83	20030355	294581024.00
2017/06/20	14.80	14.82	14.68	14.75	9603267	141552512.00
2017/06/21	14.72	15.17	14.72	15.13	17362203	259302560.00
2017/06/22	15.12	15.25	14.85	14.87	15748370	237311488.00
2017/06/23	14.83	15.09	14.77	15.03	12764200	190562736.00
2017/06/26	15.11	15.28	14.91	15.09	24469279	369433088.00
2017/06/27	15.06	15.23	15.01	15.11	12441699	187887024.00
2017/06/28	15.13	15.47	15.12	15.26	22413596	343739360.00
2017/06/29	15.23	15.28	15.00	15.18	13586572	205541184.00
2017/06/30	15.15	15.18	15.06	15.17	6956403	105160720.00
2017/07/03	15.16	15.16	14.93	15.04	12544833	188233664.00
2017/07/04	15.03	15.03	14.70	14.79	14554678	215872416.00
2017/07/05	14.78	14.97	14.72	14.91	8141576	121276480.00
2017/07/06	14.91	14.96	14.73	14.85	8765461	130019400.00
2017/07/07	14.84	14.85	14.72	14.80	8390213	124023440.00
2017/07/10	14.80	14.83	14.73	14.78	8292054	122483992.00
2017/07/11	14.75	15.02	14.74	14.87	12236492	182405552.00
2017/07/12	14.96	14.96	13.96	14.37	27950541	401893312.00
2017/07/13	14.25	14.38	14.22	14.32	9337352	133458200.00
2017/07/14	14.35	14.38	14.29	14.34	7363823	105558168.00
2017/07/17	14.38	14.41	13.89	13.99	15173764	213683584.00
2017/07/18	13.68	13.68	13.30	13.53	10458309	141019280.00
2017/07/19	13.53	13.68	13.45	13.67	11081377	150547680.00
2017/07/20	13.69	14.30	13.65	14.28	22333912	313221824.00
2017/07/21	14.25	14.34	14.12	14.27	12398482	176797920.00
2017/07/24	14.20	14.68	14.16	14.57	24365746	354366464.00
2017/07/25	14.55	14.79	14.42	14.48	13588864	198541216.00
2017/07/26	14.53	14.54	14.30	14.32	8166613	117396248.00
2017/07/27	14.32	14.41	14.14	14.27	10953526	156115264.00
2017/07/28	14.32	14.48	14.26	14.39	9424200	135548016.00
2017/07/31	14.40	14.54	14.30	14.39	12529746	180549776.00
2017/08/01	14.38	14.59	14.32	14.37	10542527	152192528.00
2017/08/02	14.35	14.40	13.95	14.00	16239100	229851984.00
2017/08/03	14.01	14.17	14.00	14.13	7409361	104430696.00
2017/08/04	14.11	14.17	13.89	13.90	10233514	143232544.00
2017/08/07	13.92	14.19	13.90	14.08	10393048	145941568.00
2017/08/08	14.11	14.12	13.97	14.06	10265438	144191744.00
2017/08/09	14.04	14.40	14.04	14.29	12203565	173457664.00
2017/08/10	14.26	14.37	14.08	14.25	11263083	160332256.00
2017/08/11	14.16	14.19	13.93	14.04	8960668	126225872.00
2017/08/14	14.06	14.30	14.05	14.27	7698437	109485904.00
2017/08/15	14.26	14.42	14.23	14.31	7141703	102309552.00
2017/08/16	14.29	14.30	14.17	14.26	6346437	90413088.00
2017/08/17	14.27	14.32	14.06	14.19	9614703	136088976.00
2017/08/18	13.98	14.67	13.94	14.63	30284661	437748960.00
2017/08/21	14.60	14.64	14.45	14.56	13354794	193817376.00
2017/08/22	14.54	14.72	14.48	14.62	16513415	241453408.00
2017/08/23	14.60	14.90	14.54	14.70	18417461	271666624.00
2017/08/24	14.70	14.70	14.43	14.51	8230812	119574200.00
2017/08/25	14.40	14.58	14.40	14.47	9173473	133079448.00
2017/08/28	14.48	14.58	14.35	14.55	14439122	209221440.00
2017/08/29	14.51	14.55	14.41	14.45	8480295	122863648.00
2017/08/30	14.46	14.62	14.43	14.54	13959486	202847936.00
2017/08/31	14.52	14.62	14.45	14.49	11193695	162801712.00
2017/09/01	14.55	14.61	14.46	14.50	8463402	122875856.00
2017/09/04	14.50	14.52	14.36	14.47	11068632	159775520.00
2017/09/05	14.47	14.53	14.35	14.52	12099544	174453008.00
2017/09/06	14.46	14.47	14.34	14.44	9469627	136331792.00
2017/09/07	14.45	14.46	14.36	14.38	8867265	127797224.00
2017/09/08	14.38	14.44	14.18	14.24	8230469	117557928.00
2017/09/11	14.25	14.28	14.11	14.23	9056399	128741176.00
2017/09/12	14.25	14.55	14.18	14.48	16547835	238344080.00
2017/09/13	14.41	14.51	14.32	14.34	9806228	141131312.00
2017/09/14	14.34	14.35	14.21	14.29	6039405	86208328.00
2017/09/15	14.27	14.57	14.25	14.49	15525442	224638112.00
2017/09/18	14.50	14.65	14.49	14.52	10154000	147892160.00
2017/09/19	14.56	14.76	14.51	14.66	17242036	253025680.00
2017/09/20	14.63	14.66	14.51	14.65	8389136	122438280.00
2017/09/21	14.77	15.36	14.70	15.28	35277512	532725312.00
2017/09/22	15.18	15.58	15.06	15.45	21184592	325361888.00
2017/09/25	15.46	15.57	15.20	15.43	16333827	251390144.00
2017/09/26	15.35	15.46	15.15	15.24	10445886	159472944.00
2017/09/27	15.24	15.76	15.20	15.57	13067437	203128560.00
2017/09/28	15.63	15.88	15.44	15.76	17296533	270896352.00
2017/09/29	15.72	15.80	15.55	15.71	9895434	155072672.00
2017/10/09	15.80	15.98	15.58	15.66	12468210	196495152.00
2017/10/10	15.60	15.74	15.39	15.46	11717565	181601920.00
2017/10/11	15.51	15.52	15.28	15.39	11351571	174735136.00
2017/10/12	15.47	15.78	15.36	15.44	13175777	205410800.00
2017/10/13	15.59	15.65	15.34	15.43	9402753	145076096.00
2017/10/16	15.30	15.56	14.90	14.99	11954071	182915360.00
2017/10/17	14.99	15.45	14.99	15.36	10665194	163011776.00
2017/10/18	15.39	15.95	15.36	15.57	20367058	320336736.00
2017/10/19	15.55	15.67	15.01	15.19	16544133	252658288.00
2017/10/20	15.19	15.48	15.04	15.38	8603710	131870176.00
2017/10/23	15.33	16.17	15.31	16.07	26576368	422044928.00
2017/10/24	15.97	16.42	15.88	16.05	16853522	272332096.00
2017/10/25	15.89	16.07	15.58	15.98	28176667	445708416.00
2017/10/26	15.90	16.36	15.79	15.87	19372823	311647488.00
2017/10/27	15.80	15.96	15.40	15.59	16583289	259673184.00
2017/10/30	15.49	15.62	14.99	15.11	18080515	274762528.00
2017/10/31	15.12	15.17	14.80	15.15	13787544	206790048.00
2017/11/01	15.08	15.10	14.66	14.68	20062717	298591328.00
2017/11/02	14.68	14.73	14.46	14.69	8996219	131443800.00
2017/11/03	14.66	14.70	14.40	14.42	10248568	149067952.00
2017/11/06	14.47	14.75	14.11	14.68	14780974	213307936.00
2017/11/07	14.67	15.00	14.56	14.94	14007853	207471184.00
2017/11/08	14.89	15.11	14.68	14.74	13563809	201896368.00
2017/11/09	14.69	15.06	14.44	15.00	20426119	300963008.00
2017/11/10	14.90	15.20	14.76	14.98	21640107	324712320.00
2017/11/13	15.00	16.00	14.95	15.94	38666845	602295936.00
2017/11/14	15.80	15.91	15.47	15.56	26014288	406285952.00
2017/11/15	15.95	16.26	15.51	15.63	45886895	727328448.00
2017/11/16	15.73	17.02	15.69	16.32	55901108	915169664.00
2017/11/17	16.20	16.69	16.00	16.13	34838367	569231936.00
2017/11/20	16.14	16.14	15.45	15.99	24913489	393385184.00
2017/11/21	15.95	16.36	15.86	16.27	33618052	542325952.00
2017/11/22	16.20	16.25	15.77	15.94	28864078	459768576.00
2017/11/23	15.82	15.82	14.96	14.99	27463446	421685632.00
2017/11/24	15.00	15.40	14.77	15.09	17988727	273026560.00
2017/11/27	14.98	15.38	14.78	14.86	13154368	198274336.00
2017/11/28	14.79	15.03	14.70	14.97	9640653	143437792.00
2017/11/29	15.00	15.16	14.74	15.12	12667175	189348960.00
2017/11/30	15.15	15.37	15.02	15.20	11069675	168448400.00
2017/12/01	15.19	15.24	14.94	14.98	10629743	159663328.00
2017/12/04	15.01	15.01	14.66	14.67	13565641	201068688.00
2017/12/05	14.67	14.87	14.50	14.72	13506019	198572224.00
2017/12/06	14.70	14.76	14.15	14.53	16157430	232766352.00
2017/12/07	14.42	14.42	14.08	14.20	14955872	213087040.00
2017/12/08	14.16	14.43	14.11	14.32	11776924	168166432.00
2017/12/11	14.35	14.55	14.25	14.53	12188518	175809424.00
2017/12/12	14.51	14.54	14.27	14.29	12281248	176893488.00
2017/12/13	14.29	14.37	14.16	14.35	7071762	100907072.00
2017/12/14	14.31	14.35	14.11	14.27	8212012	116651944.00
2017/12/15	14.29	14.29	13.96	14.12	10402750	146605232.00
2017/12/18	14.10	14.31	14.02	14.27	10201746	144602464.00
2017/12/19	14.25	14.66	14.23	14.59	12603802	182169152.00
2017/12/20	14.59	15.13	14.47	14.99	19889381	295381760.00
2017/12/21	15.00	15.08	14.78	14.95	14547403	217079840.00
2017/12/22	14.94	15.00	14.81	14.93	5519002	82274336.00
2017/12/25	14.94	15.13	14.70	14.80	11077460	165381312.00
2017/12/26	14.80	14.96	14.65	14.84	7074534	104767720.00
2017/12/27	14.85	14.88	14.50	14.56	5732995	84388512.00
2017/12/28	14.50	14.81	14.40	14.69	7820778	114640816.00
2017/12/29	14.65	15.12	14.65	15.02	11050013	164888432.00
2018/01/02	15.03	15.30	14.96	15.16	9172330	139182224.00
2018/01/03	15.15	15.37	15.15	15.18	8320227	126926128.00
2018/01/04	15.18	15.30	15.08	15.24	8609413	131135728.00
2018/01/05	15.25	15.84	15.16	15.64	18624434	290242144.00
2018/01/08	15.59	15.99	15.45	15.78	15184341	240008224.00
2018/01/09	15.79	16.06	15.65	15.92	11482961	182196496.00
2018/01/10	15.95	15.99	15.65	15.87	10807954	170820256.00
2018/01/11	15.80	15.84	15.60	15.65	7329605	115271464.00
2018/01/12	15.70	15.92	15.69	15.79	8457244	133773984.00
2018/01/15	15.79	16.70	15.74	16.03	19867025	323806880.00
2018/01/16	15.91	16.61	15.91	16.34	19557097	319511520.00
2018/01/17	16.26	16.60	16.06	16.23	14022893	228941872.00
2018/01/18	16.16	16.58	16.10	16.55	13500384	222074352.00
2018/01/19	16.55	16.74	16.26	16.39	16124885	265044048.00
2018/01/22	16.33	16.72	16.00	16.71	15422203	252813216.00
2018/01/23	16.60	16.69	16.10	16.13	14081772	230111664.00
2018/01/24	16.18	16.75	16.14	16.57	20387233	337350272.00
2018/01/25	16.50	16.84	16.35	16.48	14560372	241445744.00
2018/01/26	16.48	16.67	16.18	16.23	10782438	176426432.00
2018/01/29	16.31	16.55	15.79	16.00	17756360	285124576.00
2018/01/30	16.00	16.04	15.60	15.78	9600527	151818128.00
2018/01/31	15.77	15.96	15.68	15.74	10105581	159865872.00
2018/02/01	15.77	15.84	15.30	15.48	12027576	186468608.00
2018/02/02	15.36	16.04	15.10	15.94	11320514	177424544.00
2018/02/05	15.78	16.33	15.78	15.99	14624093	234621296.00
2018/02/06	15.62	15.77	15.34	15.46	12774319	198592784.00
2018/02/07	15.51	15.95	15.33	15.35	13473464	210897568.00
2018/02/08	15.40	15.73	15.20	15.40	8536888	132369520.00
2018/02/09	15.18	15.29	14.43	14.88	13767049	204425216.00
2018/02/12	14.97	15.60	14.86	15.49	8689530	132072160.00
2018/02/13	15.48	15.70	15.46	15.50	4696366	73195616.00
2018/02/14	15.49	15.63	15.35	15.50	3415648	52828700.00
2018/02/22	15.65	15.94	15.60	15.80	10557410	167151392.00
2018/02/23	15.71	16.08	15.71	15.96	7448255	118741688.00
2018/02/26	16.05	16.16	15.79	16.02	7980263	127692688.00
2018/02/27	16.07	16.09	15.36	15.48	14388519	224423008.00
2018/02/28	15.44	15.78	15.20	15.61	8124664	126622968.00
2018/03/01	15.63	15.84	15.55	15.64	8304928	130527072.00
2018/03/02	15.61	15.63	15.20	15.45	11011657	169289184.00
2018/03/05	15.30	15.49	15.18	15.26	5973677	91304880.00
2018/03/06	15.25	15.70	15.22	15.60	9283163	143854704.00
2018/03/07	15.60	15.67	15.29	15.33	5371036	83116360.00
2018/03/08	15.36	15.59	15.36	15.53	4700643	72769624.00
2018/03/09	15.57	15.93	15.54	15.87	11151508	176307872.00
2018/03/12	15.96	16.76	15.96	16.60	25155042	413039872.00
2018/03/13	16.56	17.05	16.46	16.93	27026661	455465472.00
2018/03/14	16.72	16.89	16.62	16.74	9279347	155399328.00
2018/03/15	16.66	17.36	16.54	16.75	17457540	295535488.00
2018/03/16	16.74	17.00	16.50	16.62	14211769	237931248.00
2018/03/19	16.61	16.85	16.42	16.70	11993643	199335360.00
2018/03/20	16.59	16.59	16.15	16.56	11628278	190890368.00
2018/03/21	16.50	16.79	16.20	16.32	12078681	199018720.00
2018/03/22	16.30	16.40	16.08	16.18	7904827	128200208.00
2018/03/23	15.81	15.83	14.65	15.02	23433314	353587392.00
2018/03/26	14.75	15.08	14.70	14.98	12579119	187163632.00
2018/03/27	15.15	15.80	15.15	15.55	20542881	317349440.00
2018/03/28	15.39	15.67	15.15	15.18	10191007	156936272.00
2018/03/29	15.19	15.65	15.19	15.45	7458690	114965232.00
2018/03/30	15.54	15.70	15.37	15.47	9826836	152675776.00
2018/04/02	15.45	16.22	15.32	15.87	14728145	234363168.00
2018/04/03	15.65	16.10	15.51	16.07	12079339	191396448.00
2018/04/04	16.02	16.26	15.80	15.94	7068100	113486416.00
2018/04/09	15.88	16.03	15.11	15.52	18306830	282191968.00
2018/04/10	15.40	15.48	15.09	15.25	16948409	258401312.00
2018/04/11	15.30	15.43	15.25	15.34	7676580	117636792.00
2018/04/12	15.35	15.36	15.09	15.12	8503009	128888376.00
2018/04/13	15.18	15.29	15.02	15.12	5166510	78357984.00
2018/04/16	15.12	15.17	14.90	14.91	7105520	106659032.00
2018/04/17	15.00	15.20	14.75	14.86	9038378	135665616.00
2018/04/18	15.00	15.13	14.75	15.08	7579231	113043128.00
2018/04/19	15.00	15.15	14.96	15.05	5275148	79435304.00
2018/04/20	15.00	15.22	14.82	14.83	6077389	91276304.00
2018/04/23	14.79	15.05	14.70	14.94	4922335	73280776.00
2018/04/24	14.98	15.21	14.97	15.17	8777019	132889728.00
2018/04/25	15.10	15.28	15.04	15.16	8638515	130915128.00
数据来源:通达信
