600039 四川路桥 日线 不复权
      日期	    开盘	    最高	    最低	    收盘	    成交量	    成交额
2017/03/27	5.08	5.18	5.04	5.06	39850975	203313344.00
2017/03/28	5.10	5.16	4.97	4.98	44776457	226828048.00
2017/03/29	5.00	5.16	4.97	5.12	56253638	286274272.00
2017/03/30	5.11	5.15	5.00	5.10	46336538	235077312.00
2017/03/31	5.08	5.10	4.96	5.00	34728247	173595584.00
2017/04/05	4.99	5.11	4.98	5.11	49090906	248296960.00
2017/04/06	5.13	5.33	5.06	5.18	77259172	399732064.00
2017/04/07	5.14	5.16	5.06	5.09	51631160	263254080.00
2017/04/10	5.08	5.12	5.04	5.06	30412282	154119120.00
2017/04/11	5.06	5.11	4.99	5.10	39717167	200643904.00
2017/04/12	5.12	5.27	5.08	5.15	82217456	425536896.00
2017/04/13	5.14	5.29	5.13	5.25	60939381	319063904.00
2017/04/14	5.22	5.29	5.13	5.16	42883041	223038976.00
2017/04/17	5.14	5.14	4.99	5.05	50138795	253613696.00
2017/04/18	5.04	5.07	4.99	5.01	36949262	185669392.00
2017/04/19	4.98	4.99	4.82	4.94	37347983	183126064.00
2017/04/20	4.94	4.97	4.88	4.93	22202818	109216192.00
2017/04/21	4.94	4.96	4.90	4.94	13101652	64655040.00
2017/04/24	4.93	4.93	4.56	4.67	28980962	138890144.00
2017/04/25	4.65	4.77	4.59	4.64	23602892	110607264.00
2017/04/26	4.65	4.72	4.65	4.69	20214866	94897488.00
2017/04/27	4.69	4.74	4.56	4.74	21007106	97849240.00
2017/04/28	4.73	4.75	4.69	4.73	14777701	69707200.00
2017/05/02	4.70	4.70	4.59	4.61	32178900	148416352.00
2017/05/03	4.59	4.64	4.46	4.48	34022742	154331936.00
2017/05/04	4.47	4.48	4.34	4.36	42935386	189241824.00
2017/05/05	4.35	4.36	4.23	4.25	39720392	170228896.00
2017/05/08	4.24	4.27	4.20	4.24	20438074	86391176.00
2017/05/09	4.21	4.26	4.18	4.26	20248777	85522376.00
2017/05/10	4.26	4.28	4.07	4.07	27151194	113302880.00
2017/05/11	4.04	4.07	3.95	4.04	23348990	93656688.00
2017/05/12	4.03	4.10	4.01	4.07	16684144	67729968.00
2017/05/15	4.08	4.12	4.05	4.07	12033619	49215312.00
2017/05/16	4.04	4.11	4.00	4.10	24805389	100500016.00
2017/05/17	4.11	4.16	4.09	4.12	21605724	89204152.00
2017/05/18	4.08	4.12	4.06	4.07	13091990	53532896.00
2017/05/19	4.07	4.10	4.02	4.07	12681309	51460960.00
2017/05/22	4.07	4.07	3.98	4.00	21352637	85738448.00
2017/05/23	3.98	3.99	3.86	3.88	22575176	88407432.00
2017/05/24	3.85	3.91	3.83	3.90	13525919	52434824.00
2017/05/25	3.90	3.98	3.87	3.98	17059225	67064496.00
2017/05/26	3.96	4.00	3.95	3.97	11321329	45010484.00
2017/05/31	3.99	4.03	3.97	3.97	12487056	49907152.00
2017/06/01	3.98	3.99	3.92	3.92	12128407	48081864.00
2017/06/02	3.92	3.98	3.88	3.98	11670935	45937060.00
2017/06/05	3.99	4.01	3.98	4.00	9267024	37042856.00
2017/06/06	4.00	4.05	3.98	4.04	13145089	52874752.00
2017/06/07	4.04	4.10	4.03	4.10	16223654	66141652.00
2017/06/08	4.13	4.17	4.11	4.12	20535077	85013536.00
2017/06/09	4.10	4.12	4.06	4.11	18571445	75912264.00
2017/06/12	4.09	4.11	4.06	4.07	13576893	55438144.00
2017/06/13	4.07	4.12	4.06	4.11	13055450	53519968.00
2017/06/14	4.11	4.11	4.07	4.10	9410620	38446120.00
2017/06/15	4.09	4.14	4.08	4.14	14593761	60057648.00
2017/06/16	4.13	4.13	4.10	4.11	10122444	41691616.00
2017/06/19	4.13	4.14	4.10	4.14	8371285	34503388.00
2017/06/20	4.19	4.30	4.18	4.20	33955148	144113472.00
2017/06/21	4.20	4.24	4.16	4.21	16088266	67491360.00
2017/06/22	4.18	4.18	4.09	4.10	19127654	79250320.00
2017/06/23	4.09	4.11	4.00	4.06	17158359	69467360.00
2017/06/26	4.06	4.11	4.05	4.11	11839499	48488108.00
2017/06/27	4.12	4.13	4.10	4.11	10355014	42580968.00
2017/06/28	4.09	4.11	4.07	4.09	9233999	37766816.00
2017/06/29	4.09	4.14	4.08	4.12	11178101	46051196.00
2017/06/30	4.10	4.18	4.09	4.16	17296219	71652672.00
2017/07/03	4.16	4.18	4.13	4.17	13436015	55836248.00
2017/07/04	4.17	4.18	4.12	4.14	11438136	47403160.00
2017/07/05	4.14	4.17	4.14	4.17	12649105	52570368.00
2017/07/06	4.16	4.21	4.15	4.19	16096882	67369272.00
2017/07/07	4.18	4.21	4.14	4.20	16578455	69118464.00
2017/07/10	4.19	4.37	4.18	4.29	39874998	169334096.00
2017/07/11	4.25	4.26	4.20	4.21	31405755	132768256.00
2017/07/12	4.17	4.34	4.17	4.29	42938863	183698768.00
2017/07/13	4.29	4.72	4.27	4.72	154272207	717517312.00
2017/07/14	4.74	4.75	4.58	4.69	154710706	721273088.00
2017/07/17	4.61	4.66	4.36	4.52	87889768	397690688.00
2017/07/18	4.47	4.63	4.42	4.62	79460708	362164032.00
2017/07/19	4.56	4.89	4.53	4.76	119616966	561776960.00
2017/07/20	4.69	4.73	4.61	4.64	72052739	336374592.00
2017/07/21	4.64	4.67	4.56	4.62	41728499	192136656.00
2017/07/24	4.58	4.72	4.57	4.67	44064070	205924352.00
2017/07/25	4.65	4.66	4.50	4.52	41285470	187922144.00
2017/07/26	4.50	4.54	4.45	4.53	28876772	129709328.00
2017/07/27	4.52	4.52	4.42	4.48	29089740	130041776.00
2017/07/28	4.46	4.54	4.46	4.50	22914251	103204544.00
2017/07/31	4.48	4.57	4.46	4.57	29626657	134383216.00
2017/08/01	4.56	4.59	4.51	4.56	32702414	148739968.00
2017/08/02	4.51	4.53	4.45	4.46	30985426	138921088.00
2017/08/03	4.43	4.47	4.42	4.45	18232991	81046072.00
2017/08/04	4.46	4.55	4.45	4.48	25985702	116928136.00
2017/08/07	4.52	4.57	4.50	4.57	25037215	113774528.00
2017/08/08	4.60	4.63	4.52	4.55	27920304	127537296.00
2017/08/09	5.01	5.01	4.74	4.80	204503251	997515776.00
2017/08/10	4.67	4.73	4.62	4.63	96001174	447083968.00
2017/08/11	4.58	4.61	4.43	4.45	55910200	252579232.00
2017/08/14	4.44	4.51	4.44	4.48	27927604	125018008.00
2017/08/15	4.46	4.51	4.44	4.47	24967308	111547056.00
2017/08/16	4.48	4.49	4.43	4.45	19590472	87196896.00
2017/08/17	4.46	4.48	4.43	4.47	22835517	101769552.00
2017/08/18	4.45	4.47	4.44	4.45	16923310	75323032.00
2017/08/21	4.46	4.53	4.45	4.52	22013380	99249712.00
2017/08/22	4.52	4.53	4.48	4.53	18845530	84878880.00
2017/08/23	4.52	4.52	4.45	4.46	16382729	73389288.00
2017/08/24	4.47	4.48	4.38	4.39	18959020	83585744.00
2017/08/25	4.39	4.49	4.38	4.48	21078117	93766200.00
2017/08/28	4.48	4.52	4.47	4.49	17813340	80122136.00
2017/08/29	4.53	4.57	4.49	4.56	28286586	127952976.00
2017/08/30	4.56	4.60	4.52	4.56	24315355	110913504.00
2017/08/31	4.55	4.59	4.49	4.56	24613912	111730792.00
2017/09/01	4.57	4.66	4.56	4.64	37662280	174213328.00
2017/09/04	4.64	4.68	4.60	4.62	26987778	125321840.00
2017/09/05	4.62	4.64	4.58	4.60	15339597	70546144.00
2017/09/06	4.58	4.64	4.56	4.63	16098154	73991952.00
2017/09/07	4.65	4.66	4.53	4.55	25607360	117291680.00
2017/09/08	4.55	4.57	4.52	4.53	13283992	60272904.00
2017/09/11	4.53	4.58	4.50	4.55	14859881	67482320.00
2017/09/12	4.55	4.58	4.51	4.52	17567859	79727272.00
2017/09/13	4.53	4.54	4.51	4.54	14590661	66063120.00
2017/09/14	4.55	4.64	4.53	4.63	41358821	190580000.00
2017/09/15	4.75	4.88	4.74	4.77	109578350	525892064.00
2017/09/18	4.79	4.94	4.75	4.87	76466675	371886464.00
2017/09/19	4.82	4.92	4.76	4.90	58429638	282851968.00
2017/09/20	4.86	4.88	4.83	4.87	26010505	126314216.00
2017/09/21	4.85	4.86	4.74	4.75	30073712	143857440.00
2017/09/22	4.77	4.77	4.67	4.68	18652459	87580464.00
2017/09/25	4.69	4.73	4.59	4.61	21724124	100652080.00
2017/09/26	4.61	4.62	4.55	4.61	13572680	62283864.00
2017/09/27	4.61	4.63	4.55	4.55	22286200	102120696.00
2017/09/28	4.54	4.57	4.52	4.55	14354285	65314508.00
2017/09/29	4.55	4.61	4.53	4.60	13277365	60760284.00
2017/10/09	4.64	4.74	4.62	4.70	22936258	107191080.00
2017/10/10	4.70	4.72	4.62	4.70	19034447	88860192.00
2017/10/11	4.68	4.70	4.64	4.69	14530711	67763840.00
2017/10/12	4.71	4.75	4.63	4.67	22563621	106167512.00
2017/10/13	4.66	4.67	4.57	4.60	37216838	171266912.00
2017/10/16	4.60	4.60	4.51	4.52	19660978	89493664.00
2017/10/17	4.51	4.55	4.51	4.52	11810389	53453860.00
2017/10/18	4.52	4.54	4.48	4.48	12576752	56807152.00
2017/10/19	4.48	4.57	4.41	4.55	21338278	95493168.00
2017/10/20	4.50	4.51	4.46	4.51	14120686	63393104.00
2017/10/23	4.51	4.55	4.50	4.51	10011888	45215844.00
2017/10/24	4.51	4.54	4.48	4.51	6967491	31380604.00
2017/10/25	4.51	4.54	4.48	4.53	8171300	36920776.00
2017/10/26	4.53	4.59	4.51	4.58	17471018	79780728.00
2017/10/27	4.58	4.58	4.53	4.54	8498048	38681712.00
2017/10/30	4.53	4.53	4.42	4.44	17517693	78026288.00
2017/10/31	4.35	4.41	4.31	4.41	12525520	54887392.00
2017/11/01	4.39	4.44	4.39	4.39	10020691	44127232.00
2017/11/02	4.36	4.38	4.31	4.32	9531548	41348332.00
2017/11/03	4.31	4.34	4.22	4.25	11036826	47206512.00
2017/11/06	4.25	4.25	4.18	4.21	14559767	61150864.00
2017/11/07	4.25	4.26	4.21	4.24	14558154	61666732.00
2017/11/08	4.25	4.28	4.22	4.25	10197554	43379904.00
2017/11/09	4.23	4.25	4.22	4.23	10418147	44071172.00
2017/11/10	4.23	4.24	4.20	4.24	9620707	40625104.00
2017/11/13	4.24	4.27	4.20	4.21	12480998	52785924.00
2017/11/14	4.22	4.22	4.16	4.17	11212736	46913104.00
2017/11/15	4.16	4.16	4.12	4.14	7363452	30468240.00
2017/11/16	4.13	4.19	4.12	4.16	6414000	26671078.00
2017/11/17	4.15	4.16	4.00	4.03	13018664	53287148.00
2017/11/20	4.02	4.13	4.00	4.11	19278671	77875288.00
2017/11/21	4.09	4.10	4.05	4.06	11813195	48084660.00
2017/11/22	4.06	4.08	4.01	4.06	10836323	43778448.00
2017/11/23	4.05	4.06	4.00	4.00	10282000	41425328.00
2017/11/24	4.00	4.03	4.00	4.02	6675185	26808744.00
2017/11/27	4.03	4.06	4.00	4.03	7583829	30544426.00
2017/11/28	4.04	4.09	4.02	4.08	9676584	39275128.00
2017/11/29	4.09	4.10	4.06	4.10	8429308	34402984.00
2017/11/30	4.11	4.11	4.06	4.07	6114740	24902680.00
2017/12/01	4.07	4.08	4.05	4.07	4780200	19436236.00
2017/12/04	4.07	4.08	4.02	4.03	7341800	29730370.00
2017/12/05	4.03	4.03	3.97	3.99	10092469	40403048.00
2017/12/06	3.97	4.00	3.95	3.99	6489582	25753154.00
2017/12/07	3.98	4.02	3.96	3.99	4378320	17485932.00
2017/12/08	4.01	4.06	4.00	4.05	6945396	28060288.00
2017/12/11	4.03	4.09	4.03	4.07	7222780	29365964.00
2017/12/12	4.08	4.09	4.03	4.03	5325530	21609680.00
2017/12/13	4.03	4.05	4.02	4.03	5483700	22123178.00
2017/12/14	4.03	4.06	4.02	4.04	4991792	20174030.00
2017/12/15	4.05	4.05	4.02	4.03	3865132	15583414.00
2017/12/18	4.04	4.06	4.03	4.05	7375460	29862084.00
2017/12/19	4.05	4.07	4.04	4.06	6171212	25020882.00
2017/12/20	4.06	4.06	3.99	4.00	8323612	33412836.00
2017/12/21	4.00	4.02	3.98	4.02	5062499	20262452.00
2017/12/22	4.02	4.03	4.00	4.00	3470000	13920733.00
2017/12/25	4.00	4.02	3.98	3.99	5946883	23734378.00
2017/12/26	3.99	4.02	3.98	4.02	5550757	22181356.00
2017/12/27	4.02	4.05	4.00	4.04	8424680	33893504.00
2017/12/28	4.05	4.07	4.00	4.05	11644902	47075088.00
2017/12/29	4.06	4.08	4.03	4.07	8154603	33019588.00
2018/01/02	4.07	4.11	4.06	4.10	11218647	45829184.00
2018/01/03	4.12	4.16	4.12	4.12	18745493	77600232.00
2018/01/04	4.14	4.14	4.09	4.11	13846291	56855164.00
2018/01/05	4.11	4.19	4.08	4.17	20040744	83131376.00
2018/01/08	4.15	4.18	4.13	4.18	13900701	57881928.00
2018/01/09	4.20	4.22	4.16	4.18	12047402	50518040.00
2018/01/10	4.18	4.19	4.12	4.14	9602020	39760364.00
2018/01/11	4.11	4.13	4.07	4.12	8730476	35843608.00
2018/01/12	4.12	4.13	4.09	4.11	8093684	33239304.00
2018/01/15	4.10	4.10	4.03	4.04	10089200	41021964.00
2018/01/16	4.03	4.07	4.03	4.06	7328917	29687138.00
2018/01/17	4.04	4.08	4.04	4.07	8399408	34111432.00
2018/01/18	4.06	4.11	4.05	4.10	11144092	45494880.00
2018/01/19	4.10	4.14	4.06	4.14	14941665	61242872.00
2018/01/22	4.12	4.17	4.11	4.14	11725110	48515440.00
2018/01/23	4.14	4.15	4.11	4.12	6980137	28759012.00
2018/01/24	4.09	4.12	4.09	4.11	9179460	37677480.00
2018/01/25	4.10	4.12	4.09	4.10	9641562	39622716.00
2018/01/26	4.11	4.11	4.08	4.10	7341200	30078604.00
2018/01/29	4.09	4.11	4.07	4.07	8411590	34395796.00
2018/01/30	4.06	4.10	4.06	4.08	6912600	28245884.00
2018/01/31	4.09	4.10	4.00	4.01	11985783	48357028.00
2018/02/01	4.00	4.03	3.91	3.91	14604486	57930124.00
2018/02/02	3.92	3.94	3.86	3.92	8003488	31270794.00
2018/02/05	3.92	3.92	3.88	3.91	8639119	33678456.00
2018/02/06	3.88	3.89	3.76	3.77	14747435	56473748.00
2018/02/07	3.80	3.84	3.75	3.77	10587876	40147520.00
2018/02/08	3.77	3.83	3.75	3.79	7765000	29448136.00
2018/02/09	3.76	3.76	3.64	3.70	12061115	44656328.00
2018/02/12	3.72	3.81	3.67	3.80	9714634	36333784.00
2018/02/13	3.82	3.87	3.81	3.82	7775372	29851736.00
2018/02/14	3.82	3.84	3.79	3.83	3492900	13341811.00
2018/02/22	3.84	3.88	3.83	3.88	6928356	26691780.00
2018/02/23	3.88	3.89	3.85	3.88	6161704	23816472.00
2018/02/26	3.89	3.93	3.87	3.92	8930220	34819232.00
2018/02/27	3.92	3.93	3.89	3.91	5688664	22174438.00
2018/02/28	3.90	3.90	3.87	3.89	4732941	18384356.00
2018/03/01	3.88	3.90	3.86	3.89	6530280	25326512.00
2018/03/02	3.86	3.87	3.83	3.84	6100276	23472788.00
2018/03/05	3.84	3.86	3.82	3.84	4171781	16018301.00
2018/03/06	3.84	3.87	3.84	3.87	4963726	19145208.00
2018/03/07	3.86	3.87	3.84	3.85	5587060	21512062.00
2018/03/08	3.84	3.85	3.81	3.85	5530300	21210932.00
2018/03/09	3.85	3.88	3.84	3.87	6739804	26000136.00
2018/03/12	3.88	3.92	3.86	3.91	13620117	53105988.00
2018/03/13	3.93	3.95	3.90	3.92	13038203	51198676.00
2018/03/14	3.91	3.92	3.87	3.87	8099960	31531836.00
2018/03/15	3.87	3.88	3.82	3.84	6324736	24329572.00
2018/03/16	3.84	3.87	3.83	3.85	5021900	19346096.00
2018/03/19	3.85	3.87	3.82	3.85	3570102	13731864.00
2018/03/20	3.84	3.84	3.79	3.82	6685380	25465944.00
2018/03/21	3.80	3.86	3.80	3.83	5851744	22451816.00
2018/03/22	3.82	3.84	3.80	3.81	4369800	16672377.00
2018/03/23	3.77	3.77	3.61	3.65	16158479	59724104.00
2018/03/26	3.62	3.69	3.56	3.68	10383368	37578604.00
2018/03/27	3.71	3.75	3.70	3.73	7472842	27805958.00
2018/03/28	3.77	3.84	3.73	3.80	17032359	64681060.00
2018/03/29	3.79	3.83	3.77	3.81	6626452	25154450.00
2018/03/30	3.81	3.83	3.79	3.80	5066532	19250024.00
2018/04/02	3.79	3.80	3.76	3.78	6755677	25532614.00
2018/04/03	3.72	3.75	3.68	3.72	8957700	33233498.00
2018/04/04	3.72	3.75	3.68	3.68	6174400	22943084.00
2018/04/09	3.66	3.70	3.64	3.68	6198292	22745026.00
2018/04/10	3.69	3.71	3.66	3.70	6994301	25756542.00
2018/04/11	3.71	3.73	3.69	3.71	6001110	22258390.00
2018/04/12	3.70	3.71	3.66	3.66	7415337	27300276.00
2018/04/13	3.68	3.68	3.63	3.65	7941317	29027148.00
2018/04/16	3.66	3.72	3.66	3.70	11905726	43943120.00
2018/04/17	3.70	3.72	3.68	3.68	8129614	30064466.00
2018/04/18	3.70	3.72	3.65	3.69	7634772	28091326.00
2018/04/19	3.69	3.71	3.67	3.70	6600132	24382380.00
2018/04/20	3.69	3.71	3.67	3.69	9446751	34868904.00
2018/04/23	3.67	3.70	3.66	3.68	5531763	20349196.00
2018/04/24	3.69	3.75	3.67	3.74	10539318	39175060.00
2018/04/25	3.71	3.77	3.71	3.74	7507433	28103682.00
数据来源:通达信
