600051 宁波联合 日线 不复权
      日期	    开盘	    最高	    最低	    收盘	    成交量	    成交额
2017/03/27	13.04	13.06	12.61	12.68	4595425	58881472.00
2017/03/28	12.70	13.00	12.61	12.95	4786544	61534772.00
2017/03/29	12.90	12.98	12.77	12.82	2644236	34039920.00
2017/03/30	12.82	12.86	12.00	12.04	6763616	83050936.00
2017/03/31	12.09	12.17	11.75	12.04	5582756	66875640.00
2017/04/05	12.05	12.57	12.02	12.53	5636260	70026464.00
2017/04/06	12.50	12.73	12.43	12.59	4106819	51793244.00
2017/04/07	12.65	12.70	12.53	12.64	2606090	32855460.00
2017/04/10	12.53	12.66	12.45	12.59	3123677	39213304.00
2017/04/11	12.59	12.59	12.18	12.35	3185292	39364000.00
2017/04/12	12.40	12.46	12.24	12.35	3365110	41557208.00
2017/04/13	12.38	12.38	12.19	12.20	3694761	45287944.00
2017/04/14	12.27	12.27	11.86	11.95	3232760	38680956.00
2017/04/17	11.94	11.98	11.56	11.62	3586336	42132348.00
2017/04/18	11.68	11.70	11.32	11.47	3522286	40482008.00
2017/04/19	11.33	11.46	10.80	11.01	5109636	56270456.00
2017/04/20	10.96	11.06	10.44	10.49	6930887	73956232.00
2017/04/21	10.56	10.88	10.51	10.69	4017895	42880156.00
2017/04/24	10.70	10.92	10.53	10.73	5792968	62349048.00
2017/04/25	10.73	10.79	10.45	10.46	3835477	40775652.00
2017/04/26	10.46	10.55	10.04	10.21	7939576	81082136.00
2017/04/27	10.17	10.27	9.88	10.22	4625012	46643432.00
2017/04/28	10.23	10.42	10.16	10.38	3093535	32022508.00
2017/05/02	10.35	10.45	10.20	10.25	5205741	53507472.00
2017/05/03	10.28	10.29	10.03	10.20	5492948	55656160.00
2017/05/04	10.14	10.29	10.05	10.15	4023584	41029604.00
2017/05/05	10.14	10.18	10.01	10.05	3475323	35079456.00
2017/05/08	10.01	10.01	9.70	9.71	3788390	37096228.00
2017/05/09	9.64	9.80	9.62	9.78	2432665	23638388.00
2017/05/10	9.78	9.87	9.28	9.32	4605952	44397736.00
2017/05/11	9.31	9.47	9.15	9.43	4591280	42687220.00
2017/05/12	9.43	9.45	9.11	9.26	4125513	38225964.00
2017/05/15	9.21	9.33	9.20	9.31	2394541	22218194.00
2017/05/16	9.29	9.72	9.21	9.69	4700023	44544020.00
2017/05/17	9.71	9.81	9.63	9.72	4027313	39159260.00
2017/05/18	9.68	9.79	9.53	9.59	2171953	20989672.00
2017/05/19	9.60	9.66	9.50	9.59	1703287	16312184.00
2017/05/22	9.59	9.63	9.24	9.28	2483523	23364652.00
2017/05/23	9.27	9.30	8.90	8.91	4100995	37255892.00
2017/05/24	8.82	9.08	8.79	9.03	3678778	32926504.00
2017/05/25	9.03	9.19	8.89	9.13	3009548	27209680.00
2017/05/26	9.13	9.22	9.05	9.10	2400219	21894728.00
2017/05/31	9.20	9.30	9.12	9.13	2755155	25366286.00
2017/06/01	9.16	9.19	8.79	8.81	3807826	34212936.00
2017/06/02	8.83	9.04	8.71	8.99	3198152	28285348.00
2017/06/05	8.93	9.03	8.88	8.95	2765558	24817316.00
2017/06/06	8.95	9.22	8.94	9.08	4819844	43862192.00
2017/06/07	9.04	9.41	9.04	9.37	4984441	46183136.00
2017/06/08	9.37	9.51	9.25	9.36	3915092	36692600.00
2017/06/09	9.37	9.39	9.25	9.36	2447947	22796216.00
2017/06/12	9.35	9.35	9.19	9.21	2958072	27358800.00
2017/06/13	9.28	9.37	9.17	9.31	4077573	37834648.00
2017/06/14	9.31	9.42	9.29	9.35	4595020	42920504.00
2017/06/15	9.30	9.68	9.28	9.54	5552797	52827448.00
2017/06/16	9.49	9.57	9.42	9.54	2768591	26296104.00
2017/06/19	9.50	9.59	9.49	9.58	1968285	18799952.00
2017/06/20	9.59	9.67	9.55	9.64	2517214	24226936.00
2017/06/21	9.66	9.66	9.47	9.56	2052714	19618256.00
2017/06/22	9.56	9.57	9.38	9.40	3414417	32400320.00
2017/06/23	9.40	9.47	9.21	9.37	3008388	28055076.00
2017/06/26	9.37	9.51	9.27	9.50	4104576	38759544.00
2017/06/27	9.50	9.60	9.46	9.52	2764614	26338820.00
2017/06/28	9.48	9.53	9.39	9.47	2107000	19913176.00
2017/06/29	9.45	9.58	9.39	9.51	2693359	25516976.00
2017/06/30	9.42	9.57	9.42	9.56	2831540	26948068.00
2017/07/03	9.57	9.61	9.52	9.61	2358035	22567288.00
2017/07/04	9.60	9.64	9.55	9.61	2110725	20253974.00
2017/07/05	9.60	9.65	9.53	9.64	2094546	20110248.00
2017/07/06	9.63	9.71	9.59	9.70	2810326	27132292.00
2017/07/07	9.65	9.71	9.62	9.70	2357933	22792918.00
2017/07/10	9.66	9.87	9.65	9.81	3903632	38093140.00
2017/07/11	9.83	10.23	9.78	10.15	10877119	109336328.00
2017/07/12	10.16	10.17	9.81	10.04	5383256	53580096.00
2017/07/13	10.04	10.12	9.92	10.11	3024437	30266584.00
2017/07/14	10.10	10.23	9.95	10.04	3311077	33384252.00
2017/07/17	9.93	9.96	9.24	9.31	5585882	53503752.00
2017/07/18	9.36	9.45	9.28	9.42	2546505	23836814.00
2017/07/19	9.41	9.65	9.33	9.60	3141275	29854032.00
2017/07/20	9.61	9.80	9.55	9.66	4128090	39968080.00
2017/07/21	9.60	9.70	9.54	9.68	3112825	29974004.00
2017/07/24	9.63	9.82	9.62	9.75	4644596	45217196.00
2017/07/25	9.73	10.02	9.73	10.01	6067355	59882728.00
2017/07/26	9.95	10.04	9.86	9.94	4663958	46249240.00
2017/07/27	9.98	10.45	9.84	10.32	9629140	98026808.00
2017/07/28	10.23	10.32	10.13	10.29	5147018	52648840.00
2017/07/31	10.30	10.31	10.19	10.28	4298434	44072392.00
2017/08/01	10.28	10.33	10.03	10.10	4519532	45849776.00
2017/08/02	10.12	10.12	9.86	9.89	3783919	37681256.00
2017/08/03	9.89	9.98	9.83	9.91	2199531	21822176.00
2017/08/04	9.92	10.00	9.85	9.86	2249900	22336120.00
2017/08/07	9.90	9.94	9.82	9.87	2697101	26621696.00
2017/08/08	9.88	9.89	9.71	9.76	3545340	34605092.00
2017/08/09	9.76	9.85	9.71	9.82	2482231	24307280.00
2017/08/10	9.80	9.83	9.50	9.52	3826390	36946784.00
2017/08/11	9.52	9.53	9.20	9.30	3438626	32217182.00
2017/08/14	9.29	9.49	9.27	9.48	3112192	29352450.00
2017/08/15	9.45	9.49	9.38	9.47	2680413	25288724.00
2017/08/16	9.47	9.52	9.32	9.52	2959354	27926040.00
2017/08/17	9.49	9.75	9.46	9.72	3913605	37694276.00
2017/08/18	9.67	9.72	9.62	9.64	1962458	18954204.00
2017/08/21	9.63	9.81	9.63	9.77	2567371	24998400.00
2017/08/22	9.76	9.82	9.66	9.79	2424500	23574360.00
2017/08/23	9.75	9.77	9.62	9.67	1417079	13736131.00
2017/08/24	9.65	9.71	9.56	9.57	1791400	17283248.00
2017/08/25	9.56	10.28	9.56	10.15	9145378	91025568.00
2017/08/28	10.08	10.12	9.98	10.11	5588781	56144332.00
2017/08/29	10.06	10.09	10.01	10.04	2885230	28986384.00
2017/08/30	10.04	10.24	10.00	10.04	4226170	42774988.00
2017/08/31	10.08	10.09	9.94	10.03	2836957	28364992.00
2017/09/01	10.03	10.07	9.95	10.03	3567757	35718688.00
2017/09/04	10.03	10.04	9.97	10.02	2384452	23861152.00
2017/09/05	9.99	10.08	9.89	9.92	3868036	38592484.00
2017/09/06	9.95	9.95	9.81	9.91	4387616	43314012.00
2017/09/07	9.88	10.05	9.86	9.88	3283977	32731658.00
2017/09/08	9.86	9.99	9.84	9.93	2568113	25477692.00
2017/09/11	9.90	10.00	9.86	10.00	2815402	27971464.00
2017/09/12	10.00	10.03	9.90	9.92	3476580	34634188.00
2017/09/13	9.90	10.11	9.88	10.09	4861132	48757136.00
2017/09/14	10.09	10.10	10.00	10.05	3558118	35722304.00
2017/09/15	10.04	10.08	9.93	9.96	2519480	25166336.00
2017/09/18	9.95	9.97	9.81	9.87	4457173	44026688.00
2017/09/19	9.86	9.99	9.86	9.90	3730601	37045312.00
2017/09/20	9.90	9.95	9.84	9.94	2712106	26879448.00
2017/09/21	9.95	9.95	9.83	9.85	2271244	22456212.00
2017/09/22	9.84	9.84	9.71	9.76	3467521	33852324.00
2017/09/25	9.76	9.85	9.72	9.77	3681261	35997068.00
2017/09/26	9.78	9.86	9.73	9.80	1780520	17383784.00
2017/09/27	9.76	9.94	9.76	9.90	2602937	25702428.00
2017/09/28	9.91	9.94	9.75	9.77	2442204	24070686.00
2017/09/29	9.80	9.87	9.72	9.86	2370100	23191368.00
2017/10/09	9.98	9.99	9.84	9.87	5646613	55874900.00
2017/10/10	9.85	10.05	9.85	10.04	6058439	60446760.00
2017/10/11	10.04	10.16	9.95	10.14	7329297	73784856.00
2017/10/12	10.11	10.18	9.98	10.05	5761866	58083788.00
2017/10/13	10.03	10.28	10.01	10.27	7443801	75758400.00
2017/10/16	10.17	10.24	9.98	10.02	5591280	56514728.00
2017/10/17	9.99	10.37	9.88	10.36	9646381	98570240.00
2017/10/18	10.30	10.36	10.10	10.28	5512563	56370540.00
2017/10/19	10.22	10.39	10.06	10.18	4354038	44463728.00
2017/10/20	10.23	10.55	10.15	10.50	9251870	96342408.00
2017/10/23	10.44	10.60	10.36	10.43	5567788	58115288.00
2017/10/24	10.47	10.50	10.16	10.20	6213235	63736208.00
2017/10/25	10.18	10.46	10.17	10.40	5017325	51577656.00
2017/10/26	10.55	11.43	10.46	11.13	23280465	256619888.00
2017/10/27	11.02	11.12	10.76	10.97	10704334	117242000.00
2017/10/30	10.96	10.97	10.56	10.72	7375293	78969456.00
2017/10/31	10.71	10.88	10.66	10.73	6146588	66100528.00
2017/11/01	10.71	10.79	10.59	10.75	4889048	52247288.00
2017/11/02	10.73	11.18	10.52	10.99	10896009	118902440.00
2017/11/03	10.89	11.00	10.72	10.76	5019131	54354412.00
2017/11/06	10.75	10.92	10.63	10.92	4211015	45589300.00
2017/11/07	10.91	11.20	10.86	11.10	8296265	92135008.00
2017/11/08	11.10	11.30	10.97	10.99	6576873	73264048.00
2017/11/09	10.87	10.98	10.72	10.91	5169229	55954116.00
2017/11/10	10.91	10.99	10.73	10.96	3766893	40905888.00
2017/11/13	11.99	12.06	11.20	11.26	49366830	580490432.00
2017/11/14	10.85	10.97	10.50	10.76	30588202	330429152.00
2017/11/15	10.65	10.98	10.46	10.90	15790464	169503872.00
2017/11/16	10.83	10.89	10.62	10.80	7302682	78606072.00
2017/11/17	10.74	10.78	10.27	10.33	5998321	63013996.00
2017/11/20	10.30	10.55	10.12	10.49	4147105	42997588.00
2017/11/21	10.48	10.61	10.43	10.55	3824988	40276752.00
2017/11/22	10.51	10.60	10.31	10.36	3250719	33802644.00
2017/11/23	10.32	10.36	10.06	10.18	5145742	52714048.00
2017/11/24	10.15	10.26	9.89	9.99	2954800	29664360.00
2017/11/27	9.95	10.14	9.86	10.09	1864542	18633692.00
2017/11/28	10.01	10.09	9.91	10.04	3138849	31362608.00
2017/11/29	10.06	10.17	9.98	10.13	2449621	24712924.00
2017/11/30	10.08	10.17	9.96	10.07	2484424	24961624.00
2017/12/01	10.02	10.13	10.01	10.05	2112323	21244826.00
2017/12/04	10.05	10.08	9.76	9.77	2896700	28723492.00
2017/12/05	9.79	9.88	9.60	9.78	3016069	29421056.00
2017/12/06	9.77	9.95	9.58	9.86	3157956	30772754.00
2017/12/07	9.83	9.88	9.70	9.79	2213001	21691712.00
2017/12/08	9.79	9.84	9.72	9.78	1605800	15714492.00
2017/12/11	9.80	9.81	9.71	9.75	2113703	20599580.00
2017/12/12	9.76	9.76	9.63	9.64	1201400	11641243.00
2017/12/13	9.62	9.69	9.59	9.66	860601	8296477.00
2017/12/14	9.69	9.69	9.46	9.49	2364770	22525206.00
2017/12/15	9.47	9.51	9.27	9.41	3165817	29667840.00
2017/12/18	9.39	9.44	9.25	9.35	2127774	19834464.00
2017/12/19	9.34	9.43	9.32	9.39	1177788	11045604.00
2017/12/20	9.39	9.42	9.28	9.41	2076337	19443778.00
2017/12/21	9.36	9.42	9.32	9.38	833392	7816873.00
2017/12/22	9.36	9.65	9.36	9.51	2279025	21801732.00
2017/12/25	9.50	9.60	9.43	9.50	1582472	15066922.00
2017/12/26	9.50	9.59	9.44	9.54	1220700	11630233.00
2017/12/27	9.53	9.60	9.32	9.36	2139562	20238060.00
2017/12/28	9.35	9.42	9.33	9.37	1545964	14485489.00
2017/12/29	9.37	9.44	9.33	9.43	1516831	14212827.00
2018/01/02	9.45	9.57	9.41	9.55	2581313	24542380.00
2018/01/03	9.55	9.63	9.51	9.59	2258504	21618996.00
2018/01/04	9.58	9.64	9.55	9.62	1745781	16762870.00
2018/01/05	9.63	9.77	9.56	9.73	2561567	24793600.00
2018/01/08	9.71	9.76	9.67	9.75	1894237	18429928.00
2018/04/25	9.75	9.75	9.75	9.75	0	0.00
数据来源:通达信
