600015 华夏银行 日线 不复权
      日期	    开盘	    最高	    最低	    收盘	    成交量	    成交额
2017/03/27	11.20	11.45	11.19	11.34	35076240	398484416.00
2017/03/28	11.31	11.37	11.22	11.23	17285321	195034000.00
2017/03/29	11.26	11.30	11.11	11.17	26786975	299844384.00
2017/03/30	11.18	11.23	11.12	11.18	21134047	236077776.00
2017/03/31	11.18	11.32	11.15	11.29	25726421	289456256.00
2017/04/05	11.46	11.49	11.28	11.39	45684970	518883968.00
2017/04/06	11.35	11.40	11.29	11.32	30612855	347005376.00
2017/04/07	11.30	11.36	11.29	11.35	23082595	261453440.00
2017/04/10	11.35	11.35	11.18	11.21	36716438	412974176.00
2017/04/11	11.18	11.20	11.03	11.16	40549866	450504256.00
2017/04/12	11.14	11.16	11.04	11.06	29748673	330287968.00
2017/04/13	11.03	11.06	10.86	10.90	47642158	521374176.00
2017/04/14	10.89	10.92	10.74	10.82	36242339	392403552.00
2017/04/17	10.80	10.88	10.71	10.85	27901652	300572192.00
2017/04/18	10.83	10.84	10.67	10.70	26044305	279938272.00
2017/04/19	10.66	10.72	10.60	10.68	27028937	288073184.00
2017/04/20	10.70	10.73	10.65	10.71	21136870	225857008.00
2017/04/21	10.70	10.84	10.69	10.81	24113254	260042080.00
2017/04/24	10.80	10.81	10.70	10.75	22619601	243131216.00
2017/04/25	10.75	10.82	10.71	10.76	28369553	305471936.00
2017/04/26	10.74	10.80	10.66	10.66	30822996	330724448.00
2017/04/27	10.62	10.68	10.59	10.65	30582676	325178304.00
2017/04/28	10.65	10.67	10.46	10.63	42681434	450543040.00
2017/05/02	10.50	10.56	10.30	10.36	52963174	551658752.00
2017/05/03	10.36	10.37	10.15	10.25	34571585	354428000.00
2017/05/04	10.23	10.25	10.13	10.17	30501977	310777984.00
2017/05/05	10.15	10.16	10.05	10.14	30454939	307366368.00
2017/05/08	10.10	10.16	10.03	10.15	28549025	288096000.00
2017/05/09	10.12	10.27	10.07	10.23	26116738	266071632.00
2017/05/10	10.23	10.33	10.18	10.21	25511085	261884816.00
2017/05/11	10.19	10.29	10.16	10.26	19258056	197054448.00
2017/05/12	10.26	10.54	10.24	10.54	41080067	429451904.00
2017/05/15	10.53	10.60	10.46	10.46	26073019	274289760.00
2017/05/16	10.45	10.48	10.31	10.44	28066146	291173312.00
2017/05/17	10.40	10.42	10.32	10.33	21354814	221442656.00
2017/05/18	10.28	10.32	10.22	10.26	18963648	194734720.00
2017/05/19	10.25	10.29	10.23	10.24	15104210	154925472.00
2017/05/22	10.23	10.32	10.18	10.25	25487903	261345328.00
2017/05/23	10.23	10.51	10.23	10.40	38843750	403434560.00
2017/05/24	10.38	10.45	10.26	10.42	32665016	337968384.00
2017/05/25	10.39	10.89	10.37	10.78	83617654	893766080.00
2017/05/26	10.76	10.81	10.68	10.73	37025580	397404576.00
2017/05/31	10.74	10.84	10.69	10.71	37246733	400661248.00
2017/06/01	10.72	10.83	10.69	10.82	40867903	439597440.00
2017/06/02	10.80	10.94	10.76	10.82	37546514	407114496.00
2017/06/05	10.80	10.81	10.61	10.70	34881396	371967872.00
2017/06/06	10.67	10.72	10.61	10.70	19926795	212428816.00
2017/06/07	10.68	10.83	10.68	10.79	32574917	350879264.00
2017/06/08	10.79	10.80	10.71	10.79	21951644	236083920.00
2017/06/09	10.78	11.01	10.78	10.93	53258426	581705344.00
2017/06/12	10.92	10.96	10.82	10.83	21843052	237806608.00
2017/06/13	10.82	10.84	10.71	10.79	22037793	237202528.00
2017/06/14	10.80	10.80	10.66	10.76	23510957	252117056.00
2017/06/15	10.74	10.75	10.66	10.68	18198134	194627648.00
2017/06/16	10.70	10.74	10.68	10.71	13472054	144336160.00
2017/06/19	10.71	10.76	10.64	10.72	24224078	259645872.00
2017/06/20	10.73	10.76	10.67	10.70	14751116	157874496.00
2017/06/21	10.74	10.75	10.64	10.72	24277613	259600976.00
2017/06/22	10.71	11.16	10.70	10.92	83150385	912300096.00
2017/06/23	10.90	11.07	10.83	11.02	39004888	426527616.00
2017/06/26	11.05	11.23	10.97	10.99	60965295	676472000.00
2017/06/27	11.01	11.21	10.93	11.12	48630298	536130848.00
2017/06/28	11.09	11.41	11.07	11.35	81908878	924910528.00
2017/06/29	9.35	9.38	9.25	9.30	42123550	391868320.00
2017/06/30	9.27	9.27	9.14	9.22	41317190	379909280.00
2017/07/03	9.21	9.22	9.14	9.17	31417076	288310688.00
2017/07/04	9.17	9.20	9.12	9.19	31404205	287801856.00
2017/07/05	9.17	9.25	9.15	9.23	32886510	302703552.00
2017/07/06	9.22	9.31	9.19	9.26	32721441	302319456.00
2017/07/07	9.25	9.27	9.17	9.24	34129178	314423264.00
2017/07/10	9.25	9.26	9.20	9.25	23034726	212620896.00
2017/07/11	9.21	9.65	9.21	9.49	95789322	909306176.00
2017/07/12	9.50	9.72	9.47	9.53	92018076	883561280.00
2017/07/13	9.50	9.79	9.50	9.78	78536208	760505088.00
2017/07/14	9.82	10.20	9.81	10.19	145412719	1453643648.00
2017/07/17	10.24	10.64	10.03	10.31	156340187	1615481856.00
2017/07/18	10.19	10.31	9.95	10.21	72220007	733302080.00
2017/07/19	10.18	10.38	10.18	10.36	69677034	714813952.00
2017/07/20	10.30	10.36	10.17	10.26	52469114	536902144.00
2017/07/21	10.25	10.26	10.05	10.13	52656667	533336864.00
2017/07/24	10.12	10.23	10.08	10.19	51227171	520250976.00
2017/07/25	10.17	10.28	9.99	10.05	78531708	795445824.00
2017/07/26	10.00	10.17	9.90	9.99	64562988	646826816.00
2017/07/27	9.97	10.01	9.87	9.98	37387020	371588704.00
2017/07/28	9.97	10.02	9.91	10.00	26163671	260874288.00
2017/07/31	10.00	10.04	9.87	10.00	47740181	475163680.00
2017/08/01	9.99	10.17	9.95	10.15	79423777	800434176.00
2017/08/02	10.15	10.23	10.08	10.09	54406691	552110016.00
2017/08/03	10.09	10.11	9.82	9.86	63746782	632627008.00
2017/08/04	9.83	9.91	9.75	9.82	52064486	511811200.00
2017/08/07	9.75	9.82	9.73	9.80	27483076	268430016.00
2017/08/08	9.76	9.81	9.74	9.77	31892559	311666304.00
2017/08/09	9.77	9.77	9.58	9.64	35224818	340250368.00
2017/08/10	9.60	9.74	9.59	9.70	37472737	362477056.00
2017/08/11	9.59	9.59	9.20	9.35	109426072	1022930496.00
2017/08/14	9.32	9.34	9.24	9.30	50834855	471394656.00
2017/08/15	9.30	9.43	9.25	9.32	75977630	709968704.00
2017/08/16	9.30	9.30	9.24	9.28	29945298	277595008.00
2017/08/17	9.27	9.38	9.26	9.37	35619714	331814944.00
2017/08/18	9.32	9.44	9.31	9.38	43304609	406166560.00
2017/08/21	9.39	9.39	9.30	9.35	31931061	298136000.00
2017/08/22	9.36	9.38	9.29	9.33	32925656	307060672.00
2017/08/23	9.34	9.44	9.29	9.40	57127623	535765376.00
2017/08/24	9.38	9.45	9.30	9.32	37533346	351730176.00
2017/08/25	9.31	9.69	9.30	9.68	90060449	856613760.00
2017/08/28	9.68	9.80	9.65	9.74	84953558	824616832.00
2017/08/29	9.71	9.74	9.63	9.72	36825256	357089888.00
2017/08/30	9.72	9.75	9.63	9.63	39701715	384118528.00
2017/08/31	9.62	9.65	9.41	9.52	52561637	499848416.00
2017/09/01	9.49	9.55	9.46	9.51	32512260	309367456.00
2017/09/04	9.49	9.55	9.41	9.55	32944730	312696864.00
2017/09/05	9.55	9.63	9.50	9.58	42459368	406836832.00
2017/09/06	9.54	9.55	9.45	9.50	33583804	318678848.00
2017/09/07	9.50	9.52	9.40	9.41	38564917	364537216.00
2017/09/08	9.41	9.46	9.38	9.41	25828124	243141488.00
2017/09/11	9.42	9.48	9.40	9.41	31287040	294979168.00
2017/09/12	9.42	9.45	9.36	9.42	28694763	269701120.00
2017/09/13	9.42	9.42	9.31	9.38	19230759	180249648.00
2017/09/14	9.38	9.40	9.31	9.35	24350305	227756560.00
2017/09/15	9.33	9.35	9.30	9.33	20624807	192381984.00
2017/09/18	9.31	9.37	9.31	9.33	27805832	259672096.00
2017/09/19	9.33	9.36	9.30	9.34	27165650	253346832.00
2017/09/20	9.34	9.34	9.30	9.33	21348499	198934880.00
2017/09/21	9.32	9.40	9.30	9.35	28421313	265709904.00
2017/09/22	9.33	9.39	9.31	9.38	38778892	362820256.00
2017/09/25	9.37	9.39	9.26	9.38	44112930	411566272.00
2017/09/26	9.34	9.36	9.31	9.34	20458022	191016944.00
2017/09/27	9.33	9.34	9.26	9.27	28006063	260233952.00
2017/09/28	9.29	9.29	9.23	9.26	20738332	191967904.00
2017/09/29	9.27	9.32	9.24	9.27	19360821	179666944.00
2017/10/09	9.48	9.52	9.38	9.41	49526030	467332064.00
2017/10/10	9.41	9.43	9.34	9.42	25202457	236648064.00
2017/10/11	9.41	9.45	9.37	9.41	26312226	247454208.00
2017/10/12	9.41	9.41	9.34	9.38	22256540	208528656.00
2017/10/13	9.37	9.39	9.34	9.35	20716795	193849824.00
2017/10/16	9.35	9.39	9.33	9.36	28510336	266792432.00
2017/10/17	9.37	9.38	9.32	9.33	15600715	145775264.00
2017/10/18	9.33	9.38	9.31	9.37	29991493	280207168.00
2017/10/19	9.36	9.37	9.30	9.37	30067554	280806432.00
2017/10/20	9.35	9.37	9.32	9.36	13107742	122546928.00
2017/10/23	9.36	9.37	9.33	9.34	13010013	121646880.00
2017/10/24	9.34	9.41	9.34	9.39	19925234	186735312.00
2017/10/25	9.39	9.45	9.36	9.42	18662406	175327552.00
2017/10/26	9.40	9.41	9.33	9.36	25181452	236195632.00
2017/10/27	9.35	9.46	9.34	9.43	43900735	413385536.00
2017/10/30	9.43	9.46	9.25	9.34	49733319	464231552.00
2017/10/31	9.26	9.26	9.04	9.09	80681611	735688320.00
2017/11/01	9.07	9.09	9.01	9.03	36169552	327265472.00
2017/11/02	9.03	9.04	8.92	9.00	37252954	333879168.00
2017/11/03	8.99	9.04	8.91	9.02	38421942	344192736.00
2017/11/06	8.98	8.99	8.92	8.94	21735535	194374112.00
2017/11/07	8.94	9.06	8.92	9.02	29286703	263190096.00
2017/11/08	9.00	9.11	8.99	9.06	26829657	243416912.00
2017/11/09	9.04	9.11	9.03	9.04	19605574	177801216.00
2017/11/10	9.06	9.06	8.96	8.97	19962276	179512208.00
2017/11/13	8.98	9.15	8.98	9.05	39525802	358409728.00
2017/11/14	9.04	9.06	8.99	9.02	18271437	164748144.00
2017/11/15	9.00	9.03	8.98	9.01	15776535	142097824.00
2017/11/16	8.99	9.01	8.93	8.93	17681681	158281328.00
2017/11/17	8.92	9.15	8.92	9.13	64800445	587146176.00
2017/11/20	9.09	9.14	9.02	9.12	44612316	405465472.00
2017/11/21	9.12	9.30	9.11	9.24	58130829	535597056.00
2017/11/22	9.23	9.54	9.23	9.40	96524003	906352640.00
2017/11/23	9.38	9.49	9.23	9.31	69430641	650766976.00
2017/11/24	9.28	9.40	9.18	9.38	62207206	578408128.00
2017/11/27	9.35	9.39	9.23	9.38	45541015	424465920.00
2017/11/28	9.33	9.36	9.26	9.28	17835832	165704320.00
2017/11/29	9.27	9.30	9.15	9.24	32693814	301677824.00
2017/11/30	9.23	9.36	9.21	9.27	33601261	312218112.00
2017/12/01	9.27	9.32	9.25	9.29	21549211	200014016.00
2017/12/04	9.29	9.36	9.26	9.31	19249813	179086608.00
2017/12/05	9.31	9.52	9.31	9.49	85100632	803635136.00
2017/12/06	9.45	9.47	9.33	9.39	34981914	328374560.00
2017/12/07	9.37	9.38	9.28	9.38	26501323	247429536.00
2017/12/08	9.35	9.36	9.27	9.27	22269275	207160208.00
2017/12/11	9.27	9.28	9.20	9.26	17870204	164976688.00
2017/12/12	9.27	9.27	9.20	9.22	10389167	95866192.00
2017/12/13	9.21	9.24	9.14	9.21	19609397	179980368.00
2017/12/14	9.22	9.24	9.11	9.12	19328986	176855088.00
2017/12/15	9.14	9.15	9.05	9.05	15064374	136670960.00
2017/12/18	9.05	9.10	9.04	9.09	14576349	132295624.00
2017/12/19	9.08	9.17	9.07	9.13	16516193	150689760.00
2017/12/20	9.13	9.14	9.05	9.12	15346789	139482992.00
2017/12/21	9.10	9.14	9.05	9.09	18695141	169987616.00
2017/12/22	9.09	9.10	9.02	9.06	22516181	204016640.00
2017/12/25	9.06	9.09	8.97	8.98	21851504	197463936.00
2017/12/26	8.98	9.07	8.96	9.06	17273306	155809952.00
2017/12/27	9.05	9.05	8.96	9.01	23924883	215349280.00
2017/12/28	8.98	9.02	8.95	8.96	13985542	125660432.00
2017/12/29	8.95	9.00	8.95	9.00	12181175	109402840.00
2018/01/02	9.02	9.13	9.01	9.11	26994220	245627200.00
2018/01/03	9.10	9.16	9.07	9.13	19473041	177751312.00
2018/01/04	9.13	9.17	9.11	9.15	12258526	112020696.00
2018/01/05	9.15	9.17	9.13	9.16	19824180	181363312.00
2018/01/08	9.15	9.22	9.12	9.19	19749310	181231936.00
2018/01/09	9.18	9.26	9.16	9.19	15557342	143140640.00
2018/01/10	9.19	9.37	9.17	9.35	48776059	454020832.00
2018/01/11	9.33	9.38	9.27	9.29	29240951	272322080.00
2018/01/12	9.29	9.39	9.29	9.36	27701343	259081216.00
2018/01/15	9.35	9.50	9.32	9.40	52782326	497369344.00
2018/01/16	9.38	9.45	9.33	9.42	40471079	379192288.00
2018/01/17	9.40	9.73	9.40	9.52	83927019	803444352.00
2018/01/18	9.55	9.66	9.50	9.65	52007161	497500160.00
2018/01/19	9.72	10.00	9.72	9.83	112055189	1106453504.00
2018/01/22	9.76	9.88	9.62	9.67	68351105	665503360.00
2018/01/23	9.69	9.99	9.67	9.99	94471552	925750720.00
2018/01/24	10.01	10.19	9.87	10.07	108011912	1085319296.00
2018/01/25	10.06	10.07	9.89	9.98	56714332	566304320.00
2018/01/26	9.96	10.11	9.92	10.06	57867228	580105664.00
2018/01/29	10.04	10.14	9.89	9.94	70063090	702517440.00
2018/01/30	9.91	9.94	9.74	9.75	56958030	559726784.00
2018/01/31	9.73	9.87	9.68	9.85	45306971	443557632.00
2018/02/01	9.83	10.00	9.76	9.99	74607031	737409536.00
2018/02/02	9.90	9.91	9.74	9.88	43046706	423556864.00
2018/02/05	9.79	10.42	9.77	10.40	112339795	1141593728.00
2018/02/06	10.22	10.32	10.02	10.12	126031368	1284342144.00
2018/02/07	10.23	10.42	9.88	10.00	124740700	1268521856.00
2018/02/08	9.88	9.93	9.54	9.66	72833167	710975104.00
2018/02/09	9.44	9.53	9.01	9.22	57649886	535140032.00
2018/02/12	9.25	9.25	9.13	9.17	36010854	330605664.00
2018/02/13	9.24	9.39	9.21	9.29	40165401	373078656.00
2018/02/14	9.27	9.32	9.22	9.29	15773449	146215984.00
2018/02/22	9.42	9.46	9.37	9.44	28012590	263816512.00
2018/02/23	9.43	9.60	9.41	9.57	31913546	303566240.00
2018/02/26	9.56	9.65	9.47	9.54	44796796	426785344.00
2018/02/27	9.55	9.56	9.36	9.40	30018786	283535776.00
2018/02/28	9.35	9.36	9.28	9.30	23718416	221179584.00
2018/03/01	9.25	9.36	9.20	9.31	18074332	168238944.00
2018/03/02	9.27	9.36	9.23	9.32	22136983	205852176.00
2018/03/05	9.30	9.36	9.26	9.30	12042706	111957720.00
2018/03/06	9.32	9.36	9.26	9.36	20574446	191480464.00
2018/03/07	9.39	9.48	9.33	9.33	25709134	241932080.00
2018/03/08	9.33	9.37	9.29	9.35	11308557	105651296.00
2018/03/09	9.35	9.38	9.32	9.35	14218702	132854696.00
2018/03/12	9.35	9.38	9.32	9.36	18936705	177123632.00
2018/03/13	9.36	9.44	9.31	9.32	17809953	166976000.00
2018/03/14	9.31	9.33	9.25	9.29	13435719	124826336.00
2018/03/15	9.27	9.30	9.20	9.26	14740229	136273968.00
2018/03/16	9.25	9.25	9.18	9.19	16657118	153433728.00
2018/03/19	9.17	9.20	9.15	9.20	10509683	96414608.00
2018/03/20	9.18	9.23	9.15	9.22	8668431	79722536.00
2018/03/21	9.22	9.27	9.17	9.18	14740582	136047600.00
2018/03/22	9.18	9.21	9.10	9.13	13471632	123227976.00
2018/03/23	9.00	9.03	8.84	8.89	36579177	327378112.00
2018/03/26	8.82	8.86	8.76	8.84	23319721	205549312.00
2018/03/27	8.91	8.95	8.82	8.85	23655244	210262896.00
2018/03/28	8.84	8.94	8.80	8.84	18125856	160547136.00
2018/03/29	8.84	8.98	8.80	8.96	20133897	178832464.00
2018/03/30	8.96	8.96	8.89	8.91	12874639	114784184.00
2018/04/02	8.91	8.95	8.84	8.87	16041459	142684400.00
2018/04/03	8.82	8.84	8.77	8.82	13053098	114951808.00
2018/04/04	8.82	8.88	8.80	8.81	9966567	88110008.00
2018/04/09	8.80	8.83	8.76	8.79	10135029	89091728.00
2018/04/10	8.80	8.95	8.79	8.94	17200799	152648624.00
2018/04/11	8.95	9.10	8.92	9.03	23778717	214193088.00
2018/04/12	9.01	9.02	8.91	8.92	11759773	105255376.00
2018/04/13	8.95	8.98	8.86	8.88	8449946	75394336.00
2018/04/16	8.86	8.88	8.71	8.73	21274627	186501184.00
2018/04/17	8.74	8.79	8.69	8.69	11848584	103615504.00
2018/04/18	8.78	8.80	8.71	8.75	13994649	122452112.00
2018/04/19	8.76	8.82	8.75	8.80	9688501	85191824.00
2018/04/20	8.78	8.78	8.65	8.67	17165929	149444208.00
2018/04/23	8.64	8.75	8.64	8.68	16741252	145380512.00
2018/04/24	8.69	8.86	8.69	8.83	22651203	199596704.00
2018/04/25	8.80	8.84	8.73	8.75	15210387	133451232.00
数据来源:通达信
