600071 凤凰光学 日线 不复权
      日期	    开盘	    最高	    最低	    收盘	    成交量	    成交额
2017/03/27	22.29	22.47	22.16	22.17	1985829	44219960.00
2017/03/28	22.00	22.15	21.55	21.58	2786907	60836492.00
2017/03/29	21.58	21.78	20.90	21.04	2905311	61762608.00
2017/03/30	20.70	21.25	20.30	20.61	2587423	53387276.00
2017/03/31	20.66	20.87	20.22	20.59	1713375	35236708.00
2017/04/05	20.57	20.96	20.57	20.89	1839197	38213652.00
2017/04/06	20.90	20.93	20.49	20.77	1687281	34863112.00
2017/04/07	20.91	21.36	20.71	21.22	2829218	59892384.00
2017/04/10	21.20	21.28	20.52	20.85	2551832	53279264.00
2017/04/11	20.85	20.99	20.18	20.71	1906516	39306772.00
2017/04/12	20.65	20.65	20.28	20.53	1396164	28559180.00
2017/04/13	20.50	20.64	20.20	20.26	1134278	23067020.00
2017/04/14	20.26	20.40	19.50	19.59	2444092	48256888.00
2017/04/17	19.65	19.68	18.91	19.05	1845672	35611752.00
2017/04/18	19.15	19.15	17.90	18.01	2446699	45218120.00
2017/04/19	17.98	17.99	16.51	17.54	3424839	59023396.00
2017/04/20	17.54	17.63	16.90	17.10	1714745	29506352.00
2017/04/21	17.10	17.55	17.00	17.13	1794692	30846894.00
2017/04/24	17.09	17.50	16.66	17.01	1944490	33123376.00
2017/04/25	17.01	17.22	16.69	17.00	4023240	68049584.00
2017/04/26	16.97	17.54	16.90	17.50	1466783	25193624.00
2017/04/27	17.40	17.62	17.02	17.53	1421097	24663404.00
2017/04/28	17.60	17.70	17.26	17.55	1224400	21353916.00
2017/05/02	17.52	17.52	17.25	17.28	1295031	22405988.00
2017/05/03	17.28	17.43	17.00	17.17	1553297	26678912.00
2017/05/04	17.18	17.24	17.04	17.17	1198207	20561056.00
2017/05/05	17.10	17.25	17.10	17.22	1047044	17967104.00
2017/05/08	17.30	18.94	17.24	18.94	4560196	85254888.00
2017/05/09	18.82	20.57	18.50	20.42	12851878	252772880.00
2017/05/10	20.44	20.44	18.85	18.98	7900281	155534576.00
2017/05/11	18.70	18.70	17.10	18.10	8432312	151848704.00
2017/05/12	18.20	18.43	17.21	17.51	4841108	85115416.00
2017/05/15	17.50	18.10	17.32	17.59	4908589	87363456.00
2017/05/16	17.49	17.79	16.91	17.71	4413496	76303072.00
2017/05/17	17.70	19.48	17.43	19.48	8232200	152805200.00
2017/05/18	19.19	20.35	18.83	19.54	8870837	172236640.00
2017/05/19	19.52	20.00	19.10	19.93	7112416	139478688.00
2017/05/22	19.70	20.66	19.56	20.19	8464286	171693072.00
2017/05/23	20.10	20.34	19.38	19.60	5026087	98874200.00
2017/05/24	19.20	19.98	18.42	19.94	3764483	73581552.00
2017/05/25	19.94	20.47	19.68	20.37	5796275	116828216.00
2017/05/26	20.25	20.50	20.01	20.38	3778459	76761680.00
2017/05/31	20.40	20.50	19.88	19.90	3205107	64539764.00
2017/06/01	19.78	20.00	19.00	19.57	3264553	63662956.00
2017/06/02	19.33	20.43	19.24	20.40	3801534	76136016.00
2017/06/05	20.40	21.22	20.22	20.88	4576493	95141504.00
2017/06/06	20.73	21.13	20.54	20.81	2273703	47445828.00
2017/06/07	20.90	21.37	20.72	21.29	3450860	72881688.00
2017/06/08	21.48	21.53	20.80	20.82	2532309	53448940.00
2017/06/09	20.82	21.04	20.70	20.98	1802981	37645388.00
2017/06/12	20.84	21.26	20.61	21.13	2454570	51571844.00
2017/06/13	21.00	21.02	20.41	20.61	3522107	72862088.00
2017/06/14	20.52	20.80	20.45	20.57	1595552	32892398.00
2017/06/15	20.47	21.54	20.45	21.28	3745913	79123016.00
2017/06/16	21.27	23.37	21.11	22.94	7173127	158989168.00
2017/06/19	22.90	23.75	22.45	22.85	6805134	157290064.00
2017/06/20	23.13	23.22	22.60	22.93	3416900	78036752.00
2017/06/21	22.88	22.98	22.12	22.87	4997601	113170456.00
2017/06/22	22.84	22.93	22.46	22.49	3334295	75677280.00
2017/06/23	22.48	23.48	22.26	22.99	3369192	77266336.00
2017/06/26	22.90	23.40	22.85	23.31	2854493	66082920.00
2017/06/27	23.31	23.66	23.10	23.31	2847583	66647496.00
2017/06/28	23.58	23.58	22.99	23.11	1724391	39922408.00
2017/06/29	23.04	23.31	22.80	23.11	1984428	45721312.00
2017/06/30	23.08	23.09	22.51	22.67	1700617	38652912.00
2017/07/03	22.78	22.99	22.52	22.70	1353427	30778108.00
2017/07/04	22.70	22.96	22.55	22.72	2304294	52262016.00
2017/07/05	22.70	23.28	22.62	23.12	2500831	57542976.00
2017/07/06	23.10	23.38	22.80	22.84	1641424	37653392.00
2017/07/07	22.84	22.88	22.70	22.87	1576220	35919452.00
2017/07/10	23.00	23.04	22.42	22.58	1884910	42733360.00
2017/07/11	22.47	22.60	21.33	21.35	3679225	80281120.00
2017/07/12	21.27	21.87	21.12	21.71	1714245	36848336.00
2017/07/13	21.80	21.97	21.36	21.82	1293913	28153320.00
2017/07/14	21.73	21.99	21.40	21.45	814848	17741792.00
2017/07/17	21.30	21.41	19.81	20.08	2817643	57883172.00
2017/07/18	20.05	20.20	18.81	19.38	3084691	59662700.00
2017/07/19	19.30	19.48	19.10	19.38	2258758	43606528.00
2017/07/20	19.38	20.34	19.38	20.01	3153220	62511140.00
2017/07/21	19.84	20.80	19.82	19.99	2104760	42532084.00
2017/07/24	19.90	20.15	19.71	20.02	1027602	20487524.00
2017/07/25	20.17	20.20	19.75	19.91	848600	16853708.00
2017/07/26	20.02	20.02	19.43	19.49	1042300	20527358.00
2017/07/27	19.40	19.96	19.40	19.80	971518	19161274.00
2017/07/28	19.96	19.96	19.77	19.80	891500	17680568.00
2017/07/31	19.80	20.29	19.68	19.92	1090880	21736260.00
2017/08/01	19.82	20.22	19.82	20.07	1678600	33608168.00
2017/08/02	20.25	20.26	19.85	20.04	991915	19817292.00
2017/08/03	20.04	20.24	19.92	20.08	672414	13521948.00
2017/08/04	20.18	21.58	20.02	20.99	3089829	64976916.00
2017/08/07	20.80	21.43	20.79	20.85	1125356	23589440.00
2017/08/08	20.86	21.47	20.86	21.06	1503525	31887732.00
2017/08/09	21.06	21.23	20.70	20.92	982735	20512000.00
2017/08/10	20.82	20.96	20.42	20.59	865900	17853500.00
2017/08/11	20.22	21.42	20.22	21.18	3563139	75212696.00
2017/08/14	21.20	21.39	20.98	21.24	1651622	34998660.00
2017/08/15	21.25	21.61	21.19	21.60	1932725	41393672.00
2017/08/16	22.14	22.75	21.67	21.89	4107812	91580416.00
2017/08/17	21.69	22.20	21.60	21.99	1728298	37890836.00
2017/08/18	21.86	22.38	21.80	22.25	1342539	29598288.00
2017/08/21	22.36	22.36	21.90	22.13	1595613	35184632.00
2017/08/22	22.08	22.24	21.89	22.02	1652802	36319648.00
2017/08/23	22.16	22.22	21.90	21.96	891639	19631648.00
2017/08/24	22.04	22.19	21.83	21.85	701002	15349753.00
2017/08/25	21.98	22.16	21.75	22.12	1085057	23852194.00
2017/08/28	22.19	22.34	22.08	22.15	1744644	38728488.00
2017/08/29	22.04	22.28	22.04	22.16	1248751	27680930.00
2017/09/05	20.51	22.00	20.11	21.10	8403373	173785184.00
2017/09/06	20.66	20.72	20.20	20.48	3384081	69117416.00
2017/09/07	20.96	20.96	20.29	20.63	4192446	86166160.00
2017/09/08	20.60	20.64	20.38	20.44	1499345	30752796.00
2017/09/11	20.49	20.57	20.23	20.33	1593600	32473848.00
2017/09/12	20.33	21.37	20.20	20.97	5116973	105888832.00
2017/09/13	20.68	21.52	20.68	21.42	2715703	57704120.00
2017/09/14	21.48	21.65	21.00	21.31	1338529	28546864.00
2017/09/15	21.37	21.40	21.13	21.30	1155600	24586688.00
2017/09/18	21.39	21.44	21.15	21.35	1543029	32874544.00
2017/09/19	21.35	21.48	21.00	21.25	1213029	25837900.00
2017/09/20	21.39	21.44	21.10	21.25	1062638	22623138.00
2017/09/21	21.40	21.40	20.57	20.65	1657438	34694224.00
2017/09/22	20.75	20.77	20.08	20.29	1232159	25070340.00
2017/09/25	20.19	20.45	19.50	19.54	1524593	30303716.00
2017/09/26	19.68	20.23	19.50	20.01	972758	19382112.00
2017/09/27	19.98	20.17	19.75	20.00	423385	8464142.00
2017/09/28	19.77	20.10	19.58	19.75	983540	19508688.00
2017/09/29	19.88	19.89	19.59	19.73	699839	13782809.00
2017/10/09	20.00	20.23	19.73	20.19	980640	19689768.00
2017/10/10	20.29	20.29	20.00	20.18	834562	16834672.00
2017/10/11	20.18	20.55	19.50	20.29	1236905	25085864.00
2017/10/12	20.28	20.45	20.00	20.26	598000	12118154.00
2017/10/13	20.24	20.24	19.72	20.12	624111	12530217.00
2017/10/16	20.08	20.11	19.60	19.63	1074800	21303328.00
2017/10/17	19.63	19.90	19.43	19.58	618599	12152000.00
2017/10/18	19.41	19.70	19.40	19.57	865002	16899128.00
2017/10/19	19.60	19.65	19.19	19.62	741984	14445601.00
2017/10/20	19.65	19.83	19.38	19.82	725286	14247495.00
2017/10/23	19.80	19.82	19.33	19.49	886586	17308516.00
2017/10/24	19.21	19.57	19.16	19.40	583000	11299440.00
2017/10/25	19.33	19.58	19.23	19.56	617250	11979543.00
2017/10/26	19.54	19.67	19.33	19.54	711314	13848404.00
2017/10/27	19.53	19.65	19.45	19.64	701850	13720947.00
2017/10/30	19.50	19.57	18.90	19.35	1001185	19248192.00
2017/10/31	19.55	19.55	19.18	19.30	616700	11922066.00
2017/11/01	19.34	19.45	19.10	19.29	794900	15354070.00
2017/11/02	19.17	19.27	18.61	18.87	868685	16400629.00
2017/11/03	18.75	18.88	18.49	18.62	916344	17086224.00
2017/11/06	18.62	18.74	18.45	18.62	1047900	19507404.00
2017/11/07	18.73	18.81	18.04	18.16	1371538	25208000.00
2017/11/08	18.16	19.98	18.00	19.98	3978987	76374424.00
2017/11/09	19.75	20.66	19.50	19.78	4411050	88584808.00
2017/11/10	19.59	19.62	19.12	19.28	2035056	39310484.00
2017/11/13	19.18	19.35	18.78	18.97	1605874	30527796.00
2017/11/14	18.97	20.19	18.90	19.50	3631812	71074384.00
2017/11/15	19.29	19.48	19.03	19.16	1299703	24921248.00
2017/11/16	19.15	19.30	18.64	18.84	1039800	19580040.00
2017/11/17	18.80	18.85	18.19	18.70	1431617	26365740.00
2017/11/20	18.69	18.69	17.00	18.45	1162600	20990960.00
2017/11/21	18.44	18.44	17.90	18.06	892200	16143162.00
2017/11/22	17.99	19.30	17.83	18.83	1745706	32722112.00
2017/11/23	18.80	19.20	18.40	18.51	1256327	23791640.00
2017/11/24	18.20	18.65	18.11	18.21	752928	13801957.00
2017/11/27	18.48	18.48	17.57	17.69	967320	17343748.00
2017/11/28	17.60	18.15	17.60	17.74	649601	11538920.00
2017/11/29	17.88	17.95	17.30	17.88	887338	15598468.00
2017/11/30	17.90	18.53	17.60	17.91	745700	13521243.00
2017/12/01	18.00	18.24	17.88	17.99	379500	6849828.00
2017/12/04	18.03	18.15	17.50	17.76	428810	7651529.00
2017/12/05	17.76	17.88	17.15	17.23	771100	13469679.00
2017/12/06	17.23	17.49	17.11	17.39	497980	8600082.00
2017/12/07	17.40	17.50	16.92	17.10	1190480	20404312.00
2017/12/08	17.10	17.42	17.03	17.37	483980	8356954.00
2017/12/11	17.39	17.55	17.03	17.43	364824	6353887.00
2017/12/12	17.38	17.38	17.20	17.36	650603	11235336.00
2017/12/13	17.30	17.46	17.25	17.41	547180	9498805.00
2017/12/14	17.40	17.45	17.00	17.31	370301	6389326.00
2017/12/15	17.13	17.34	17.10	17.22	404681	6949984.00
2017/12/18	17.07	17.31	17.03	17.05	400697	6858645.00
2017/12/19	17.07	17.19	17.03	17.09	411801	7029887.00
2017/12/20	17.02	17.32	16.92	17.12	367402	6274458.00
2017/12/21	17.11	17.29	17.03	17.09	381901	6551885.00
2017/12/22	17.25	17.25	17.02	17.06	382201	6521359.00
2017/12/25	17.08	17.10	16.53	16.57	547800	9142860.00
2017/12/26	16.57	16.76	16.50	16.70	452682	7524900.00
2017/12/27	16.56	16.97	16.43	16.77	549300	9135250.00
2017/12/28	16.78	16.78	16.54	16.59	695601	11551324.00
2017/12/29	16.60	16.91	16.50	16.70	426200	7128205.00
2018/01/02	16.71	18.00	16.70	17.33	1351210	23457882.00
2018/01/03	17.10	17.55	16.90	17.24	807900	13851422.00
2018/01/04	17.10	17.38	17.08	17.23	603757	10415891.00
2018/01/05	17.20	17.40	17.15	17.28	493973	8516303.00
2018/01/08	17.34	17.39	17.15	17.30	449165	7747909.00
2018/01/09	17.29	17.34	17.15	17.32	474058	8181102.00
2018/01/10	17.33	17.34	16.90	16.91	661401	11288436.00
2018/01/11	16.90	17.22	16.75	17.14	712774	12049874.00
2018/01/12	17.10	17.13	16.71	16.92	325900	5523997.00
2018/01/15	16.92	16.92	16.00	16.24	634800	10485610.00
2018/01/16	16.24	16.52	15.78	15.88	895600	14332603.00
2018/01/17	15.87	16.08	15.27	15.76	1102501	17154756.00
2018/01/18	15.75	15.75	15.34	15.63	991169	15378633.00
2018/01/19	15.59	15.86	15.44	15.76	871100	13673854.00
2018/01/22	15.47	16.20	15.40	16.09	954600	15107165.00
2018/01/23	16.19	16.19	15.83	16.05	593500	9491973.00
2018/01/24	16.04	16.27	15.83	16.15	721415	11623847.00
2018/01/25	16.10	16.28	16.01	16.19	684220	11051468.00
2018/01/26	16.15	16.46	16.00	16.20	620500	10021799.00
2018/01/29	16.29	16.41	15.84	16.38	1003524	16131884.00
2018/01/30	16.38	16.50	16.28	16.39	459200	7520955.00
2018/01/31	16.39	16.47	16.10	16.40	647898	10544836.00
2018/02/01	16.35	16.97	16.20	16.84	2882741	47999032.00
2018/02/02	16.74	16.80	15.30	16.60	870585	14161303.00
2018/02/05	16.35	16.60	16.05	16.42	724598	11827495.00
2018/02/06	16.12	16.40	15.90	16.02	1198002	19235212.00
2018/02/07	16.20	16.37	15.90	16.01	417601	6694763.00
2018/02/08	16.14	16.16	15.95	15.98	646700	10384042.00
2018/02/09	15.97	16.28	15.30	16.10	1083563	17078688.00
2018/02/12	16.39	16.39	16.08	16.25	550100	8917637.00
2018/02/13	16.29	16.30	16.20	16.22	308200	5006732.00
2018/02/14	16.34	16.39	16.13	16.21	117701	1905675.00
2018/02/22	16.42	16.42	16.15	16.19	319761	5196353.00
2018/02/23	16.10	16.45	16.10	16.39	690962	11258273.00
2018/02/26	16.48	17.15	16.40	16.97	1190714	20134120.00
2018/02/27	17.00	17.18	16.62	16.85	532600	9027253.00
2018/02/28	16.85	17.50	16.71	17.18	875668	15047007.00
2018/03/01	17.03	17.70	17.00	17.30	1246359	21708316.00
2018/03/02	17.30	17.49	17.16	17.36	916631	15884674.00
2018/03/05	17.42	17.84	17.24	17.40	873802	15247750.00
2018/03/06	17.40	17.48	17.17	17.23	800200	13824870.00
2018/03/07	17.49	17.49	17.12	17.20	429100	7400088.00
2018/03/08	17.25	17.69	17.25	17.63	1685050	29443992.00
2018/03/09	17.60	17.60	17.00	17.47	1737678	30257460.00
2018/03/12	17.41	17.70	17.37	17.66	1623748	28383154.00
2018/03/13	17.78	17.78	17.39	17.43	1419400	24912784.00
2018/03/14	17.20	17.50	17.00	17.10	711900	12276148.00
2018/03/15	17.22	17.79	17.02	17.43	2073395	36122500.00
2018/03/16	17.26	17.45	16.80	17.15	1579750	27149262.00
2018/03/19	17.26	17.40	17.08	17.13	554805	9561862.00
2018/03/20	16.89	17.41	16.89	17.31	1415349	24394612.00
2018/03/21	17.42	17.49	17.21	17.28	811556	14095066.00
2018/03/22	17.27	17.27	16.90	16.90	850400	14478701.00
2018/03/23	16.68	16.68	15.50	15.84	1313000	21127700.00
2018/03/26	15.84	16.24	15.50	16.13	506900	8119339.00
2018/03/27	16.23	16.70	16.23	16.50	674293	11141154.00
2018/03/28	16.31	16.66	16.20	16.39	547900	9005748.00
2018/03/29	16.36	16.67	16.27	16.41	354900	5814071.00
2018/03/30	16.47	16.68	16.30	16.60	637511	10548326.00
2018/04/02	16.58	17.47	16.42	17.10	1357739	23088884.00
2018/04/03	16.80	17.14	16.70	16.90	697764	11787822.00
2018/04/04	17.00	17.19	16.93	16.94	788416	13452063.00
2018/04/09	16.94	17.74	16.80	17.42	2559718	44537448.00
2018/04/10	17.50	17.52	17.19	17.27	849395	14690964.00
2018/04/11	17.30	17.55	17.25	17.32	579111	10072671.00
2018/04/12	17.33	17.38	17.13	17.18	489732	8439496.00
2018/04/13	17.16	17.73	17.13	17.72	1099353	19266020.00
2018/04/16	17.68	17.70	16.79	16.94	1960430	33609508.00
2018/04/17	16.73	17.35	16.72	17.02	1060593	18167296.00
2018/04/18	17.02	17.14	16.72	16.97	1105524	18761530.00
2018/04/19	16.88	17.10	16.53	16.99	687287	11597709.00
2018/04/20	16.99	17.18	16.71	16.80	564229	9545509.00
2018/04/23	16.77	18.00	16.51	17.78	5319635	93560928.00
2018/04/24	17.80	17.89	17.51	17.86	2745499	48575044.00
2018/04/25	17.75	17.86	17.48	17.76	1915882	33803268.00
数据来源:通达信
