600035 楚天高速 日线 不复权
      日期	    开盘	    最高	    最低	    收盘	    成交量	    成交额
2017/03/27	5.81	5.85	5.72	5.79	4438140	25645406.00
2017/03/28	5.81	5.81	5.76	5.78	2148539	12431174.00
2017/03/29	5.78	6.17	5.75	5.99	16324937	97759176.00
2017/03/30	5.94	6.00	5.82	5.91	12716220	74786000.00
2017/03/31	5.88	5.91	5.80	5.83	5876518	34270764.00
2017/04/05	5.85	5.88	5.77	5.87	5630815	32848180.00
2017/04/06	5.87	5.97	5.82	5.91	11998017	70851488.00
2017/04/07	5.90	5.93	5.86	5.88	4702340	27710612.00
2017/04/10	5.88	5.93	5.82	5.84	4516917	26442348.00
2017/04/11	5.82	5.87	5.75	5.87	6291092	36512432.00
2017/04/12	5.86	5.93	5.83	5.86	8505770	50111472.00
2017/04/13	5.86	5.92	5.83	5.92	7808199	46037040.00
2017/04/14	5.91	5.92	5.83	5.83	5058730	29639218.00
2017/04/17	5.81	5.83	5.72	5.75	5529698	31916000.00
2017/04/18	5.69	5.84	5.67	5.73	6756497	38832160.00
2017/04/19	5.73	5.73	5.55	5.65	8800170	49525768.00
2017/04/20	5.56	5.70	5.56	5.64	6003311	33846696.00
2017/04/21	5.58	5.71	5.54	5.56	6628896	37214444.00
2017/04/24	5.56	5.60	5.45	5.49	5782328	31912532.00
2017/04/25	5.50	5.59	5.50	5.56	3623723	20151216.00
2017/04/26	5.57	5.61	5.56	5.57	2478671	13849153.00
2017/04/27	5.58	5.60	5.51	5.59	2995053	16628078.00
2017/04/28	5.59	5.62	5.58	5.61	1631647	9145242.00
2017/05/02	5.63	5.77	5.58	5.71	5525765	31558402.00
2017/05/03	5.71	5.76	5.67	5.76	2858088	16411441.00
2017/05/04	5.73	5.83	5.71	5.78	3165016	18311080.00
2017/05/05	5.73	5.81	5.73	5.76	2845832	16456510.00
2017/05/08	5.73	5.81	5.62	5.64	3556461	20321188.00
2017/05/09	5.65	5.69	5.57	5.61	3342773	18763064.00
2017/05/10	5.61	5.69	5.58	5.61	3767093	21209324.00
2017/05/11	5.61	5.62	5.44	5.55	3876671	21512736.00
2017/05/12	5.55	5.62	5.52	5.61	1668823	9284162.00
2017/05/15	5.63	5.67	5.50	5.63	1833607	10338019.00
2017/05/16	5.66	5.66	5.56	5.65	2623196	14716150.00
2017/05/17	5.66	5.73	5.65	5.72	3410332	19446192.00
2017/05/18	5.70	5.74	5.66	5.69	3220437	18351432.00
2017/05/19	5.70	5.74	5.66	5.69	1353547	7718292.00
2017/05/22	5.72	5.72	5.63	5.65	1722902	9771375.00
2017/05/23	5.64	5.65	5.56	5.60	2308904	12938504.00
2017/05/24	5.53	5.53	5.43	5.49	2812365	15388851.00
2017/05/25	5.51	5.55	5.44	5.53	3286548	18015492.00
2017/05/26	5.55	5.55	5.46	5.48	2032252	11177095.00
2017/05/31	5.50	5.55	5.44	5.47	2951264	16196177.00
2017/06/01	5.47	5.50	5.40	5.42	3402920	18552032.00
2017/06/02	5.43	5.47	5.36	5.46	2899981	15682346.00
2017/06/05	5.46	5.50	5.43	5.46	2506566	13727605.00
2017/06/06	5.46	5.50	5.43	5.48	1069976	5839019.00
2017/06/07	5.50	5.54	5.45	5.54	2767130	15240850.00
2017/06/08	5.54	5.55	5.49	5.51	2494240	13754049.00
2017/06/09	5.49	5.59	5.49	5.58	4803393	26661140.00
2017/06/12	5.58	5.65	5.54	5.56	4409158	24631920.00
2017/06/13	5.55	5.61	5.52	5.59	5204650	29020544.00
2017/06/14	5.60	5.62	5.55	5.58	3128360	17444990.00
2017/06/15	5.57	5.63	5.55	5.62	3749893	20978296.00
2017/06/16	5.61	5.64	5.56	5.58	3956034	22162044.00
2017/06/19	5.58	5.62	5.55	5.61	2694656	15061853.00
2017/06/20	5.60	5.61	5.57	5.59	2105413	11762341.00
2017/06/21	5.60	5.62	5.56	5.58	1519456	8479598.00
2017/06/22	5.58	5.64	5.55	5.58	6358673	35618056.00
2017/06/23	5.56	5.58	5.51	5.56	3023867	16737378.00
2017/06/26	5.53	5.57	5.50	5.54	7714661	42752568.00
2017/06/27	5.55	5.56	5.52	5.55	2836764	15725873.00
2017/06/28	5.54	5.77	5.51	5.61	8978880	50818364.00
2017/06/29	5.57	5.61	5.53	5.55	6031899	33510392.00
2017/06/30	5.55	5.56	5.46	5.51	5876617	32324256.00
2017/07/03	5.51	5.61	5.51	5.56	5891316	32784952.00
2017/07/04	5.56	5.58	5.54	5.56	4479502	24897784.00
2017/07/05	5.56	5.61	5.54	5.58	4559701	25449434.00
2017/07/06	5.57	5.68	5.56	5.63	5300408	29808172.00
2017/07/07	5.60	5.63	5.58	5.63	3519097	19714650.00
2017/07/10	5.64	5.75	5.61	5.68	7528297	42782816.00
2017/07/11	5.71	5.71	5.60	5.61	4261331	24082798.00
2017/07/12	5.64	5.65	5.53	5.62	4870749	27175620.00
2017/07/13	5.60	5.62	5.55	5.61	3695851	20643676.00
2017/07/14	5.62	5.62	5.55	5.57	3038400	16909812.00
2017/07/17	5.56	5.57	5.01	5.39	5161785	27884444.00
2017/07/18	5.34	5.41	5.30	5.37	3130797	16765670.00
2017/07/19	5.34	5.48	5.33	5.47	4595643	24906772.00
2017/07/20	5.47	5.53	5.45	5.48	3295121	18040708.00
2017/07/21	5.48	5.54	5.46	5.51	3488341	19225228.00
2017/07/24	5.58	5.87	5.56	5.82	22715895	130930936.00
2017/07/25	5.75	5.81	5.62	5.68	13068380	74432520.00
2017/07/26	5.68	5.69	5.57	5.62	7809826	43884808.00
2017/07/27	5.62	5.70	5.58	5.67	6308631	35652864.00
2017/07/28	5.68	5.68	5.58	5.60	5209401	29221236.00
2017/07/31	5.60	5.68	5.56	5.68	7641892	42940072.00
2017/08/01	5.66	5.71	5.62	5.64	6625338	37530864.00
2017/08/02	5.62	5.65	5.60	5.61	5283380	29706168.00
2017/08/03	5.61	5.64	5.58	5.62	3610209	20230948.00
2017/08/04	5.62	5.63	5.55	5.56	5870210	32808124.00
2017/08/07	5.56	5.59	5.48	5.56	6067906	33560048.00
2017/08/08	5.56	5.61	5.53	5.60	5462859	30467448.00
2017/08/09	5.58	5.61	5.53	5.56	3801617	21164572.00
2017/08/10	5.54	5.58	5.51	5.54	3509409	19441840.00
2017/08/11	5.51	5.54	5.46	5.48	6585617	36195772.00
2017/08/14	5.48	5.55	5.45	5.53	3499040	19333006.00
2017/08/15	5.52	5.60	5.51	5.54	3617890	20134256.00
2017/08/16	5.55	5.56	5.50	5.55	2462711	13622998.00
2017/08/17	5.55	5.64	5.53	5.63	4733056	26450194.00
2017/08/18	5.61	5.69	5.58	5.68	6938627	39280344.00
2017/08/21	5.70	5.70	5.62	5.66	4250428	24046808.00
2017/08/22	5.67	5.67	5.60	5.62	3191105	17944840.00
2017/08/23	5.61	5.64	5.59	5.62	3249472	18260444.00
2017/08/24	5.63	5.66	5.59	5.61	2779180	15630923.00
2017/08/25	5.63	5.66	5.60	5.65	3485272	19670656.00
2017/08/28	5.65	5.69	5.64	5.68	5141911	29123564.00
2017/08/29	5.68	5.70	5.65	5.66	3809572	21568612.00
2017/08/30	5.68	5.71	5.66	5.71	5020278	28579960.00
2017/08/31	5.71	5.73	5.67	5.73	4873250	27808212.00
2017/09/01	5.72	5.74	5.66	5.70	6302797	35885872.00
2017/09/04	5.68	5.70	5.65	5.68	4280160	24301472.00
2017/09/05	5.68	5.70	5.63	5.67	3595938	20411760.00
2017/09/06	5.67	5.70	5.65	5.70	3611536	20501304.00
2017/09/07	5.68	5.70	5.65	5.70	5008848	28447620.00
2017/09/08	5.71	6.11	5.71	5.83	34254394	202301968.00
2017/09/11	5.81	5.94	5.78	5.85	17552060	102482920.00
2017/09/12	5.82	5.88	5.79	5.84	8214823	47823272.00
2017/09/13	5.85	5.91	5.81	5.84	7155734	41860000.00
2017/09/14	5.81	5.84	5.76	5.77	6949087	40240152.00
2017/09/15	5.76	5.89	5.76	5.86	8627318	50348776.00
2017/09/18	5.86	5.98	5.86	5.89	7581380	44820664.00
2017/09/19	5.93	5.99	5.89	5.90	5361022	31647916.00
2017/09/20	5.91	5.96	5.86	5.92	4626205	27293252.00
2017/09/21	5.93	6.06	5.93	5.99	8600457	51544108.00
2017/09/22	6.06	6.06	5.92	5.98	5618787	33528140.00
2017/09/25	5.98	5.98	5.68	5.71	11749047	68167264.00
2017/09/26	5.73	5.84	5.71	5.83	8759049	50480960.00
2017/09/27	5.84	5.87	5.75	5.82	4377322	25458932.00
2017/09/28	5.80	5.84	5.76	5.77	3920781	22711484.00
2017/09/29	5.77	5.83	5.75	5.82	2927764	17011364.00
2017/10/09	5.85	5.98	5.84	5.94	9322373	54952724.00
2017/10/10	5.96	6.05	5.94	6.02	11740196	70634104.00
2017/10/11	6.05	6.08	5.94	5.97	8068853	48433852.00
2017/10/12	5.97	5.97	5.90	5.93	5197463	30809596.00
2017/10/13	5.91	6.05	5.91	6.05	8653492	52005600.00
2017/10/16	6.05	6.08	5.90	5.91	8179596	48837564.00
2017/10/17	5.90	5.95	5.83	5.90	6960684	40929256.00
2017/10/18	5.95	5.95	5.77	5.85	5736232	33595084.00
2017/10/19	5.84	5.86	5.60	5.68	8747746	50317452.00
2017/10/20	5.66	5.72	5.63	5.71	5299675	30097788.00
2017/10/23	5.70	5.74	5.67	5.72	4728942	26966548.00
2017/10/24	5.73	5.73	5.66	5.68	4668473	26597702.00
2017/10/25	5.70	5.79	5.70	5.78	4284321	24671540.00
2017/10/26	5.79	5.80	5.71	5.73	4875586	27976802.00
2017/10/27	5.75	5.76	5.62	5.64	8471357	47954788.00
2017/10/30	5.64	5.65	5.40	5.51	11726001	64288244.00
2017/10/31	5.54	5.54	5.45	5.52	5343927	29397196.00
2017/11/01	5.52	5.52	5.41	5.45	7724331	42171908.00
2017/11/02	5.44	5.53	5.40	5.52	6943631	37948216.00
2017/11/03	5.51	5.72	5.49	5.70	15178643	85620384.00
2017/11/06	5.65	5.73	5.63	5.71	10046358	56972616.00
2017/11/07	5.70	5.72	5.57	5.72	8184903	46291216.00
2017/11/08	5.71	5.74	5.64	5.70	6531942	37198344.00
2017/11/09	5.67	5.73	5.64	5.68	4794687	27225976.00
2017/11/10	5.67	5.69	5.63	5.64	6715776	37984044.00
2017/11/13	5.65	5.67	5.51	5.52	8613333	48073748.00
2017/11/14	5.46	5.49	5.40	5.41	10589562	57435368.00
2017/11/15	5.42	5.45	5.38	5.42	3916771	21181172.00
2017/11/16	5.42	5.43	5.37	5.39	3604156	19420032.00
2017/11/17	5.38	5.40	5.17	5.21	7150333	37519224.00
2017/11/20	5.22	5.46	5.10	5.44	10066200	53001232.00
2017/11/21	5.35	5.40	5.20	5.24	12568708	66224152.00
2017/11/22	5.23	5.37	5.18	5.24	15730426	82612976.00
2017/11/23	5.22	5.23	5.06	5.19	11052817	56833756.00
2017/11/24	5.10	5.16	5.09	5.13	6309320	32287548.00
2017/11/27	5.07	5.11	5.02	5.04	6128800	31042664.00
2017/11/28	5.04	5.08	5.00	5.07	6136725	30863914.00
2017/11/29	5.07	5.07	4.89	4.97	10893037	54022376.00
2017/11/30	4.95	5.01	4.92	4.98	7176189	35652680.00
2017/12/01	4.99	4.99	4.94	4.98	9845108	48888020.00
2017/12/04	4.97	5.01	4.93	4.94	7385928	36712956.00
2017/12/05	4.93	5.05	4.80	5.01	12641335	61939096.00
2017/12/06	4.96	5.20	4.92	5.15	11650495	58702940.00
2017/12/07	5.13	5.19	5.08	5.18	8876074	45760244.00
2017/12/08	5.18	5.34	5.16	5.23	10830496	57045084.00
2017/12/11	5.19	5.37	5.15	5.28	7461256	39213172.00
2017/12/12	5.28	5.30	5.22	5.22	3653452	19216572.00
2017/12/13	5.19	5.35	5.19	5.32	6626946	35102080.00
2017/12/14	5.32	5.45	5.30	5.42	7758218	41940692.00
2017/12/15	5.41	5.51	5.33	5.48	7968460	43592856.00
2017/12/18	5.48	5.52	5.40	5.49	9362078	51108592.00
2017/12/19	5.47	5.52	5.41	5.44	3441839	18712172.00
2017/12/20	5.39	5.45	5.31	5.32	6227018	33397386.00
2017/12/21	5.32	5.41	5.32	5.33	5923015	31693216.00
2017/12/22	5.34	5.36	5.29	5.35	2287176	12168503.00
2017/12/25	5.35	5.37	5.12	5.22	7817740	40634680.00
2017/12/26	5.18	5.22	5.13	5.21	2974756	15395757.00
2017/12/27	5.21	5.28	5.15	5.19	2679794	13982498.00
2017/12/28	5.20	5.24	5.13	5.18	3190380	16530601.00
2017/12/29	5.18	5.22	5.15	5.21	2761401	14322853.00
2018/01/02	5.20	5.30	5.18	5.28	4629977	24293410.00
2018/01/03	5.26	5.38	5.24	5.29	6086507	32253480.00
2018/01/04	5.26	5.31	5.24	5.28	2592836	13685742.00
2018/01/05	5.28	5.28	5.19	5.22	5071825	26510706.00
2018/01/08	5.22	5.22	5.05	5.07	12661847	64533512.00
2018/01/09	5.08	5.15	5.01	5.13	12429120	63306052.00
2018/01/10	5.10	5.38	5.08	5.31	9236015	48046104.00
2018/01/11	5.29	5.29	5.20	5.21	3978400	20832184.00
2018/01/12	5.22	5.25	5.18	5.19	1947272	10152139.00
2018/01/15	5.17	5.17	5.05	5.08	5397708	27572464.00
2018/01/16	5.06	5.12	5.06	5.10	3601783	18331100.00
2018/01/17	5.10	5.15	5.05	5.10	3083600	15740366.00
2018/01/18	5.12	5.12	5.07	5.08	3086477	15724969.00
2018/01/19	5.07	5.17	5.07	5.10	3803800	19450078.00
2018/01/22	5.10	5.15	5.10	5.14	2306240	11837967.00
2018/01/23	5.14	5.18	5.12	5.13	3000320	15441970.00
2018/01/24	5.14	5.24	5.14	5.17	7062421	36505840.00
2018/01/25	5.15	5.20	5.10	5.14	11466996	59172552.00
2018/01/26	5.12	5.14	5.05	5.12	12763765	64977068.00
2018/01/29	5.11	5.11	5.00	5.02	6441470	32546730.00
2018/01/30	5.02	5.05	4.99	5.01	2805566	14065353.00
2018/01/31	5.01	5.04	4.95	5.04	4453075	22295546.00
2018/02/01	5.03	5.03	4.54	4.70	25004520	117893912.00
2018/02/02	4.64	4.80	4.23	4.71	18164976	82460872.00
2018/02/05	4.57	4.64	4.49	4.57	11852932	53784120.00
2018/02/06	4.50	4.52	4.40	4.40	5584095	24985680.00
2018/02/07	4.46	4.48	4.35	4.42	4792920	21183924.00
2018/02/08	4.34	4.50	4.34	4.42	6684932	29438304.00
2018/02/09	4.35	4.42	3.98	4.24	24182008	98736880.00
2018/02/12	4.18	4.25	4.12	4.24	6965876	29198240.00
2018/02/13	4.27	4.27	4.21	4.24	4752571	20171760.00
2018/02/14	4.24	4.25	4.19	4.24	2121697	8965027.00
2018/02/22	4.26	4.29	4.24	4.28	3294836	14064396.00
2018/02/23	4.28	4.30	4.22	4.27	5214928	22243764.00
2018/02/26	4.28	4.36	4.27	4.35	5016526	21703204.00
2018/02/27	4.37	4.45	4.34	4.40	6419723	28293496.00
2018/02/28	4.39	4.42	4.35	4.39	3560492	15626575.00
2018/03/01	4.36	4.40	4.34	4.38	3601621	15768329.00
2018/03/02	4.37	4.40	4.34	4.38	2132303	9316045.00
2018/03/05	4.38	4.38	4.33	4.35	2571361	11183247.00
2018/03/06	4.36	4.40	4.34	4.40	3966609	17365354.00
2018/03/07	4.38	4.42	4.38	4.38	2801529	12329039.00
2018/03/08	4.37	4.41	4.37	4.39	2029560	8904066.00
2018/03/09	4.39	4.45	4.37	4.44	4556307	20116992.00
2018/03/12	4.45	4.53	4.44	4.48	5107926	22896964.00
2018/03/13	4.47	4.51	4.44	4.45	3667148	16361572.00
2018/03/14	4.44	4.46	4.40	4.41	2566908	11334899.00
2018/03/15	4.40	4.42	4.37	4.40	2330411	10226347.00
2018/03/16	4.38	4.41	4.38	4.40	2158116	9490603.00
2018/03/19	4.39	4.47	4.35	4.43	6721943	29700616.00
2018/03/20	4.40	4.40	4.36	4.36	3062077	13403005.00
2018/03/21	4.36	4.69	4.34	4.44	11747402	52505456.00
2018/03/22	4.41	4.42	4.31	4.35	7801161	34106668.00
2018/03/23	4.22	4.35	4.01	4.31	10876412	45238004.00
2018/03/26	4.18	4.29	4.14	4.27	7683289	32201482.00
2018/03/27	4.27	4.32	4.24	4.28	6458778	27661460.00
2018/03/28	4.24	4.26	4.15	4.24	5277890	22199080.00
2018/03/29	4.24	4.25	4.18	4.24	4313542	18173684.00
2018/03/30	4.24	4.26	4.21	4.23	3654406	15462884.00
2018/04/02	4.23	4.25	4.21	4.22	2901187	12284386.00
2018/04/03	4.21	4.22	4.16	4.21	3988106	16669902.00
2018/04/04	4.20	4.23	4.18	4.21	2632000	11071242.00
2018/04/09	4.18	4.20	4.14	4.17	2422333	10101591.00
2018/04/10	4.18	4.20	4.16	4.20	2757668	11516167.00
2018/04/11	4.19	4.22	4.18	4.20	3435266	14461794.00
2018/04/12	4.19	4.23	4.18	4.20	1994856	8386853.00
2018/04/13	4.21	4.22	4.18	4.19	1667060	6992177.00
2018/04/16	4.18	4.20	4.14	4.18	3060588	12764572.00
2018/04/17	4.17	4.18	4.11	4.15	2930116	12142308.00
2018/04/18	4.13	4.15	4.10	4.14	2460894	10156490.00
2018/04/19	4.14	4.14	4.08	4.12	7290940	29945930.00
2018/04/20	4.10	4.10	3.99	4.02	4758120	19253768.00
2018/04/23	4.02	4.08	4.00	4.05	2695200	10899502.00
2018/04/24	4.04	4.13	4.04	4.12	3618338	14834321.00
2018/04/25	4.11	4.15	4.09	4.15	3019461	12458165.00
数据来源:通达信
