600075 新疆天业 日线 不复权
      日期	    开盘	    最高	    最低	    收盘	    成交量	    成交额
2017/03/27	14.65	14.75	14.21	14.30	16045435	230621744.00
2017/03/28	14.20	14.97	14.20	14.92	27003158	397184000.00
2017/03/29	14.85	14.95	14.56	14.59	20858013	307513888.00
2017/03/30	14.50	15.27	14.41	14.76	36709393	549413248.00
2017/03/31	14.81	15.20	13.61	13.77	30912957	439310048.00
2017/04/05	13.51	14.06	13.51	13.99	13125486	182349360.00
2017/04/06	13.91	14.22	13.81	13.94	11267093	157968448.00
2017/04/07	13.88	13.99	13.60	13.83	11680246	160656992.00
2017/04/10	13.77	14.38	13.62	14.28	17568069	244953104.00
2017/04/11	14.11	14.67	14.05	14.54	18437707	265123088.00
2017/04/12	14.46	14.66	14.00	14.02	12113140	173964736.00
2017/04/13	13.88	14.13	13.87	14.03	6854436	95826688.00
2017/04/14	14.01	14.25	13.87	13.92	7429942	104414248.00
2017/04/17	14.08	14.27	13.82	14.21	8980445	126577200.00
2017/04/18	14.25	14.46	14.01	14.18	11121173	158445184.00
2017/04/19	14.06	14.28	13.51	13.68	13577463	188491696.00
2017/04/20	13.61	13.79	13.06	13.32	13324441	178700384.00
2017/04/21	13.33	13.47	12.99	13.11	9180061	121039176.00
2017/04/24	13.25	13.43	13.00	13.02	10134140	133932800.00
2017/04/25	12.91	13.21	12.80	13.09	5789444	75681456.00
2017/04/26	13.14	13.27	13.04	13.15	4840586	63767300.00
2017/04/27	13.10	13.46	12.86	13.37	8979813	118584224.00
2017/04/28	13.28	13.43	13.27	13.41	5364273	71581360.00
2017/05/02	13.40	13.92	13.36	13.83	10574276	145070736.00
2017/05/03	13.87	14.88	13.72	14.18	20773086	298473888.00
2017/05/04	14.15	14.39	13.92	14.19	13546520	191492144.00
2017/05/05	14.02	14.13	13.52	13.55	12619816	174475616.00
2017/05/08	13.58	13.87	13.19	13.24	10604171	143390784.00
2017/05/09	13.11	13.42	12.98	13.38	6694520	88559328.00
2017/05/10	13.37	13.50	12.90	13.01	7017797	92727928.00
2017/05/11	12.92	13.11	12.53	12.89	10964016	140406176.00
2017/05/12	12.89	12.98	12.66	12.96	5785227	74412704.00
2017/05/15	13.04	13.20	12.81	12.84	5356716	69498056.00
2017/05/16	12.78	13.06	12.53	13.05	8011837	102328160.00
2017/05/17	13.05	13.19	12.98	13.12	6286192	82473136.00
2017/05/18	12.97	13.05	12.58	12.84	5707831	73609008.00
2017/05/19	12.90	13.05	12.84	12.97	4048036	52407692.00
2017/05/22	12.85	12.97	12.48	12.51	5984465	75893600.00
2017/05/23	12.49	12.56	11.71	11.74	7856763	95223208.00
2017/05/24	11.75	11.97	11.60	11.92	4234219	49986724.00
2017/05/25	11.90	12.08	11.73	11.97	5169004	61605168.00
2017/05/26	12.03	12.09	11.86	11.91	5344263	63910024.00
2017/05/31	12.06	12.14	11.81	11.86	6586800	78808768.00
2017/06/01	11.95	11.95	11.51	11.53	5820406	68200144.00
2017/06/02	11.38	11.60	11.10	11.54	6131013	69677144.00
2017/06/05	11.61	12.10	11.61	12.00	6932362	82671936.00
2017/06/06	12.00	12.07	11.90	12.06	3076325	36895040.00
2017/06/07	12.03	12.33	12.01	12.29	6442730	78522696.00
2017/06/08	12.30	12.37	12.18	12.28	6805610	83523088.00
2017/06/09	8.70	8.84	8.57	8.60	5822705	50561236.00
2017/06/12	8.51	8.54	8.34	8.36	6475635	54485056.00
2017/06/13	8.31	8.46	8.31	8.43	6376112	53642452.00
2017/06/14	8.43	8.75	8.36	8.60	10528889	90406256.00
2017/06/15	8.62	8.88	8.57	8.87	10713421	93594688.00
2017/06/16	8.83	8.85	8.67	8.69	8920776	77829776.00
2017/06/19	8.67	8.76	8.60	8.71	6648142	57721060.00
2017/06/20	8.70	8.73	8.60	8.62	6938457	60041816.00
2017/06/21	8.66	8.89	8.63	8.79	12897143	113217528.00
2017/06/22	8.72	8.77	8.38	8.39	12405469	106871176.00
2017/06/23	8.40	8.47	8.22	8.37	8453644	70552016.00
2017/06/26	8.46	8.59	8.42	8.56	6602739	56201028.00
2017/06/27	8.58	8.68	8.52	8.58	6911280	59467716.00
2017/06/28	8.58	8.85	8.58	8.83	17749732	155693728.00
2017/06/29	8.77	8.92	8.73	8.77	11450949	100734280.00
2017/06/30	8.71	8.77	8.62	8.72	8933347	77630504.00
2017/07/03	8.83	8.92	8.71	8.84	9466528	83515920.00
2017/07/04	8.84	8.99	8.80	8.85	11099383	98576088.00
2017/07/05	8.83	8.85	8.75	8.85	8685093	76422368.00
2017/07/06	8.87	8.92	8.72	8.81	6776553	59605884.00
2017/07/07	8.77	8.90	8.75	8.87	8601429	76009360.00
2017/07/10	8.82	9.44	8.82	9.19	25296563	233609792.00
2017/07/11	9.14	9.66	9.13	9.32	28595266	269962752.00
2017/07/12	9.45	9.95	9.45	9.74	39864077	385848928.00
2017/07/13	9.74	10.02	9.55	9.90	36148056	356000800.00
2017/07/14	9.95	9.99	9.61	9.76	20239702	196713248.00
2017/07/17	9.83	9.90	9.09	9.23	25231723	236964160.00
2017/07/18	9.31	10.00	9.21	9.99	29137778	279896096.00
2017/07/19	9.90	10.43	9.86	10.28	46757865	475710432.00
2017/07/20	10.15	10.48	10.05	10.28	34133969	350078144.00
2017/07/21	10.20	10.67	10.11	10.63	40363648	421714464.00
2017/07/24	10.59	11.10	10.32	10.39	56416283	604359168.00
2017/07/25	10.50	10.50	10.08	10.24	28636264	291827104.00
2017/07/26	10.15	10.89	10.11	10.86	39420867	412135872.00
2017/07/27	10.81	10.94	10.30	10.50	38246180	404709664.00
2017/07/28	10.33	10.44	10.14	10.35	23917936	246378944.00
2017/07/31	10.29	10.68	10.13	10.64	30138261	315115232.00
2017/08/01	10.60	10.75	10.41	10.46	29022586	306321280.00
2017/08/02	10.49	10.72	10.17	10.28	32763175	340380800.00
2017/08/03	10.20	10.57	10.09	10.55	25673546	265571824.00
2017/08/04	10.66	11.23	10.52	10.82	66975236	728724032.00
2017/08/07	10.72	10.91	10.52	10.84	30059832	321263680.00
2017/08/08	10.72	10.88	9.93	10.05	58893398	606780928.00
2017/08/09	9.96	10.19	9.84	10.06	27766092	278291424.00
2017/08/10	10.06	10.11	9.51	9.81	27662839	271020736.00
2017/08/11	9.68	9.74	9.34	9.41	18879159	179779136.00
2017/08/14	9.40	9.47	9.28	9.42	15457809	144980352.00
2017/08/15	9.33	9.65	9.30	9.54	15019061	143009904.00
2017/08/16	9.53	9.53	9.33	9.41	10077212	94723648.00
2017/08/17	9.46	9.54	9.37	9.54	10144512	95855832.00
2017/08/18	9.48	9.62	9.45	9.51	9087876	86637032.00
2017/08/21	9.51	9.51	9.35	9.45	14738230	138528480.00
2017/08/22	9.41	9.43	9.26	9.30	9962656	93133696.00
2017/08/23	9.29	9.38	9.25	9.31	5433590	50670464.00
2017/08/24	9.36	9.37	9.06	9.11	10325953	94650472.00
2017/08/25	9.09	9.24	9.08	9.19	7839574	71880832.00
2017/08/28	9.28	9.42	9.26	9.40	12437923	116495288.00
2017/08/29	9.41	9.43	9.26	9.30	11365338	106116936.00
2017/08/30	9.31	9.83	9.30	9.81	31570310	303336192.00
2017/08/31	9.85	9.85	9.59	9.69	19149773	185515936.00
2017/09/01	9.75	10.04	9.75	9.97	26084358	258651600.00
2017/09/04	9.97	10.15	9.85	9.96	14986500	149615104.00
2017/09/05	9.93	9.97	9.75	9.78	11313067	111012216.00
2017/09/06	9.73	9.96	9.64	9.91	13649713	133817840.00
2017/09/07	9.89	9.89	9.69	9.74	10082481	98520120.00
2017/09/08	9.68	9.83	9.62	9.72	7915352	76925688.00
2017/09/11	9.75	9.75	9.58	9.66	10180237	98263328.00
2017/09/12	9.64	10.05	9.64	10.03	28231107	280260192.00
2017/09/13	9.98	10.05	9.85	10.00	12408379	123132008.00
2017/09/14	9.98	10.12	9.79	9.84	16088769	160046432.00
2017/09/15	9.81	9.84	9.66	9.80	10668909	103886128.00
2017/09/18	9.72	9.85	9.71	9.80	7409716	72469232.00
2017/09/19	9.80	9.86	9.58	9.65	10485997	101951024.00
2017/09/20	9.60	9.65	9.42	9.55	14971351	142259872.00
2017/09/21	9.49	9.55	9.33	9.35	14622107	137390320.00
2017/09/22	9.26	9.38	9.25	9.27	10589998	98373248.00
2017/09/25	9.25	9.34	9.11	9.12	9631095	88827744.00
2017/09/26	9.14	9.23	9.10	9.21	6040901	55377196.00
2017/09/27	9.20	9.29	9.15	9.29	4738877	43866280.00
2017/09/28	9.26	9.32	9.22	9.28	5612544	52062392.00
2017/09/29	9.30	9.35	9.25	9.32	4590295	42665152.00
2017/10/09	9.38	9.46	9.30	9.45	8495556	79869720.00
2017/10/10	9.42	9.48	9.36	9.48	6543294	61702076.00
2017/10/11	9.48	9.49	9.31	9.33	6582180	61766588.00
2017/10/12	9.31	9.34	9.16	9.22	6923362	63885544.00
2017/10/13	9.18	9.27	9.18	9.27	4514208	41678904.00
2017/10/16	9.26	9.30	9.13	9.15	5966564	54986856.00
2017/10/17	9.12	9.20	9.06	9.15	5594224	51086564.00
2017/10/18	9.15	9.16	8.98	8.99	5674560	51479472.00
2017/10/19	8.96	8.96	8.70	8.71	8051123	70788128.00
2017/10/20	8.71	8.91	8.68	8.90	3876129	34121268.00
2017/10/23	8.89	9.06	8.86	9.01	4249180	38193400.00
2017/10/24	9.05	9.05	8.88	9.02	3509482	31449756.00
2017/10/25	9.05	9.14	9.02	9.08	4790079	43507176.00
2017/10/26	9.08	9.15	9.05	9.14	4818263	43891916.00
2017/10/27	9.14	9.25	9.11	9.20	6992824	64321712.00
2017/10/30	9.17	9.22	8.83	8.91	7262560	65019332.00
2017/10/31	8.93	8.96	8.88	8.93	3786636	33763372.00
2017/11/01	8.92	9.04	8.90	8.93	3675149	32951760.00
2017/11/02	8.93	8.95	8.71	8.77	5916743	51989912.00
2017/11/03	8.78	8.84	8.56	8.61	5710152	49449232.00
2017/11/06	8.60	8.67	8.44	8.56	7041270	60101752.00
2017/11/07	8.56	8.61	8.48	8.60	6563242	56134368.00
2017/11/08	8.65	8.72	8.56	8.65	5438514	47013064.00
2017/11/09	8.65	8.72	8.60	8.69	4942420	42762136.00
2017/11/10	8.63	8.70	8.55	8.56	5376880	46199024.00
2017/11/13	8.56	8.58	8.40	8.42	9168260	77441200.00
2017/11/14	8.40	8.54	8.36	8.44	7346929	62134728.00
2017/11/15	8.40	8.43	8.26	8.28	7081416	58945664.00
2017/11/16	8.28	8.31	8.25	8.27	5185759	42926260.00
2017/11/17	8.22	8.26	7.87	7.88	11501269	92358560.00
2017/11/20	7.84	7.84	7.57	7.82	8501859	65248488.00
2017/11/21	7.80	7.89	7.66	7.74	6199205	48094888.00
2017/11/22	7.74	7.83	7.70	7.73	5705924	44252796.00
2017/11/23	7.73	8.03	7.70	7.79	11678814	91930416.00
2017/11/24	7.77	7.90	7.72	7.84	7514710	58887752.00
2017/11/27	7.81	8.01	7.80	7.92	6470850	51253264.00
2017/11/28	7.97	8.07	7.85	8.07	7492362	59709700.00
2017/11/29	8.06	8.19	7.96	8.13	9154065	74128944.00
2017/11/30	8.10	8.17	7.84	7.92	9321415	74437744.00
2017/12/01	7.94	7.95	7.86	7.94	4038975	31976620.00
2017/12/04	7.93	8.20	7.89	8.14	11162101	90010224.00
2017/12/05	8.14	8.23	7.83	7.86	11608546	93246640.00
2017/12/06	7.80	7.97	7.63	7.96	6796079	52888132.00
2017/12/07	7.90	8.01	7.87	7.89	4830599	38288312.00
2017/12/08	7.90	8.11	7.85	8.10	7782195	62498552.00
2017/12/11	8.09	8.15	8.02	8.11	5880643	47428912.00
2017/12/12	8.11	8.11	7.91	7.94	5230742	41927152.00
2017/12/13	7.93	8.02	7.89	7.94	4657865	37041712.00
2017/12/14	7.97	8.02	7.90	7.97	5102988	40640096.00
2017/12/15	7.97	7.99	7.82	7.87	4248654	33485448.00
2017/12/18	7.85	7.92	7.84	7.87	2874409	22606498.00
2017/12/19	7.85	7.92	7.84	7.87	3676477	28993060.00
2017/12/20	7.87	7.88	7.57	7.59	8622106	66434288.00
2017/12/21	7.59	7.64	7.45	7.57	5560337	41992924.00
2017/12/22	7.51	7.66	7.51	7.60	3337429	25373726.00
2017/12/25	7.56	7.61	7.29	7.35	8231868	61161484.00
2017/12/26	7.35	7.43	7.32	7.42	3786156	27936416.00
2017/12/27	7.42	7.51	7.38	7.44	4400157	32817256.00
2017/12/28	7.44	7.61	7.40	7.56	6280148	47196380.00
2017/12/29	7.56	7.79	7.56	7.77	7356617	56822952.00
2018/01/02	7.78	8.05	7.66	7.99	9827736	77764536.00
2018/01/03	7.94	8.01	7.90	7.97	9054874	72016800.00
2018/01/04	7.93	8.16	7.91	8.15	13301606	107184600.00
2018/01/05	8.13	8.15	8.02	8.05	8607702	69454056.00
2018/01/08	8.00	8.27	8.00	8.18	11497853	93948864.00
2018/01/09	8.12	8.35	8.12	8.30	11355708	93217456.00
2018/01/10	8.23	8.32	7.99	8.00	11709703	95058824.00
2018/01/11	8.06	8.08	7.90	8.07	6771305	54331832.00
2018/01/12	8.08	8.08	7.90	7.92	6084800	48479540.00
2018/01/15	7.86	7.91	7.58	7.63	7702288	59751156.00
2018/01/16	7.61	7.81	7.57	7.81	5339105	41333612.00
2018/01/17	7.84	7.86	7.69	7.85	5269820	41063920.00
2018/01/18	7.86	8.06	7.80	8.05	9184833	72963576.00
2018/01/19	8.04	8.06	7.91	7.96	7065622	56361404.00
2018/01/22	7.95	7.99	7.80	7.96	6927852	54647988.00
2018/01/23	7.98	8.02	7.90	7.99	5401884	42974464.00
2018/01/24	8.00	8.00	7.85	7.94	5835416	46204672.00
2018/01/25	7.96	8.16	7.92	8.15	13881093	112261448.00
2018/01/26	8.10	8.19	8.05	8.06	11021491	89373232.00
2018/01/29	8.09	8.21	8.06	8.13	11197669	91117808.00
2018/01/30	8.09	8.28	8.00	8.24	14983841	122556640.00
2018/01/31	8.19	8.36	8.11	8.13	15215685	125265392.00
2018/02/01	8.08	8.14	7.72	7.75	14550808	114800832.00
2018/02/02	7.59	7.75	7.48	7.73	8611127	65733156.00
2018/02/05	7.55	8.01	7.54	7.90	7889909	61985752.00
2018/02/06	7.78	7.85	7.35	7.36	9915574	75662560.00
2018/02/07	7.55	7.63	7.22	7.50	7712430	57981784.00
2018/02/08	7.52	7.62	7.46	7.55	5118956	38573048.00
2018/02/09	7.41	7.45	7.11	7.21	7462853	54347064.00
2018/02/12	7.25	7.39	7.25	7.37	3683312	26970280.00
2018/02/13	7.39	7.54	7.30	7.34	4863472	36143400.00
2018/02/14	7.40	7.40	7.31	7.39	1968640	14507622.00
2018/02/22	7.46	7.53	7.39	7.53	4569038	34185260.00
2018/02/23	7.53	7.60	7.48	7.57	4303369	32459744.00
2018/02/26	7.61	7.69	7.50	7.68	7621271	57931592.00
2018/02/27	7.68	7.68	7.58	7.60	5201189	39553296.00
2018/02/28	7.58	7.63	7.48	7.57	5022884	37910260.00
2018/03/01	7.53	7.70	7.52	7.69	7191228	54801064.00
2018/03/02	7.64	7.67	7.57	7.59	4994434	37981448.00
2018/03/05	7.59	7.64	7.52	7.56	3977078	30035580.00
2018/03/06	7.58	7.66	7.51	7.66	5468724	41475284.00
2018/03/07	7.62	7.67	7.55	7.57	5077715	38624356.00
2018/03/08	7.57	7.63	7.52	7.62	4977481	37644072.00
2018/03/09	7.60	7.67	7.59	7.67	8070944	61621916.00
2018/03/12	7.68	7.74	7.63	7.72	9967475	76639776.00
2018/03/13	7.73	7.92	7.68	7.86	14490280	113432376.00
2018/03/14	7.81	7.85	7.70	7.71	7925878	61518660.00
2018/03/15	7.69	7.69	7.52	7.57	6699489	50806472.00
2018/03/16	7.55	7.61	7.50	7.51	4449300	33642048.00
2018/03/19	7.50	7.54	7.43	7.50	3491400	26144936.00
2018/03/20	7.46	7.50	7.40	7.50	3538755	26364284.00
2018/03/21	7.52	7.56	7.37	7.44	5017947	37665260.00
2018/03/22	7.41	7.47	7.37	7.41	4165915	30889664.00
2018/03/23	7.23	7.26	6.67	6.82	13168928	92164896.00
2018/03/26	6.63	6.85	6.61	6.84	6401687	42988572.00
2018/03/27	6.88	6.98	6.88	6.93	5777294	39997540.00
2018/03/28	6.84	6.89	6.79	6.80	4476180	30574744.00
2018/03/29	6.84	6.93	6.79	6.92	4149188	28492964.00
2018/03/30	6.91	6.98	6.90	6.95	4152949	28830548.00
2018/04/02	6.95	7.01	6.89	6.94	4878466	33887620.00
2018/04/03	6.93	6.93	6.74	6.77	5465873	37123480.00
2018/04/04	6.80	6.85	6.78	6.82	4614198	31443012.00
2018/04/09	6.78	6.84	6.73	6.81	3231839	21947516.00
2018/04/10	6.80	7.06	6.80	7.04	8307884	57684672.00
2018/04/11	7.04	7.08	6.96	7.02	5656820	39771664.00
2018/04/12	6.90	6.90	6.77	6.79	10457989	71391128.00
2018/04/13	6.82	6.82	6.72	6.74	4721925	31977828.00
2018/04/16	6.76	6.88	6.74	6.79	7295902	49591256.00
2018/04/17	6.79	6.80	6.64	6.65	5529960	37098028.00
2018/04/18	6.69	6.71	6.55	6.70	5750207	38113136.00
2018/04/19	6.65	6.81	6.64	6.76	6200640	41664272.00
2018/04/20	6.85	6.85	6.61	6.63	5882624	39628068.00
2018/04/23	6.61	6.64	6.48	6.53	4367407	28582070.00
2018/04/24	6.55	6.64	6.53	6.62	3820588	25217166.00
2018/04/25	6.59	6.62	6.54	6.57	3372327	22138136.00
数据来源:通达信
