600007 中国国贸 日线 不复权
      日期	    开盘	    最高	    最低	    收盘	    成交量	    成交额
2017/03/27	20.88	21.14	20.71	20.91	1726988	36069712.00
2017/03/28	20.91	21.08	20.76	20.98	983299	20574952.00
2017/03/29	21.06	21.14	20.34	20.36	1506822	31156348.00
2017/03/30	20.15	20.33	19.38	19.81	2599929	51415424.00
2017/03/31	19.82	20.09	19.73	20.01	1092660	21834604.00
2017/04/05	20.00	21.20	19.98	20.56	1420981	29321484.00
2017/04/06	20.60	20.76	20.39	20.63	761120	15667474.00
2017/04/07	20.61	20.82	20.51	20.76	984200	20390328.00
2017/04/10	20.78	21.16	20.38	21.12	2409714	50451792.00
2017/04/11	21.19	21.40	20.91	21.08	1866910	39475712.00
2017/04/12	20.92	21.26	20.64	20.68	1908108	40028064.00
2017/04/13	20.78	21.17	20.60	20.97	853948	17907082.00
2017/04/14	21.31	21.31	20.80	20.88	1311250	27625398.00
2017/04/17	20.80	20.89	20.06	20.88	1073999	22028660.00
2017/04/18	20.80	20.99	20.42	20.82	1674512	34633844.00
2017/04/19	20.64	20.64	20.17	20.48	1376797	27975948.00
2017/04/20	20.47	20.47	20.21	20.30	1234600	25073052.00
2017/04/21	20.30	20.51	20.00	20.50	604001	12271765.00
2017/04/24	20.46	20.46	19.91	20.11	1285808	25869492.00
2017/04/25	19.95	20.27	19.82	20.01	807700	16220953.00
2017/04/26	20.01	20.31	19.94	20.19	719079	14511422.00
2017/04/27	20.19	20.28	19.86	20.12	827291	16558737.00
2017/04/28	20.07	20.13	19.93	20.00	1013008	20239508.00
2017/05/02	19.90	20.88	19.90	20.77	1773709	36183464.00
2017/05/03	20.58	20.77	20.23	20.28	1035366	21149112.00
2017/05/04	20.40	20.40	19.91	19.97	900422	18111160.00
2017/05/05	19.95	20.16	19.77	20.01	1781172	35582800.00
2017/05/08	19.89	19.99	19.20	19.40	1546574	30317524.00
2017/05/09	19.56	19.79	18.85	19.58	1052066	20327400.00
2017/05/10	19.40	19.61	18.89	18.90	624215	12004786.00
2017/05/11	19.08	19.28	18.72	19.15	1523802	28997208.00
2017/05/12	19.19	19.36	19.03	19.30	772051	14837690.00
2017/05/15	19.30	19.72	19.01	19.65	1655833	32218220.00
2017/05/16	19.46	19.98	19.43	19.97	989646	19566526.00
2017/05/17	19.97	20.44	19.88	19.91	862242	17361132.00
2017/05/18	19.89	20.10	19.81	19.96	425739	8479615.00
2017/05/19	20.02	20.66	20.02	20.66	1907187	39140580.00
2017/05/22	20.60	20.99	20.40	20.62	1077264	22287688.00
2017/05/23	20.62	20.62	19.90	20.39	1485256	30025480.00
2017/05/24	20.20	20.50	19.97	20.36	644170	13010251.00
2017/05/25	20.35	20.78	20.35	20.70	954102	19685224.00
2017/05/26	20.70	20.77	20.41	20.49	461161	9490002.00
2017/05/31	20.80	20.89	20.40	20.55	808128	16646670.00
2017/06/01	20.40	20.59	20.27	20.55	831443	17001848.00
2017/06/02	20.42	20.54	20.15	20.40	689849	13986504.00
2017/06/05	20.31	20.43	20.11	20.31	590360	11944730.00
2017/06/06	20.30	20.48	20.12	20.46	487710	9896143.00
2017/06/07	20.45	20.98	20.38	20.93	1048542	21787518.00
2017/06/08	20.90	21.05	20.80	20.81	708879	14836280.00
2017/06/09	20.83	21.00	20.61	20.81	467208	9695666.00
2017/06/12	20.78	21.12	20.75	20.83	687902	14431648.00
2017/06/13	20.80	21.05	20.64	20.92	482760	10049343.00
2017/06/14	20.91	20.99	20.71	20.75	317601	6616392.00
2017/06/15	20.80	21.29	20.70	21.10	738098	15546368.00
2017/06/16	21.25	21.25	20.49	20.74	758783	15795799.00
2017/06/19	20.52	20.61	20.30	20.50	629995	12903179.00
2017/06/20	20.57	20.69	20.37	20.51	698337	14300959.00
2017/06/21	20.43	20.59	20.30	20.59	534805	10936624.00
2017/06/22	20.59	20.67	20.00	20.07	778585	15890051.00
2017/06/23	19.71	20.25	19.71	20.24	635076	12766791.00
2017/06/26	20.24	20.76	20.19	20.69	842019	17284800.00
2017/06/27	20.69	20.88	20.54	20.84	770217	15966687.00
2017/06/28	20.64	20.82	20.51	20.55	317550	6554749.00
2017/06/29	20.55	20.69	20.39	20.58	480931	9854394.00
2017/06/30	20.56	20.84	20.48	20.81	590374	12242960.00
2017/07/03	20.80	20.97	20.53	20.67	506450	10479232.00
2017/07/04	20.65	20.90	20.30	20.32	406525	8315603.00
2017/07/05	20.32	20.60	20.23	20.57	381106	7776348.00
2017/07/06	20.39	20.56	20.26	20.27	308201	6293723.00
2017/07/07	20.45	20.49	20.00	20.12	671527	13545967.00
2017/07/10	20.12	20.33	19.95	20.19	361275	7272188.00
2017/07/11	20.15	20.47	20.00	20.04	665634	13391934.00
2017/07/12	20.02	20.36	19.94	20.23	913810	18470784.00
2017/07/13	20.34	20.34	20.00	20.08	328056	6589160.00
2017/07/14	20.04	20.16	19.98	20.14	529852	10610276.00
2017/07/17	19.99	20.19	19.66	19.79	569754	11320625.00
2017/07/18	19.70	19.93	19.57	19.87	479700	9483216.00
2017/07/19	19.93	20.00	19.71	19.97	515014	10244670.00
2017/07/20	19.97	20.00	19.78	19.93	432470	8611703.00
2017/07/21	19.79	19.92	19.36	19.69	1359447	26682664.00
2017/07/24	19.69	19.70	19.50	19.53	685302	13398616.00
2017/07/25	19.50	19.66	19.49	19.55	596700	11663571.00
2017/07/26	19.55	20.09	19.41	20.03	1291168	25563448.00
2017/07/27	20.03	20.15	19.85	19.95	283375	5658088.00
2017/07/28	20.00	20.00	19.70	19.76	368570	7301816.00
2017/07/31	19.80	19.82	19.57	19.59	533381	10493539.00
2017/08/01	19.55	19.87	19.52	19.72	515402	10145763.00
2017/08/02	19.70	19.78	19.52	19.59	360725	7074737.00
2017/08/03	19.63	19.84	19.55	19.70	659035	12972737.00
2017/08/04	19.59	19.80	19.55	19.59	373000	7321706.00
2017/08/07	19.58	19.77	19.55	19.72	182867	3594860.00
2017/08/08	19.73	19.75	19.60	19.68	217599	4278597.00
2017/08/09	19.56	19.69	19.54	19.59	340800	6674006.00
2017/08/10	19.59	19.99	19.54	19.87	1494552	29466788.00
2017/08/11	19.80	20.03	19.60	19.83	1013451	20208446.00
2017/08/14	19.83	20.01	19.70	19.89	317600	6321699.00
2017/08/15	19.89	20.07	19.77	20.00	306199	6109515.00
2017/08/16	20.02	20.02	19.84	19.87	202100	4019402.00
2017/08/17	19.89	19.90	19.73	19.80	255282	5058114.00
2017/08/18	19.79	20.08	19.71	20.08	811705	16212083.00
2017/08/21	20.08	20.09	19.84	19.98	367777	7345417.00
2017/08/22	19.89	20.04	19.82	19.90	244875	4874175.00
2017/08/23	19.84	19.90	19.76	19.78	234001	4636440.00
2017/08/24	19.88	20.06	19.76	19.76	437900	8736786.00
2017/08/25	19.74	19.92	19.55	19.72	716901	14082464.00
2017/08/28	19.76	19.84	19.65	19.75	440821	8701993.00
2017/08/29	19.72	19.88	19.68	19.76	344500	6812742.00
2017/08/30	19.77	19.77	19.54	19.71	1614420	31601280.00
2017/08/31	19.65	19.87	19.59	19.75	540900	10689170.00
2017/09/01	19.72	19.91	19.62	19.84	455722	9044156.00
2017/09/04	19.92	19.92	19.73	19.85	248300	4921420.00
2017/09/05	19.90	19.90	19.74	19.85	283762	5622541.00
2017/09/06	19.96	19.96	19.75	19.84	301513	5972581.00
2017/09/07	19.89	19.89	19.69	19.85	426036	8425491.00
2017/09/08	19.84	19.85	19.67	19.71	528422	10442387.00
2017/09/11	19.66	19.79	19.66	19.71	543707	10719781.00
2017/09/12	19.81	19.95	19.70	19.92	1011667	20066784.00
2017/09/13	19.90	20.14	19.68	19.70	779411	15498426.00
2017/09/14	19.83	19.83	19.61	19.68	660272	12977115.00
2017/09/15	19.68	19.81	19.60	19.61	492600	9706595.00
2017/09/18	19.62	19.80	19.56	19.70	1508699	29670314.00
2017/09/19	19.72	19.92	19.61	19.68	1256153	24832080.00
2017/09/20	19.68	19.68	19.55	19.62	418809	8205642.00
2017/09/21	19.70	19.70	19.38	19.41	1240700	24191088.00
2017/09/22	19.39	19.40	19.22	19.27	397700	7673984.00
2017/09/25	19.26	19.39	18.57	18.78	1277191	24138936.00
2017/09/26	18.78	18.95	18.64	18.91	950801	17888350.00
2017/09/27	18.94	19.29	18.77	19.18	566030	10797148.00
2017/09/28	19.15	19.15	18.78	18.86	276000	5230381.00
2017/09/29	19.09	19.09	18.81	18.85	230000	4348717.00
2017/10/09	18.95	19.03	18.71	19.01	776057	14686731.00
2017/10/10	19.03	19.08	18.90	19.02	497101	9456282.00
2017/10/11	19.09	19.15	18.77	19.07	596800	11370887.00
2017/10/12	19.08	19.09	18.75	18.91	632255	11932334.00
2017/10/13	18.91	18.98	18.80	18.89	587391	11096193.00
2017/10/16	19.00	19.25	18.73	18.88	894230	16989212.00
2017/10/17	18.73	18.93	18.70	18.73	700975	13149016.00
2017/10/18	18.54	18.86	18.37	18.55	1022701	18974400.00
2017/10/19	18.50	18.60	18.30	18.38	495051	9110936.00
2017/10/20	18.40	18.49	18.19	18.45	529650	9746318.00
2017/10/23	18.47	18.59	18.32	18.37	496500	9152197.00
2017/10/24	18.38	18.46	18.11	18.17	930700	17004812.00
2017/10/25	18.13	18.36	18.13	18.31	448056	8190583.00
2017/10/26	18.29	18.47	18.21	18.42	387576	7130409.00
2017/10/27	18.42	18.43	18.13	18.22	473352	8624664.00
2017/10/30	18.16	18.28	17.31	18.00	1055596	19006120.00
2017/10/31	18.13	18.13	17.72	17.88	473927	8496560.00
2017/11/01	17.88	18.17	17.88	18.15	596561	10783282.00
2017/11/02	18.15	18.32	17.98	18.20	427226	7748589.00
2017/11/03	18.20	18.24	17.88	17.96	473950	8542141.00
2017/11/06	18.25	18.25	17.91	17.94	235323	4228282.00
2017/11/07	18.07	18.07	17.88	17.94	290900	5220221.00
2017/11/08	17.94	18.10	17.88	18.05	274600	4941849.00
2017/11/09	17.95	19.66	17.94	18.47	2735635	51235616.00
2017/11/10	18.40	18.40	17.60	17.83	3457667	61897072.00
2017/11/13	17.75	17.94	17.35	17.42	1257001	22117568.00
2017/11/14	17.43	17.65	17.41	17.43	548741	9604404.00
2017/11/15	17.41	17.54	17.14	17.27	813897	14075590.00
2017/11/16	17.22	17.34	16.88	16.91	1597659	27389780.00
2017/11/17	16.87	17.10	16.40	16.72	1097701	18351538.00
2017/11/20	16.69	17.48	16.40	17.32	1720780	29467160.00
2017/11/21	17.33	17.33	16.93	16.98	800120	13645026.00
2017/11/22	16.58	17.70	16.58	17.56	1605850	27927140.00
2017/11/23	17.68	17.68	16.97	17.11	793879	13665079.00
2017/11/24	16.86	17.38	16.86	17.21	352900	6091815.00
2017/11/27	17.20	17.39	16.92	17.21	365136	6290845.00
2017/11/28	17.21	17.34	17.08	17.17	616816	10606656.00
2017/11/29	17.17	17.25	17.08	17.16	274051	4698942.00
2017/11/30	17.16	17.20	16.88	16.92	319400	5441518.00
2017/12/01	16.73	17.42	16.73	17.41	898462	15520397.00
2017/12/04	17.41	17.42	17.02	17.02	392705	6753621.00
2017/12/05	17.05	17.10	16.78	16.99	655500	11106920.00
2017/12/06	16.78	17.05	16.75	17.05	332501	5648553.00
2017/12/07	16.99	17.08	16.85	16.86	420952	7136982.00
2017/12/08	16.86	16.99	16.80	16.96	478938	8110298.00
2017/12/11	16.93	16.97	16.50	16.89	544772	9173816.00
2017/12/12	16.83	16.95	16.74	16.84	293454	4937996.00
2017/12/13	16.84	16.93	16.76	16.91	190502	3211266.00
2017/12/14	16.80	17.08	16.80	17.08	334746	5675622.00
2017/12/15	17.04	17.11	16.81	16.81	591500	9988302.00
2017/12/18	16.81	17.18	16.81	17.09	796000	13534583.00
2017/12/19	17.08	17.21	17.00	17.13	763967	13093746.00
2017/12/20	17.15	17.17	16.92	17.02	303000	5172528.00
2017/12/21	17.03	17.17	16.84	17.13	664213	11318877.00
2017/12/22	17.02	17.17	16.90	16.93	408200	6954829.00
2017/12/25	16.98	17.29	16.80	17.08	628539	10754677.00
2017/12/26	17.05	17.15	16.89	17.05	443919	7562760.00
2017/12/27	17.10	17.18	17.01	17.08	334129	5709901.00
2017/12/28	17.12	17.16	17.00	17.13	455221	7789013.00
2017/12/29	17.23	17.23	17.02	17.14	717240	12301306.00
2018/01/02	17.16	17.21	17.04	17.12	690533	11819888.00
2018/01/03	17.11	17.12	16.90	16.99	1433736	24387116.00
2018/01/04	16.98	17.06	16.90	17.00	1474561	25036656.00
2018/01/05	16.98	17.57	16.94	17.21	6046956	104461848.00
2018/01/08	17.18	17.44	17.14	17.27	3117564	53828032.00
2018/01/09	17.28	18.00	16.96	17.93	4154735	71793208.00
2018/01/10	17.72	17.80	17.30	17.76	4383537	76917712.00
2018/01/11	17.49	17.63	17.35	17.45	2066346	36084884.00
2018/01/12	17.35	17.87	17.33	17.36	1837153	32289784.00
2018/01/15	17.36	17.45	16.75	16.80	2342514	39827300.00
2018/01/16	16.80	16.96	16.70	16.90	1317162	22150108.00
2018/01/17	16.91	17.10	16.76	17.01	1159986	19616168.00
2018/01/18	16.89	17.10	16.76	16.78	1198509	20309624.00
2018/01/19	16.78	16.88	16.60	16.62	1304583	21793144.00
2018/01/22	16.62	16.90	16.51	16.77	1007801	16857388.00
2018/01/23	16.79	17.00	16.64	16.93	1646901	27735454.00
2018/01/24	16.93	17.10	16.74	16.78	1513797	25535608.00
2018/01/25	16.78	16.87	16.68	16.71	1137961	19055404.00
2018/01/26	16.75	16.79	16.62	16.74	823400	13766769.00
2018/01/29	16.72	16.82	16.46	16.51	983096	16339789.00
2018/01/30	16.50	16.63	16.31	16.31	1027463	16892638.00
2018/01/31	16.31	16.56	16.15	16.39	1377993	22501924.00
2018/02/01	16.36	16.45	14.75	14.96	4941467	75755648.00
2018/02/02	14.96	16.08	14.71	15.88	3184789	49010824.00
2018/02/05	15.66	16.10	15.63	15.98	1224496	19492260.00
2018/02/06	15.75	15.98	15.64	15.80	1937724	30728788.00
2018/02/07	15.85	16.05	15.35	15.47	1043328	16427770.00
2018/02/08	15.60	15.70	15.30	15.40	815810	12669833.00
2018/02/09	15.16	15.45	14.56	14.85	1802701	26748370.00
2018/02/12	14.89	15.12	14.84	14.98	1008910	15092598.00
2018/02/13	14.99	15.45	14.99	15.10	950518	14463112.00
2018/02/14	15.19	15.30	14.82	14.97	1010401	15200923.00
2018/02/22	15.00	15.15	14.86	15.12	605900	9105475.00
2018/02/23	15.11	15.21	14.93	15.01	664302	9985023.00
2018/02/26	15.03	15.18	14.99	15.17	737001	11119352.00
2018/02/27	15.18	15.48	15.09	15.25	1216893	18595028.00
2018/02/28	15.14	15.23	15.09	15.16	669201	10139833.00
2018/03/01	15.16	15.28	15.06	15.20	707973	10736214.00
2018/03/02	15.17	15.17	14.90	15.02	1180026	17679008.00
2018/03/05	15.00	15.03	14.86	14.95	755301	11274842.00
2018/03/06	14.98	14.98	14.76	14.96	1334209	19840320.00
2018/03/07	14.96	15.16	14.90	14.95	1067866	16045238.00
2018/03/08	14.96	15.10	14.95	15.08	822525	12383257.00
2018/03/09	15.10	15.20	15.02	15.14	657840	9934996.00
2018/03/12	15.19	15.39	15.16	15.34	1042150	15942564.00
2018/03/13	15.47	15.47	15.22	15.25	674350	10313258.00
2018/03/14	15.20	15.25	15.05	15.14	586040	8865594.00
2018/03/15	15.13	15.18	15.00	15.11	642510	9672155.00
2018/03/16	15.16	15.16	14.93	14.95	741075	11141825.00
2018/03/19	14.92	15.05	14.87	14.90	572540	8550653.00
2018/03/20	14.94	15.00	14.84	14.89	506066	7543600.00
2018/03/21	14.86	15.08	14.86	15.07	968818	14557250.00
2018/03/22	15.07	15.14	14.88	15.05	791995	11852475.00
2018/03/23	14.88	15.85	14.24	15.27	4573969	69644840.00
2018/03/26	15.01	15.01	14.00	14.45	2543787	36716016.00
2018/03/27	14.60	14.65	14.38	14.47	1574341	22820096.00
2018/03/28	14.46	14.55	14.18	14.18	968468	13824869.00
2018/03/29	14.13	14.40	14.08	14.31	858764	12239266.00
2018/03/30	14.30	14.34	14.21	14.28	668867	9552785.00
2018/04/02	14.30	14.46	14.21	14.29	896140	12833681.00
2018/04/03	14.04	14.20	13.97	14.02	1033100	14536577.00
2018/04/04	14.01	14.21	14.01	14.10	774812	10960907.00
2018/04/09	14.11	14.11	13.97	14.06	817400	11457213.00
2018/04/10	14.06	14.25	14.04	14.23	872274	12323377.00
2018/04/11	14.21	14.47	14.17	14.39	1391445	19996256.00
2018/04/12	14.35	14.36	14.07	14.09	1311309	18558224.00
2018/04/13	14.10	14.21	14.00	14.05	1097000	15437917.00
2018/04/16	14.11	14.11	13.85	13.92	791900	11055474.00
2018/04/17	13.91	13.99	13.71	13.74	752700	10424307.00
2018/04/18	13.85	13.85	13.54	13.60	1576669	21494218.00
2018/04/19	13.60	13.74	13.10	13.70	763946	10422714.00
2018/04/20	13.82	13.84	13.52	13.57	648408	8895731.00
2018/04/23	13.50	13.66	13.40	13.66	547700	7424906.00
2018/04/24	13.70	13.87	13.69	13.83	763107	10528591.00
2018/04/25	13.76	13.84	13.62	13.71	634101	8705190.00
数据来源:通达信
