600088 中视传媒 日线 不复权
      日期	    开盘	    最高	    最低	    收盘	    成交量	    成交额
2017/03/27	19.82	19.97	19.72	19.93	1415091	28090504.00
2017/03/28	19.93	19.95	19.72	19.74	925071	18353208.00
2017/03/29	19.77	19.77	19.19	19.22	1578874	30696952.00
2017/03/30	19.21	19.33	18.44	18.51	2306334	43298304.00
2017/03/31	18.60	18.98	18.52	18.91	1486472	27843464.00
2017/04/05	18.96	19.15	18.82	19.09	1428782	27140828.00
2017/04/06	19.07	19.24	18.94	19.05	1059378	20254522.00
2017/04/07	19.06	19.19	18.91	19.00	1187469	22594084.00
2017/04/10	19.08	19.08	18.85	18.97	835845	15860044.00
2017/04/11	19.55	20.87	19.55	20.87	8916651	182702224.00
2017/04/12	20.89	20.89	20.18	20.42	7586205	154943136.00
2017/04/13	20.40	20.43	19.90	20.36	3903453	78591008.00
2017/04/14	20.35	20.35	19.50	19.53	3340138	66639252.00
2017/04/17	19.50	19.50	18.63	18.92	2905293	55053940.00
2017/04/18	18.91	18.98	18.51	18.53	1822458	34118788.00
2017/04/19	18.45	18.66	18.18	18.43	1454224	26768088.00
2017/04/20	18.43	18.86	18.31	18.75	2014346	37324200.00
2017/04/21	18.66	18.78	18.34	18.44	1039700	19257252.00
2017/04/24	18.31	18.52	17.23	17.30	1658096	29291406.00
2017/04/25	17.29	17.57	17.16	17.24	1163283	20186246.00
2017/04/26	17.19	17.42	17.06	17.21	1116795	19243724.00
2017/04/27	17.16	17.42	16.75	17.32	2118547	36065792.00
2017/04/28	17.63	18.16	17.51	17.59	2018774	35959288.00
2017/05/02	17.46	17.78	17.42	17.67	927967	16397562.00
2017/05/03	17.65	17.80	17.42	17.56	1070287	18822642.00
2017/05/04	17.59	17.94	17.45	17.59	1159996	20507220.00
2017/05/05	17.65	17.65	17.07	17.13	945521	16425399.00
2017/05/08	17.08	17.30	16.98	17.05	933937	16032505.00
2017/05/09	17.20	17.32	16.80	17.20	939055	16012844.00
2017/05/10	17.23	17.50	16.67	16.70	1347628	23244900.00
2017/05/11	16.70	16.81	15.50	16.38	2211123	36019524.00
2017/05/12	16.23	16.51	15.80	16.21	1320383	21275816.00
2017/05/15	16.25	16.43	16.10	16.38	1352691	22004664.00
2017/05/16	16.36	17.18	15.84	16.95	2009741	33240848.00
2017/05/17	16.87	17.45	16.82	17.14	1672300	28741736.00
2017/05/18	17.14	17.34	17.01	17.11	1200688	20641276.00
2017/05/19	17.11	17.34	17.05	17.19	649822	11189685.00
2017/05/22	17.20	17.26	16.30	16.48	1358568	22830612.00
2017/05/23	16.53	16.63	16.08	16.25	962560	15770725.00
2017/05/24	16.20	16.52	15.98	16.50	1087279	17674854.00
2017/05/25	16.46	16.91	16.14	16.55	1091269	18000662.00
2017/05/26	16.65	16.89	16.50	16.68	998178	16684561.00
2017/05/31	16.79	17.09	16.55	16.59	994269	16668553.00
2017/06/01	16.58	16.58	15.50	15.77	1183723	19032620.00
2017/06/02	15.70	16.09	15.58	16.02	1140053	18039652.00
2017/06/05	16.18	16.34	16.08	16.17	1169896	18958476.00
2017/06/06	16.20	16.30	16.03	16.23	830740	13444561.00
2017/06/07	16.28	16.76	16.13	16.67	1401639	23181684.00
2017/06/08	16.62	16.79	16.53	16.59	1130183	18822896.00
2017/06/09	16.55	16.70	16.40	16.68	1447717	23942320.00
2017/06/12	16.70	16.70	16.11	16.23	1074428	17619232.00
2017/06/13	16.29	16.61	16.18	16.51	1115025	18377756.00
2017/06/14	16.51	16.60	16.40	16.55	751084	12401330.00
2017/06/15	16.55	16.97	16.48	16.89	1732367	29164580.00
2017/06/16	16.85	17.08	16.73	16.99	1273226	21531340.00
2017/06/19	17.10	17.48	17.00	17.23	2025271	34911180.00
2017/06/20	17.23	17.28	17.04	17.22	978517	16798832.00
2017/06/21	17.26	17.29	17.07	17.24	1362838	23408960.00
2017/06/22	17.27	17.56	17.08	17.09	1367025	23691016.00
2017/06/23	17.01	17.38	16.75	17.38	2009711	34431912.00
2017/06/26	17.35	17.58	17.30	17.50	1409775	24629196.00
2017/06/27	17.50	17.97	17.50	17.85	1547625	27525728.00
2017/06/28	17.80	17.80	17.40	17.48	1348248	23675104.00
2017/06/29	17.48	17.68	17.42	17.52	748250	13157645.00
2017/06/30	17.36	17.65	17.36	17.52	630504	11045914.00
2017/07/03	17.46	17.60	17.37	17.56	821240	14359030.00
2017/07/04	17.58	17.58	17.22	17.43	756097	13153671.00
2017/07/05	17.36	17.59	17.35	17.54	798670	13952119.00
2017/07/06	17.51	17.51	17.25	17.49	687044	11947404.00
2017/07/07	17.40	17.47	17.08	17.25	2434183	41829112.00
2017/07/10	17.03	17.15	16.68	16.71	2313951	38984760.00
2017/07/11	16.71	16.80	16.57	16.58	1168500	19472422.00
2017/07/12	16.63	16.63	16.20	16.43	1307392	21435366.00
2017/07/13	16.42	16.65	16.36	16.64	979065	16184787.00
2017/07/14	16.68	16.68	16.12	16.25	1820508	29707530.00
2017/07/17	16.11	16.17	14.97	14.98	2672433	41321120.00
2017/07/18	14.95	15.19	14.90	15.15	1353000	20338460.00
2017/07/19	15.09	15.34	15.00	15.32	1199120	18157978.00
2017/07/20	15.32	15.52	15.13	15.20	1494257	22888604.00
2017/07/21	15.14	15.30	15.14	15.28	693061	10573789.00
2017/07/24	15.28	15.45	15.11	15.40	868839	13322362.00
2017/07/25	15.40	15.78	15.30	15.64	1581657	24536288.00
2017/07/26	15.62	15.62	15.31	15.45	1002009	15473307.00
2017/07/27	15.43	16.04	15.34	15.92	2544694	40243244.00
2017/07/28	16.05	16.17	15.70	15.79	1659701	26421560.00
2017/07/31	15.78	15.96	15.70	15.86	1144771	18156720.00
2017/08/01	15.95	15.95	15.65	15.80	1194841	18843852.00
2017/08/02	15.76	15.80	15.36	15.37	1198831	18689220.00
2017/08/03	15.37	16.91	15.36	16.91	4867351	80825696.00
2017/08/04	16.90	16.90	16.31	16.40	5488306	90966864.00
2017/08/07	16.40	16.45	16.18	16.31	2458137	40082736.00
2017/08/08	16.31	16.54	16.13	16.50	2750447	44928136.00
2017/08/09	16.42	16.47	15.99	16.20	2948082	47851928.00
2017/08/10	16.19	16.20	15.96	16.02	1762928	28352496.00
2017/08/11	15.91	16.10	15.80	15.88	1406168	22367156.00
2017/08/14	15.87	16.19	15.87	16.17	1373464	22071800.00
2017/08/15	16.17	16.29	16.05	16.24	1205683	19478384.00
2017/08/16	16.18	16.50	16.11	16.50	1977817	32319972.00
2017/08/17	16.50	16.78	16.28	16.62	2726531	45168268.00
2017/08/18	16.49	16.62	16.35	16.44	1225876	20161052.00
2017/08/21	16.38	16.75	16.38	16.63	1433097	23753824.00
2017/08/22	16.60	16.63	16.34	16.37	986475	16224245.00
2017/08/23	16.38	16.55	16.28	16.34	800925	13132923.00
2017/08/24	16.25	16.40	16.06	16.15	692528	11241899.00
2017/08/25	16.14	16.37	16.10	16.33	871947	14202459.00
2017/08/28	16.33	16.65	16.33	16.62	1693288	27996068.00
2017/08/29	16.60	16.88	16.50	16.57	1406351	23390336.00
2017/08/30	16.59	16.72	16.52	16.66	1736313	28885512.00
2017/08/31	16.68	16.78	16.60	16.72	1398509	23322776.00
2017/09/01	16.75	17.00	16.69	16.80	1698700	28537356.00
2017/09/04	16.78	16.98	16.59	16.97	1813789	30512992.00
2017/09/05	16.97	16.98	16.82	16.93	1382592	23373168.00
2017/09/06	16.87	16.89	16.49	16.71	3792502	63005128.00
2017/09/07	16.66	16.84	16.51	16.52	2788470	46426784.00
2017/09/08	16.50	16.62	16.38	16.48	2630658	43353068.00
2017/09/11	16.46	16.77	16.46	16.73	2393158	39854016.00
2017/09/12	16.74	16.79	16.48	16.50	1862470	30933872.00
2017/09/13	16.54	16.62	16.44	16.50	2035036	33586856.00
2017/09/14	16.51	16.60	16.24	16.30	1901633	31241972.00
2017/09/15	16.44	16.66	16.40	16.52	1848924	30596898.00
2017/09/18	16.52	16.66	16.30	16.63	1630599	26952062.00
2017/09/19	16.64	16.77	16.51	16.55	1764440	29343184.00
2017/09/20	16.60	16.62	16.30	16.60	2089528	34440176.00
2017/09/21	16.52	16.65	16.34	16.40	2230221	36747016.00
2017/09/22	16.36	16.36	15.99	16.06	2186278	35196468.00
2017/09/25	16.01	16.22	15.06	15.79	2207818	35312960.00
2017/09/26	15.79	16.01	15.79	15.91	1238589	19678372.00
2017/09/27	15.92	16.15	15.80	16.10	921212	14777550.00
2017/09/28	16.13	16.34	16.05	16.17	1764410	28623824.00
2017/09/29	16.23	16.68	16.23	16.67	2983232	49247528.00
2017/10/09	16.47	16.67	16.43	16.63	3340556	55246572.00
2017/10/10	16.62	16.79	16.50	16.77	2378275	39687604.00
2017/10/11	16.73	16.95	16.57	16.61	1793686	30009104.00
2017/10/12	16.80	17.90	16.54	17.23	5938163	102129600.00
2017/10/13	17.18	17.73	16.91	17.52	7071275	123337992.00
2017/10/16	17.50	17.50	16.72	16.77	4627781	79083400.00
2017/10/17	16.60	17.17	16.54	16.92	2851328	48167240.00
2017/10/18	16.93	16.98	16.48	16.55	2497213	41937644.00
2017/10/19	16.53	16.72	16.40	16.55	2027411	33529388.00
2017/10/20	16.55	16.84	16.51	16.76	2007619	33530178.00
2017/10/23	16.76	16.90	16.65	16.72	1738191	29154544.00
2017/10/24	16.72	16.72	16.10	16.19	2867090	46664448.00
2017/10/25	16.20	16.32	16.15	16.27	1108255	17997684.00
2017/10/26	16.26	16.32	16.03	16.31	1605549	25986780.00
2017/10/27	16.31	16.35	16.06	16.14	1334285	21595546.00
2017/10/30	16.16	16.16	15.40	15.58	1870052	29464434.00
2017/10/31	15.59	16.45	15.56	16.28	2599777	41854612.00
2017/11/01	16.20	16.28	16.04	16.11	1288140	20792616.00
2017/11/02	16.15	16.17	15.62	15.82	1373351	21751264.00
2017/11/03	15.88	15.92	15.60	15.68	982218	15472412.00
2017/11/06	15.82	15.85	15.46	15.65	1237402	19273588.00
2017/11/07	15.70	15.80	15.53	15.79	1131998	17730070.00
2017/11/08	15.81	16.22	15.79	16.03	1787407	28742134.00
2017/11/09	16.03	16.08	15.84	15.99	1104761	17606876.00
2017/11/10	15.99	16.15	15.88	16.09	1210348	19360716.00
2017/11/13	16.09	16.09	15.75	15.78	1360042	21625408.00
2017/11/14	15.72	15.75	15.47	15.57	1563186	24289764.00
2017/11/15	15.50	15.58	15.40	15.42	867000	13420737.00
2017/11/16	15.42	15.54	15.40	15.41	609185	9435117.00
2017/11/17	15.46	15.67	15.03	15.15	1893082	29028032.00
2017/11/20	15.11	15.20	14.77	15.19	960977	14385630.00
2017/11/21	15.20	15.30	14.78	14.92	1581603	23723664.00
2017/11/22	14.91	15.03	14.69	14.76	2019652	29948484.00
2017/11/23	14.70	14.82	14.06	14.18	1986047	28754168.00
2017/11/24	14.22	14.28	13.99	14.14	1944181	27500140.00
2017/11/27	14.09	14.17	13.99	14.07	1321384	18603740.00
2017/11/28	14.05	14.19	14.00	14.18	1120278	15804874.00
2017/11/29	14.17	14.17	13.77	13.93	1471401	20517450.00
2017/11/30	13.87	13.98	13.82	13.84	778176	10791689.00
2017/12/01	13.84	14.15	13.84	14.11	1074024	15072920.00
2017/12/04	14.07	14.15	13.70	13.71	1620997	22484564.00
2017/12/05	13.71	13.85	13.00	13.08	1627404	21772472.00
2017/12/06	13.21	13.30	13.01	13.29	900280	11852432.00
2017/12/07	13.20	13.62	13.19	13.44	1205138	16196771.00
2017/12/08	13.42	13.63	13.36	13.53	545171	7372854.00
2017/12/11	13.55	13.69	13.46	13.65	1092303	14829056.00
2017/12/12	13.56	14.11	13.48	13.66	1490312	20513848.00
2017/12/13	13.51	13.91	13.43	13.87	1482506	20202536.00
2017/12/14	13.73	13.82	13.55	13.64	842502	11498268.00
2017/12/15	13.66	13.66	13.40	13.51	709000	9597567.00
2017/12/18	13.58	13.58	13.30	13.38	633372	8515960.00
2017/12/19	13.31	13.55	13.31	13.51	934400	12599881.00
2017/12/20	13.51	13.52	13.15	13.21	730941	9707097.00
2017/12/21	13.20	13.27	13.00	13.15	994163	13050476.00
2017/12/22	13.14	13.30	13.05	13.07	1141265	15033158.00
2017/12/25	13.20	13.20	12.80	12.87	1052253	13647117.00
2017/12/26	12.98	13.03	12.80	12.92	1071751	13850986.00
2017/12/27	13.00	13.10	11.63	12.81	1414538	18279964.00
2017/12/28	12.82	13.25	12.75	13.17	1918220	25109602.00
2017/12/29	13.05	13.25	13.05	13.21	951112	12488954.00
2018/01/02	13.19	13.30	12.95	13.00	3832175	49918656.00
2018/01/03	13.02	13.09	12.95	13.04	3309567	43053456.00
2018/01/04	13.05	13.18	12.99	13.07	2651378	34701336.00
2018/01/05	13.07	13.09	12.90	13.00	2732300	35478320.00
2018/01/08	12.99	12.99	12.75	12.83	2136841	27409624.00
2018/01/09	12.83	12.84	12.58	12.63	2961800	37555984.00
2018/01/10	12.65	12.65	12.22	12.40	3198217	39664320.00
2018/01/11	12.35	12.68	12.34	12.65	2237412	28074374.00
2018/01/12	12.59	12.66	12.49	12.53	1101740	13841566.00
2018/01/15	12.46	12.46	11.76	11.83	2991241	36148872.00
2018/01/16	11.79	11.97	11.77	11.92	1370526	16297792.00
2018/01/17	11.99	12.39	11.71	12.25	2771544	33488916.00
2018/01/18	12.19	12.39	12.06	12.35	2247041	27615508.00
2018/01/19	12.35	12.49	12.20	12.30	1234707	15268263.00
2018/01/22	12.30	12.65	12.24	12.56	1799801	22480760.00
2018/01/23	12.42	12.58	12.30	12.43	1918872	23842654.00
2018/01/24	12.48	12.99	12.34	12.92	6006514	76906872.00
2018/01/25	12.84	13.41	12.70	12.89	6771590	88760992.00
2018/01/26	12.86	13.08	12.73	12.83	2857020	36802232.00
2018/01/29	12.81	12.85	12.50	12.65	2366635	29935776.00
2018/01/30	12.60	12.84	12.54	12.63	2100014	26667088.00
2018/01/31	12.61	12.66	11.93	12.00	2824340	34561400.00
2018/02/01	12.06	12.09	10.90	10.95	3602802	41467536.00
2018/02/02	10.94	11.41	10.85	11.00	3859100	42894424.00
2018/02/05	10.95	11.31	10.87	11.09	2197899	24447888.00
2018/02/06	10.90	11.46	10.49	10.58	3567607	39432288.00
2018/02/07	10.85	10.91	10.08	10.69	2886501	30650986.00
2018/02/08	10.61	11.06	10.57	10.95	1779065	19406280.00
2018/02/09	10.88	12.05	10.61	12.05	10627799	127070832.00
2018/02/12	12.32	12.83	12.10	12.57	14086670	175098336.00
2018/02/13	12.55	12.55	12.10	12.20	8113247	99945424.00
2018/02/14	12.13	12.29	11.99	12.02	4288954	52088264.00
2018/02/22	12.13	12.21	11.90	12.16	4927667	59555452.00
2018/02/23	12.14	12.25	11.77	11.98	4690871	56057116.00
2018/02/26	12.06	12.50	11.91	12.46	7983991	98269992.00
2018/02/27	12.33	13.08	12.19	12.86	9168800	115621208.00
2018/02/28	12.68	12.98	12.43	12.89	6966130	88990264.00
2018/03/01	12.78	13.04	12.66	13.01	5368872	69165712.00
2018/03/02	12.88	13.60	12.71	13.29	8067536	105763928.00
2018/03/05	13.14	13.15	12.86	12.89	5224349	67806192.00
2018/03/06	12.90	12.98	12.77	12.92	4512843	58128656.00
2018/03/07	12.91	13.04	12.76	12.81	2831832	36455160.00
2018/03/08	12.80	12.89	12.71	12.87	2419084	30932484.00
2018/03/09	12.89	13.12	12.76	13.05	5304376	68856416.00
2018/03/12	13.05	13.40	13.00	13.29	5825847	77049208.00
2018/03/13	13.30	13.31	13.03	13.15	3931412	51725608.00
2018/03/14	13.10	13.21	12.70	12.74	2984500	38761888.00
2018/03/15	12.60	12.74	12.27	12.61	4672268	58580780.00
2018/03/16	12.56	13.13	12.50	12.77	4062801	52155692.00
2018/03/19	12.68	12.76	12.44	12.52	2768324	34834392.00
2018/03/20	12.39	13.77	12.22	13.41	8849839	115960088.00
2018/03/21	13.22	14.25	13.18	13.80	13781219	189992384.00
2018/03/22	14.00	15.18	13.66	15.18	12835801	184583984.00
2018/03/23	15.00	16.06	14.47	14.68	20237733	309093056.00
2018/03/26	13.97	15.27	13.21	15.19	13203220	186560176.00
2018/03/27	15.11	15.35	14.77	14.80	13732731	205985824.00
2018/03/28	14.51	16.18	14.35	15.55	16024634	246679648.00
2018/03/29	15.50	16.05	15.15	15.45	10686339	166779744.00
2018/03/30	15.39	15.67	15.06	15.38	6742681	103392736.00
2018/04/02	15.15	15.38	14.32	14.51	12221180	180918160.00
2018/04/03	14.30	14.83	14.21	14.47	5031742	73116048.00
2018/04/04	14.56	14.62	14.03	14.09	5263927	75466000.00
2018/04/09	14.07	14.28	13.81	14.08	3939676	55382692.00
2018/04/10	14.05	14.56	13.91	14.54	5125843	73257080.00
2018/04/11	14.54	15.07	14.42	14.98	7125250	104931696.00
2018/04/12	14.74	14.84	14.28	14.44	4810860	70173792.00
2018/04/13	14.46	14.69	13.98	14.01	4006815	57494544.00
2018/04/16	13.96	14.47	13.96	14.21	3103024	43879392.00
2018/04/17	14.10	14.20	13.15	13.39	4809588	66026076.00
2018/04/18	13.48	13.70	13.00	13.63	4284575	56974288.00
2018/04/19	13.58	13.77	13.46	13.50	2748622	37410932.00
2018/04/20	13.42	13.65	12.98	13.05	2789345	37024216.00
2018/04/23	13.07	13.27	12.68	12.90	2403197	31125008.00
2018/04/24	12.88	13.32	12.88	13.30	2116856	27890242.00
2018/04/25	13.20	13.65	13.20	13.50	2214700	29860988.00
数据来源:通达信
