600031 三一重工 日线 不复权
      日期	    开盘	    最高	    最低	    收盘	    成交量	    成交额
2017/03/27	7.63	7.74	7.51	7.53	54057279	411071936.00
2017/03/28	7.51	7.52	7.41	7.45	30988480	231151968.00
2017/03/29	7.45	7.61	7.43	7.49	43128949	324224992.00
2017/03/30	7.48	7.53	7.28	7.31	61896572	458725248.00
2017/03/31	7.31	7.37	7.16	7.20	42259367	306879872.00
2017/04/05	7.68	7.68	7.30	7.35	263711343	1960810368.00
2017/04/06	7.34	7.42	7.21	7.33	89649889	653979456.00
2017/04/07	7.32	7.36	7.21	7.25	61464615	446606624.00
2017/04/10	7.26	7.33	7.22	7.26	44454283	322988544.00
2017/04/11	7.29	7.40	7.21	7.34	90436454	659622912.00
2017/04/12	7.28	7.28	7.06	7.09	86425951	618806912.00
2017/04/13	7.06	7.12	7.04	7.07	30834317	217865312.00
2017/04/14	7.06	7.13	6.89	6.91	47433828	332343904.00
2017/04/17	6.90	6.91	6.72	6.81	55434244	376555360.00
2017/04/18	6.88	6.94	6.77	6.81	41556264	285497696.00
2017/04/19	6.80	6.85	6.64	6.77	40378763	272445856.00
2017/04/20	6.78	6.84	6.70	6.83	32653432	221914672.00
2017/04/21	6.86	6.93	6.86	6.91	33404445	230558912.00
2017/04/24	6.95	6.95	6.70	6.71	32342679	219077280.00
2017/04/25	6.70	6.85	6.70	6.81	28781708	195524224.00
2017/04/26	6.80	7.00	6.80	6.98	46560643	323649472.00
2017/04/27	6.97	7.05	6.86	7.04	37351077	260478368.00
2017/04/28	7.06	7.10	6.91	7.03	51953195	362674944.00
2017/05/02	7.00	7.10	6.95	7.02	36930315	259886768.00
2017/05/03	7.02	7.18	7.02	7.18	56020209	399599424.00
2017/05/04	7.10	7.26	7.10	7.17	59169289	425887808.00
2017/05/05	7.13	7.17	6.92	6.99	63839139	446871936.00
2017/05/08	6.94	6.94	6.71	6.88	53492535	364348896.00
2017/05/09	6.84	6.88	6.78	6.82	26547959	181289392.00
2017/05/10	6.83	6.87	6.60	6.62	30157096	204192096.00
2017/05/11	6.60	6.74	6.43	6.60	50007143	329602784.00
2017/05/12	6.60	6.71	6.60	6.67	32106646	213574112.00
2017/05/15	6.78	6.82	6.67	6.70	26935347	181601328.00
2017/05/16	6.68	6.76	6.51	6.75	39046051	259713920.00
2017/05/17	6.76	6.81	6.73	6.74	36084639	244707152.00
2017/05/18	6.68	6.81	6.63	6.73	24380071	164050528.00
2017/05/19	6.71	6.79	6.65	6.70	22207617	148981152.00
2017/05/22	6.70	6.83	6.66	6.70	23274308	156735776.00
2017/05/23	6.67	6.71	6.55	6.70	40959418	271973536.00
2017/05/24	6.66	6.70	6.58	6.69	18869512	125362128.00
2017/05/25	6.69	6.88	6.66	6.84	40083219	271950112.00
2017/05/26	6.81	6.99	6.81	6.91	33858677	234641584.00
2017/05/31	6.95	7.10	6.89	6.90	32387277	226058496.00
2017/06/01	6.85	7.01	6.85	6.97	27587378	191535952.00
2017/06/02	6.96	6.96	6.81	6.93	27101398	186453728.00
2017/06/05	6.95	7.00	6.86	6.88	25245382	174416112.00
2017/06/06	6.87	6.90	6.81	6.85	18214679	124625872.00
2017/06/07	6.84	6.97	6.82	6.97	27217485	188314896.00
2017/06/08	6.99	6.99	6.92	6.96	20755235	144307872.00
2017/06/09	6.92	7.33	6.92	7.30	103505692	742321408.00
2017/06/12	7.26	7.40	7.23	7.29	72897382	533975136.00
2017/06/13	7.30	7.41	7.26	7.32	41451387	303739296.00
2017/06/14	7.30	7.45	7.27	7.33	52728857	388243136.00
2017/06/15	7.30	7.40	7.25	7.34	44402867	325853792.00
2017/06/16	7.33	7.36	7.20	7.26	34727718	252261216.00
2017/06/19	7.32	7.49	7.30	7.47	60339180	447629504.00
2017/06/20	7.48	7.53	7.40	7.44	33539459	250007856.00
2017/06/21	7.59	7.59	7.39	7.45	41183310	307456064.00
2017/06/22	7.45	7.80	7.43	7.60	103981831	796255360.00
2017/06/23	7.58	7.75	7.56	7.74	71914773	550435712.00
2017/06/26	7.78	8.47	7.76	8.29	156338076	1278943360.00
2017/06/27	8.26	8.35	8.16	8.32	100467969	830567040.00
2017/06/28	8.33	8.34	8.09	8.14	87306415	714727680.00
2017/06/29	8.19	8.25	8.10	8.17	65695076	536578368.00
2017/06/30	8.15	8.16	8.00	8.13	64566177	520590976.00
2017/07/03	8.14	8.16	7.95	8.07	58440665	470313824.00
2017/07/04	8.04	8.22	8.02	8.10	68396738	555901824.00
2017/07/05	8.11	8.20	8.03	8.20	59675173	484731584.00
2017/07/06	8.19	8.19	7.90	7.97	84750800	680168960.00
2017/07/07	7.92	8.03	7.90	7.99	57766879	460148480.00
2017/07/10	7.98	8.33	7.91	8.30	134808211	1103367040.00
2017/07/11	8.27	8.27	8.05	8.06	89568106	728265472.00
2017/07/12	8.03	8.09	7.82	7.95	74208498	588664640.00
2017/07/13	7.95	8.13	7.80	7.82	95186111	757866688.00
2017/07/14	7.83	8.05	7.82	8.03	68251657	540518464.00
2017/07/17	8.03	8.12	7.73	7.93	92959871	742853440.00
2017/07/18	7.89	8.12	7.81	8.11	66698549	532422560.00
2017/07/19	8.18	8.47	8.13	8.45	175876257	1469442816.00
2017/07/20	8.46	8.62	8.32	8.37	108853259	920377088.00
2017/07/21	8.37	8.48	8.28	8.38	73981091	621790464.00
2017/07/24	8.44	8.70	8.40	8.50	122034292	1047573440.00
2017/07/25	8.49	8.58	8.42	8.49	73287748	622585344.00
2017/07/26	8.55	8.70	8.44	8.50	91478289	781498560.00
2017/07/27	8.48	8.52	8.22	8.30	103516282	864459968.00
2017/07/28	8.34	8.37	8.21	8.28	60977094	505084832.00
2017/07/31	8.29	8.52	8.22	8.51	93124981	784018880.00
2017/08/01	8.51	8.76	8.50	8.70	132418890	1146462720.00
2017/08/02	8.70	8.71	8.51	8.53	74608096	642354624.00
2017/08/03	8.60	8.75	8.51	8.64	69287813	596984576.00
2017/08/04	8.65	9.05	8.61	8.86	154596167	1365868544.00
2017/08/07	8.82	8.91	8.63	8.89	99461228	871088704.00
2017/08/08	8.86	8.98	8.70	8.79	82677094	728669760.00
2017/08/09	8.85	8.93	8.65	8.85	92236980	813671488.00
2017/08/10	8.80	8.85	8.50	8.56	112141779	968510592.00
2017/08/11	8.46	8.46	8.01	8.06	148915088	1221484800.00
2017/08/14	8.05	8.21	8.04	8.20	55794692	454737664.00
2017/08/15	8.20	8.25	8.08	8.15	53090651	433026048.00
2017/08/16	8.15	8.19	8.06	8.11	39675193	322054784.00
2017/08/17	8.12	8.25	8.11	8.21	39296012	322247072.00
2017/08/18	8.18	8.22	8.11	8.18	26007839	212368000.00
2017/08/21	8.19	8.33	8.19	8.30	37123501	307743648.00
2017/08/22	8.26	8.34	8.20	8.29	27246182	225270480.00
2017/08/23	8.28	8.29	8.08	8.10	37792544	308386784.00
2017/08/24	8.11	8.18	8.06	8.10	22306985	180966272.00
2017/08/25	8.10	8.28	8.10	8.26	45123233	370744320.00
2017/08/28	8.27	8.59	8.25	8.48	74173794	626526208.00
2017/08/29	8.48	8.52	8.39	8.50	50058788	423175808.00
2017/08/30	7.90	8.17	7.65	8.05	251760756	1995770496.00
2017/08/31	8.06	8.06	7.67	7.83	161119587	1261566464.00
2017/09/01	7.82	7.83	7.72	7.78	101583876	787974336.00
2017/09/04	7.77	7.79	7.68	7.76	85030068	657112128.00
2017/09/05	7.76	7.82	7.70	7.79	65690356	510469216.00
2017/09/06	7.75	7.82	7.70	7.78	60655755	470493280.00
2017/09/07	7.78	7.91	7.75	7.83	64212380	504767104.00
2017/09/08	7.84	7.90	7.77	7.80	47093520	368292672.00
2017/09/11	7.78	7.78	7.65	7.70	70257494	541184192.00
2017/09/12	7.70	7.71	7.60	7.65	64640752	493778944.00
2017/09/13	7.63	7.85	7.62	7.80	76903646	599154240.00
2017/09/14	7.81	7.86	7.71	7.75	39759848	308731776.00
2017/09/15	7.76	7.77	7.66	7.69	31426218	241509184.00
2017/09/18	7.69	7.81	7.69	7.80	37053464	287354336.00
2017/09/19	7.82	7.83	7.72	7.75	34284131	266751616.00
2017/09/20	7.78	7.78	7.67	7.72	37854345	291643008.00
2017/09/21	7.72	7.72	7.63	7.63	42325724	324056736.00
2017/09/22	7.65	7.65	7.42	7.46	61103264	456829504.00
2017/09/25	7.44	7.45	7.30	7.32	50556006	371407840.00
2017/09/26	7.32	7.38	7.28	7.35	33593112	246091728.00
2017/09/27	7.33	7.57	7.27	7.55	65194282	485762336.00
2017/09/28	7.55	7.58	7.48	7.48	35246564	265358928.00
2017/09/29	7.51	7.68	7.51	7.65	41648519	317885600.00
2017/10/09	7.72	7.79	7.70	7.77	58945312	457032064.00
2017/10/10	7.76	7.80	7.70	7.79	39993331	310515072.00
2017/10/11	7.79	7.80	7.74	7.76	29982381	233012304.00
2017/10/12	7.77	7.85	7.73	7.81	37361239	291388992.00
2017/10/13	7.80	7.96	7.78	7.90	62934292	498677120.00
2017/10/16	7.92	7.93	7.78	7.87	41393865	324864896.00
2017/10/17	8.00	8.20	7.89	7.91	87860585	706558528.00
2017/10/18	7.91	7.99	7.85	7.97	42258710	335172448.00
2017/10/19	7.97	7.98	7.80	7.81	29411476	231107232.00
2017/10/20	7.78	7.89	7.76	7.87	28697927	224484448.00
2017/10/23	7.84	7.92	7.77	7.82	33160139	259553136.00
2017/10/24	7.84	7.97	7.84	7.88	28130378	221891504.00
2017/10/25	7.95	8.18	7.90	8.15	83227554	673368256.00
2017/10/26	8.13	8.37	8.10	8.32	109540409	906404928.00
2017/10/27	8.30	8.43	8.20	8.23	67429991	558827776.00
2017/10/30	8.24	8.35	8.03	8.27	71109225	582125376.00
2017/10/31	8.27	8.28	8.10	8.20	46651817	381245536.00
2017/11/01	8.20	8.36	8.15	8.18	59542097	490580064.00
2017/11/02	8.10	8.15	7.82	7.84	93046152	735978624.00
2017/11/03	7.84	7.88	7.65	7.86	76006305	591325440.00
2017/11/06	7.85	7.85	7.71	7.80	40421619	314091072.00
2017/11/07	7.80	7.99	7.78	7.89	67934869	537779968.00
2017/11/08	7.90	8.16	7.87	8.04	144286781	1159032704.00
2017/11/09	8.05	8.22	7.92	8.09	106923888	862792384.00
2017/11/10	8.10	8.55	8.04	8.51	216880313	1810245248.00
2017/11/13	8.51	8.85	8.35	8.70	192434767	1658626944.00
2017/11/14	8.65	8.70	8.41	8.58	115687514	987585600.00
2017/11/15	8.50	8.53	8.31	8.35	87616993	734761728.00
2017/11/16	8.35	8.54	8.33	8.42	81490860	688677632.00
2017/11/17	8.49	8.88	8.36	8.70	196374942	1700395776.00
2017/11/20	8.57	8.93	8.53	8.86	156172529	1370717696.00
2017/11/21	8.81	9.00	8.72	8.99	181725497	1613753216.00
2017/11/22	8.82	8.83	8.61	8.70	253927071	2215798528.00
2017/11/23	8.70	9.02	8.46	8.53	213841720	1880521728.00
2017/11/24	8.40	8.48	8.16	8.44	129615458	1082196352.00
2017/11/27	8.38	8.40	8.16	8.28	90525987	746404224.00
2017/11/28	8.29	8.49	8.22	8.45	72078297	603074176.00
2017/11/29	8.47	9.17	8.39	9.12	209562351	1846993408.00
2017/11/30	9.08	9.13	8.85	9.01	166327017	1497279104.00
2017/12/01	9.04	9.13	8.88	9.07	111425805	1004473664.00
2017/12/04	9.02	9.10	8.75	9.01	117720809	1048191680.00
2017/12/05	8.92	9.20	8.87	9.00	199939861	1810091776.00
2017/12/06	8.93	9.11	8.73	9.08	124427928	1105384064.00
2017/12/07	9.03	9.15	8.80	8.88	95381577	853898240.00
2017/12/08	8.81	8.81	8.52	8.63	137329099	1184767872.00
2017/12/11	8.61	8.79	8.54	8.78	86300778	748890240.00
2017/12/12	8.79	8.87	8.53	8.55	87464625	760260032.00
2017/12/13	8.49	8.50	8.30	8.47	107395916	900036160.00
2017/12/14	8.43	8.66	8.39	8.52	81094467	692532288.00
2017/12/15	8.47	8.58	8.31	8.45	77809529	656794944.00
2017/12/18	8.41	8.54	8.35	8.52	66923034	567411584.00
2017/12/19	8.52	8.56	8.41	8.52	61836020	525716832.00
2017/12/20	8.52	8.53	8.20	8.22	104183762	864689088.00
2017/12/21	8.17	8.46	8.14	8.35	67134989	559379392.00
2017/12/22	8.39	8.47	8.30	8.32	44814191	375513888.00
2017/12/25	8.57	8.80	8.32	8.46	151331627	1293324672.00
2017/12/26	8.54	9.20	8.46	9.08	268380429	2370170880.00
2017/12/27	8.99	9.09	8.83	8.92	183123308	1644455424.00
2017/12/28	8.98	9.28	8.81	9.08	219009152	1988893056.00
2017/12/29	9.01	9.12	8.96	9.07	103097875	933081088.00
2018/01/02	9.16	9.68	9.16	9.48	228453396	2167954176.00
2018/01/03	9.45	9.58	9.38	9.47	145244375	1377975552.00
2018/01/04	9.46	9.54	9.34	9.44	121863782	1147183744.00
2018/01/05	9.42	9.78	9.38	9.59	195838891	1880861824.00
2018/01/08	9.63	10.02	9.63	9.88	204204306	2022857728.00
2018/01/09	9.83	9.95	9.62	9.75	135993116	1322644480.00
2018/01/10	9.70	9.80	9.51	9.75	124776396	1204536064.00
2018/01/11	9.68	9.69	9.26	9.38	160288232	1510121600.00
2018/01/12	9.23	9.47	9.16	9.34	121803938	1135335168.00
2018/01/15	9.30	9.43	9.10	9.21	127559158	1179688064.00
2018/01/16	9.27	9.61	9.25	9.60	144342816	1365580032.00
2018/01/17	9.68	9.74	9.23	9.36	135892513	1278169344.00
2018/01/18	9.28	9.62	9.18	9.59	136474673	1283905024.00
2018/01/19	9.69	9.87	9.41	9.48	136950280	1316822400.00
2018/01/22	9.40	9.49	9.23	9.45	104311323	974386304.00
2018/01/23	9.41	9.71	9.33	9.70	138975737	1324563200.00
2018/01/24	9.65	9.73	9.47	9.63	135258485	1297898112.00
2018/01/25	9.56	9.93	9.52	9.80	161003091	1570287232.00
2018/01/26	9.80	9.98	9.70	9.86	111731533	1098998144.00
2018/01/29	9.86	9.98	9.29	9.39	172652835	1658115712.00
2018/01/30	9.30	9.41	9.11	9.15	124530721	1150220928.00
2018/01/31	9.10	9.36	9.04	9.19	122798470	1133822848.00
2018/02/01	9.12	9.29	8.92	9.27	137808031	1255900288.00
2018/02/02	9.10	9.32	9.06	9.28	89227434	821655040.00
2018/02/05	9.10	9.59	9.10	9.49	118522711	1107568640.00
2018/02/06	9.31	9.59	9.03	9.24	194060700	1805724416.00
2018/02/07	9.41	9.44	8.51	8.85	163067947	1467488256.00
2018/02/08	8.73	8.85	8.54	8.75	87787180	763448320.00
2018/02/09	8.40	8.40	7.88	8.28	154080551	1258840192.00
2018/02/12	8.25	8.35	8.08	8.25	76939875	634496384.00
2018/02/13	8.36	8.47	8.32	8.34	66264491	556233728.00
2018/02/14	8.33	8.40	8.20	8.33	30712792	254982400.00
2018/02/22	8.45	8.65	8.36	8.63	66033558	564017472.00
2018/02/23	8.67	8.68	8.50	8.58	40207276	345172704.00
2018/02/26	8.61	8.84	8.60	8.77	84445903	739737280.00
2018/02/27	8.78	8.78	8.51	8.52	102466508	879722368.00
2018/02/28	8.42	8.42	8.13	8.28	129869124	1071390080.00
2018/03/01	8.17	8.30	8.14	8.22	99820438	820332544.00
2018/03/02	8.15	8.21	8.08	8.11	77436420	629254784.00
2018/03/05	8.15	8.22	8.04	8.12	92689741	750132096.00
2018/03/06	8.17	8.45	8.06	8.41	143424642	1186107904.00
2018/03/07	8.43	8.60	8.32	8.37	123230606	1044992256.00
2018/03/08	8.42	8.46	8.33	8.44	58951212	494444000.00
2018/03/09	8.46	8.51	8.39	8.50	98306309	832130112.00
2018/03/12	8.53	8.67	8.53	8.54	120089898	1030069632.00
2018/03/13	8.56	8.58	8.24	8.32	114313468	960103040.00
2018/03/14	8.27	8.30	8.16	8.25	72328283	595914368.00
2018/03/15	8.27	8.37	8.22	8.33	55352237	459923968.00
2018/03/16	8.33	8.39	8.26	8.27	49667123	413839424.00
2018/03/19	8.24	8.29	8.18	8.27	51925228	427781216.00
2018/03/20	8.18	8.28	8.14	8.27	53782598	441879808.00
2018/03/21	8.27	8.32	8.11	8.21	67297463	554128000.00
2018/03/22	8.20	8.21	8.03	8.17	65035717	528456960.00
2018/03/23	7.84	8.16	7.70	8.15	142950184	1125806464.00
2018/03/26	7.95	8.02	7.87	7.95	55893209	443433184.00
2018/03/27	8.05	8.09	7.95	8.00	56708902	453097952.00
2018/03/28	7.92	7.95	7.70	7.78	76682752	597739008.00
2018/03/29	7.80	7.99	7.54	7.89	94747475	736573440.00
2018/03/30	7.89	7.93	7.81	7.86	45039893	354781920.00
2018/04/02	7.94	8.21	7.87	8.16	109428642	889064576.00
2018/04/03	8.08	8.27	8.06	8.14	66821725	544856064.00
2018/04/04	8.14	8.25	8.02	8.05	53634910	436726208.00
2018/04/09	8.05	8.24	8.00	8.17	63102811	515351072.00
2018/04/10	8.25	8.35	8.21	8.34	64534351	534430080.00
2018/04/11	8.36	8.62	8.36	8.59	112531094	955518592.00
2018/04/12	8.53	8.69	8.53	8.65	98191005	845862848.00
2018/04/13	8.65	8.72	8.50	8.51	52961448	453975808.00
2018/04/16	8.50	8.50	8.18	8.33	98126929	813051392.00
2018/04/17	8.35	8.41	8.20	8.24	50859034	422210048.00
2018/04/18	8.40	8.48	8.17	8.36	60832425	505235936.00
2018/04/19	8.35	8.48	8.18	8.29	71561237	596906880.00
2018/04/20	8.26	8.32	8.16	8.30	48460901	399429856.00
2018/04/23	8.26	8.46	8.22	8.45	60793497	510205632.00
2018/04/24	8.50	8.79	8.47	8.55	142803434	1233953408.00
2018/04/25	8.56	8.66	8.46	8.64	54176929	464370720.00
数据来源:通达信
