600052 浙江广厦 日线 不复权
      日期	    开盘	    最高	    最低	    收盘	    成交量	    成交额
2017/03/27	6.74	6.74	6.64	6.66	5778834	38560292.00
2017/03/28	6.67	6.67	6.54	6.55	6083596	40225176.00
2017/03/29	6.58	6.62	6.54	6.56	4985938	32797462.00
2017/03/30	6.57	6.58	6.33	6.35	8440362	54026556.00
2017/03/31	6.35	6.39	6.28	6.36	4945602	31337312.00
2017/04/05	6.39	6.47	6.34	6.45	8487273	54399600.00
2017/04/06	6.45	6.48	6.41	6.45	5536725	35648424.00
2017/04/07	6.46	6.47	6.42	6.45	3813922	24587688.00
2017/04/10	6.47	6.48	6.40	6.41	4643729	29847200.00
2017/04/11	6.40	6.59	6.38	6.58	9501569	61603204.00
2017/04/12	6.56	6.71	6.53	6.63	10598005	70627584.00
2017/04/13	6.65	6.65	6.53	6.61	6490431	42783488.00
2017/04/14	6.59	6.69	6.50	6.50	5812062	38266776.00
2017/04/17	6.51	6.54	6.32	6.37	4624506	29555212.00
2017/04/18	6.37	6.42	6.27	6.28	4127139	26123624.00
2017/04/19	6.25	6.25	5.95	6.09	7729731	46883784.00
2017/04/20	6.05	6.10	6.00	6.08	4615933	27883372.00
2017/04/21	6.07	6.07	5.76	5.80	11416566	67338616.00
2017/04/24	5.72	5.79	5.50	5.58	7411637	41388292.00
2017/04/25	5.58	5.65	5.45	5.50	6904907	38580244.00
2017/04/26	5.49	5.56	5.35	5.49	9093836	49634412.00
2017/04/27	5.43	5.52	5.12	5.51	11199605	59485268.00
2017/04/28	5.44	5.64	5.39	5.59	5623954	31128686.00
2017/05/02	5.57	5.68	5.55	5.57	4278433	23965224.00
2017/05/03	5.57	5.61	5.43	5.53	5872971	32388600.00
2017/05/04	5.49	5.55	5.44	5.51	3903299	21484792.00
2017/05/05	5.49	5.57	5.48	5.50	4087243	22556436.00
2017/05/08	5.47	5.53	5.00	5.43	5662585	30435272.00
2017/05/09	5.39	5.41	5.23	5.39	4260693	22665932.00
2017/05/10	5.39	5.43	5.22	5.25	3380716	18044410.00
2017/05/11	5.21	5.25	5.03	5.24	5215170	26849274.00
2017/05/12	5.23	5.25	5.10	5.24	4697584	24340124.00
2017/05/15	5.25	5.29	5.21	5.24	2211759	11585335.00
2017/05/16	5.24	5.34	5.07	5.31	3546846	18622564.00
2017/05/17	5.29	5.43	5.28	5.38	4128010	22213382.00
2017/05/18	5.35	5.37	5.27	5.29	3445654	18287096.00
2017/05/19	5.30	5.35	5.23	5.27	1623387	8572752.00
2017/05/22	5.28	5.29	5.11	5.20	3849006	19921994.00
2017/05/23	5.19	5.20	4.90	4.92	4802853	24369268.00
2017/05/24	4.86	4.97	4.78	4.93	4088938	19951884.00
2017/05/25	4.93	5.04	4.84	5.00	3745924	18522888.00
2017/05/26	5.00	5.03	4.96	4.98	2608224	13029056.00
2017/05/31	5.02	5.12	4.98	4.99	3218590	16220322.00
2017/06/01	4.95	4.98	4.80	4.86	4733337	23038884.00
2017/06/02	4.80	4.98	4.74	4.97	4183986	20373188.00
2017/06/05	4.97	5.06	4.93	5.01	3816426	19146552.00
2017/06/06	5.04	5.09	4.98	5.05	2505200	12648622.00
2017/06/07	5.05	5.14	5.04	5.13	3417482	17477320.00
2017/06/08	5.11	5.19	5.08	5.12	2732164	14038450.00
2017/06/09	5.11	5.13	5.01	5.09	3147137	15912786.00
2017/06/12	5.06	5.06	4.87	4.90	4403682	21817256.00
2017/06/13	4.94	4.99	4.90	4.98	3069009	15193458.00
2017/06/14	4.98	5.02	4.95	4.99	3413313	17038470.00
2017/06/15	5.00	5.13	4.95	5.11	4673052	23761532.00
2017/06/16	5.11	5.20	5.08	5.18	4301718	22151624.00
2017/06/19	5.17	5.25	5.14	5.19	3745399	19462256.00
2017/06/20	5.20	5.26	5.18	5.19	2677195	13972572.00
2017/06/21	5.19	5.23	5.14	5.17	3443094	17841836.00
2017/06/22	5.17	5.17	5.05	5.05	4107210	20953498.00
2017/06/23	5.02	5.08	4.93	5.03	4197776	20998800.00
2017/06/26	5.03	5.13	4.96	5.10	4099772	20780748.00
2017/06/27	5.12	5.13	5.05	5.10	3078305	15662388.00
2017/06/28	5.08	5.09	5.01	5.03	3216123	16219903.00
2017/06/29	5.03	5.08	5.01	5.06	2649435	13361919.00
2017/06/30	5.04	5.06	4.99	5.05	2723654	13667753.00
2017/07/03	5.05	5.07	5.01	5.06	2899999	14615856.00
2017/07/04	5.06	5.08	5.00	5.07	3582633	18055374.00
2017/07/05	5.07	5.09	5.02	5.09	3643703	18427452.00
2017/07/06	5.07	5.14	5.06	5.11	4602279	23461888.00
2017/07/07	5.10	5.12	5.07	5.10	3223180	16415423.00
2017/07/10	5.10	5.17	5.07	5.08	5708782	29294660.00
2017/07/11	5.06	5.09	4.99	5.01	3792081	19165202.00
2017/07/12	5.01	5.04	4.90	4.97	3957400	19624140.00
2017/07/13	4.97	5.00	4.94	4.96	3255800	16170956.00
2017/07/14	4.96	4.99	4.94	4.97	2142050	10630021.00
2017/07/17	4.96	4.96	4.66	4.75	6269349	29802180.00
2017/07/18	4.70	4.75	4.64	4.73	4311671	20217724.00
2017/07/19	4.72	4.79	4.68	4.77	4060940	19175172.00
2017/07/20	4.76	4.84	4.73	4.78	6028695	28757312.00
2017/07/21	4.78	4.78	4.71	4.72	4323741	20479454.00
2017/07/24	4.72	4.78	4.70	4.77	6481403	30755492.00
2017/07/25	4.74	4.80	4.74	4.78	3937945	18799186.00
2017/07/26	4.76	4.78	4.68	4.73	3999078	18896330.00
2017/07/27	4.72	4.82	4.71	4.80	5628383	26921844.00
2017/07/28	4.79	4.89	4.76	4.85	5538593	26859904.00
2017/07/31	4.84	4.90	4.78	4.87	6076054	29468454.00
2017/08/01	4.86	4.92	4.84	4.91	4773274	23286226.00
2017/08/02	4.88	4.96	4.87	4.88	4996955	24571212.00
2017/08/03	4.85	4.94	4.85	4.91	3431793	16825608.00
2017/08/04	4.90	4.94	4.84	4.84	4227368	20608544.00
2017/08/07	4.83	4.89	4.82	4.89	3303930	16072836.00
2017/08/08	4.89	4.95	4.87	4.94	4471260	22014400.00
2017/08/09	4.96	4.96	4.87	4.90	3519024	17297336.00
2017/08/10	4.86	4.89	4.80	4.81	4122801	19968736.00
2017/08/11	4.79	4.80	4.70	4.71	3033923	14397556.00
2017/08/14	4.71	4.80	4.70	4.79	2439800	11638481.00
2017/08/15	4.77	4.82	4.76	4.80	2371985	11342765.00
2017/08/16	4.79	4.83	4.77	4.83	2994737	14382761.00
2017/08/17	4.83	4.88	4.82	4.88	3028939	14678509.00
2017/08/18	4.85	4.93	4.83	4.90	4438937	21732520.00
2017/08/21	4.95	4.95	4.87	4.89	3177300	15563466.00
2017/08/22	4.86	4.91	4.84	4.85	2803637	13662061.00
2017/08/23	4.85	5.18	4.81	4.97	13449911	66722664.00
2017/08/24	4.98	5.00	4.84	4.85	9214740	45186568.00
2017/08/25	4.82	4.90	4.82	4.87	5404189	26278116.00
2017/08/28	4.88	4.91	4.86	4.89	7214841	35224420.00
2017/08/29	4.87	4.90	4.83	4.87	4631806	22556452.00
2017/08/30	4.85	4.87	4.84	4.86	3921503	19044496.00
2017/08/31	4.86	4.87	4.83	4.86	3917139	18972968.00
2017/09/01	4.86	4.86	4.79	4.82	9387744	45211012.00
2017/09/04	4.83	4.84	4.78	4.79	6738172	32352196.00
2017/09/05	4.80	4.82	4.78	4.79	5240079	25132574.00
2017/09/06	4.79	4.82	4.78	4.82	5569511	26735680.00
2017/09/07	4.82	4.88	4.79	4.83	8382011	40627104.00
2017/09/08	4.82	4.85	4.80	4.85	5292174	25501822.00
2017/09/11	4.84	4.91	4.83	4.88	8405394	40945856.00
2017/09/12	4.89	4.89	4.84	4.86	5555079	26994068.00
2017/09/13	4.87	4.88	4.84	4.87	4046682	19657074.00
2017/09/14	4.86	4.89	4.84	4.87	6178779	30076598.00
2017/09/15	4.85	5.08	4.85	4.94	19216196	95473528.00
2017/09/18	4.94	4.96	4.88	4.92	7958300	39123984.00
2017/09/19	4.91	5.06	4.90	5.01	19889157	99527168.00
2017/09/20	4.99	5.14	4.94	5.12	21256269	107589336.00
2017/09/21	5.10	5.13	5.00	5.02	10609630	53550936.00
2017/09/22	5.01	5.27	4.98	5.19	24419478	125940312.00
2017/09/25	5.16	5.41	5.09	5.25	24969439	130896816.00
2017/09/26	5.18	5.30	5.15	5.24	12873725	67189984.00
2017/09/27	5.22	5.23	5.11	5.15	10150332	52230128.00
2017/09/28	5.15	5.15	5.03	5.05	7951802	40313460.00
2017/09/29	5.04	5.07	5.02	5.04	5780350	29161574.00
2017/10/09	5.10	5.12	5.04	5.05	6687446	33872432.00
2017/10/10	5.07	5.12	5.03	5.10	6332167	32139872.00
2017/10/11	5.10	5.12	5.06	5.06	6485139	32959644.00
2017/10/12	5.04	5.07	4.96	4.98	7983346	39933900.00
2017/10/13	4.97	5.01	4.96	5.00	3626696	18091956.00
2017/10/16	5.00	5.01	4.86	4.87	7120130	35028540.00
2017/10/17	4.86	4.88	4.79	4.83	7909686	38240368.00
2017/10/18	4.82	4.85	4.77	4.78	4628200	22268464.00
2017/10/19	4.77	4.80	4.58	4.62	12659270	58803084.00
2017/10/20	4.60	4.67	4.57	4.66	4536766	20962952.00
2017/10/23	4.64	4.70	4.61	4.70	4078761	19035364.00
2017/10/24	4.69	4.71	4.62	4.64	4188252	19505144.00
2017/10/25	4.65	4.70	4.64	4.67	3424201	15989830.00
2017/10/26	4.67	4.84	4.63	4.75	7771505	36776028.00
2017/10/27	4.70	4.70	4.63	4.67	5420201	25323768.00
2017/10/30	4.64	4.65	4.51	4.52	5219598	23803676.00
2017/10/31	4.51	4.55	4.50	4.55	2735199	12385417.00
2017/11/01	4.55	4.57	4.53	4.55	2298032	10459113.00
2017/11/02	4.53	4.53	4.44	4.45	3582100	15990332.00
2017/11/03	4.45	4.46	4.36	4.39	3900586	17171164.00
2017/11/06	4.39	4.41	4.32	4.40	3375474	14720290.00
2017/11/07	4.40	4.44	4.37	4.43	3241950	14306949.00
2017/11/08	4.43	4.48	4.40	4.44	3211286	14289271.00
2017/11/09	4.44	4.47	4.41	4.46	1885100	8381317.00
2017/11/10	4.46	4.47	4.39	4.42	4365889	19324912.00
2017/11/13	4.42	4.43	4.33	4.36	3575588	15635160.00
2017/11/14	4.35	4.37	4.32	4.36	2675500	11616655.00
2017/11/15	4.35	4.37	4.30	4.32	2549278	11025320.00
2017/11/16	4.32	4.36	4.29	4.32	2873322	12441386.00
2017/11/17	4.29	4.29	4.08	4.10	6065258	25295884.00
2017/11/20	4.07	4.07	3.94	4.05	3595570	14378328.00
2017/11/21	4.04	4.09	4.01	4.06	2660506	10770407.00
2017/11/22	4.05	4.06	3.98	4.02	3104266	12481518.00
2017/11/23	4.01	4.02	3.92	3.93	3298800	13103350.00
2017/11/24	3.90	3.97	3.88	3.93	2351847	9248773.00
2017/11/27	3.91	3.95	3.90	3.92	1965560	7717604.00
2017/11/28	3.90	3.97	3.90	3.96	1435000	5659904.00
2017/11/29	3.96	4.03	3.94	4.02	2854229	11381033.00
2017/11/30	4.01	4.05	3.97	3.99	2699300	10814174.00
2017/12/01	3.98	4.03	3.97	4.01	2202153	8826692.00
2017/12/04	4.00	4.02	3.86	3.88	7640987	29943784.00
2017/12/05	3.87	3.87	3.67	3.70	5728600	21594116.00
2017/12/06	3.70	3.72	3.63	3.72	3947347	14521786.00
2017/12/07	3.71	3.74	3.69	3.73	2807919	10443235.00
2017/12/08	3.74	3.77	3.72	3.74	2162962	8107449.00
2017/12/11	3.74	3.80	3.74	3.78	2513862	9495946.00
2017/12/12	3.78	3.79	3.74	3.75	1924520	7239266.00
2017/12/13	3.74	3.83	3.72	3.82	2574944	9709552.00
2017/12/14	3.80	3.81	3.76	3.80	2982000	11259829.00
2017/12/15	3.79	3.80	3.76	3.78	2343662	8853441.00
2017/12/18	3.78	3.82	3.75	3.81	4025071	15246718.00
2017/12/19	3.80	3.90	3.79	3.84	4774278	18387650.00
2017/12/20	3.84	3.84	3.75	3.76	2898874	10991995.00
2017/12/21	3.76	3.81	3.73	3.80	3450631	13008468.00
2017/12/22	3.80	3.80	3.76	3.77	1797902	6791920.00
2017/12/25	3.77	3.86	3.76	3.80	4749601	18066220.00
2017/12/26	3.80	3.83	3.75	3.79	3025232	11443747.00
2017/12/27	3.78	3.80	3.75	3.77	2174454	8200754.00
2017/12/28	3.75	3.81	3.73	3.79	4088017	15414326.00
2017/12/29	3.79	3.80	3.75	3.79	3217134	12136713.00
2018/01/02	3.79	3.90	3.77	3.87	7475301	28871884.00
2018/01/03	3.85	3.88	3.83	3.88	4743879	18318912.00
2018/01/04	3.87	3.93	3.86	3.90	4815334	18785116.00
2018/01/05	3.91	4.13	3.88	4.01	13713826	55144416.00
2018/01/08	3.99	4.13	3.96	4.09	12935717	52534196.00
2018/01/09	4.07	4.27	4.03	4.25	17175899	71689304.00
2018/01/10	4.25	4.25	4.07	4.15	13680021	56786464.00
2018/01/11	4.10	4.16	4.01	4.13	8549180	34792532.00
2018/01/12	4.11	4.50	4.07	4.27	22804937	98576440.00
2018/01/15	4.20	4.27	4.01	4.07	12742159	52573452.00
2018/01/16	4.06	4.20	4.03	4.18	9522936	39184944.00
2018/01/17	4.15	4.16	4.04	4.05	7958493	32405026.00
2018/01/18	4.05	4.08	3.97	3.98	6551500	26348824.00
2018/01/19	3.98	4.06	3.97	3.98	7172476	28671268.00
2018/01/22	3.99	3.99	3.90	3.99	5065763	19975828.00
2018/01/23	3.98	4.04	3.96	4.01	5656902	22669376.00
2018/01/24	4.01	4.01	3.96	3.98	4875000	19395082.00
2018/01/25	3.99	4.00	3.95	3.96	4497585	17861540.00
2018/01/26	3.96	3.98	3.92	3.95	4113761	16252501.00
2018/01/29	3.95	3.97	3.85	3.89	5776501	22541668.00
2018/01/30	3.89	3.90	3.84	3.85	2865000	11087229.00
2018/01/31	3.90	3.92	3.84	3.85	6421525	24949968.00
2018/02/01	3.87	3.88	3.61	3.65	7767300	28864292.00
2018/02/02	3.65	3.67	3.55	3.64	3463126	12545335.00
2018/02/05	3.61	3.66	3.58	3.63	2429501	8815026.00
2018/02/06	3.60	3.61	3.35	3.39	4316725	15136022.00
2018/02/07	3.41	3.47	3.34	3.41	3249001	11078597.00
2018/02/08	3.40	3.46	3.38	3.45	1915900	6589417.00
2018/02/09	3.36	3.42	3.33	3.36	4474202	15047753.00
2018/02/12	3.37	3.46	3.37	3.44	2866861	9806595.00
2018/02/13	3.44	3.50	3.43	3.46	2727600	9443136.00
2018/02/14	3.46	3.48	3.44	3.47	1365572	4722846.00
2018/02/22	3.50	3.54	3.48	3.50	2375300	8337162.00
2018/02/23	3.51	3.57	3.49	3.55	2129000	7528514.00
2018/02/26	3.54	3.59	3.51	3.59	2702500	9614328.00
2018/02/27	3.58	3.59	3.54	3.56	2479042	8835402.00
2018/02/28	3.55	3.58	3.48	3.57	3716606	13131199.00
2018/03/01	3.56	3.62	3.53	3.61	3326242	11920445.00
2018/03/02	3.58	3.61	3.57	3.61	2214472	7954333.00
2018/03/05	3.60	3.61	3.58	3.59	1589645	5708791.00
2018/03/06	3.59	3.65	3.59	3.65	2749323	9954955.00
2018/03/07	3.64	3.70	3.62	3.63	3044756	11104105.00
2018/03/08	3.64	3.66	3.60	3.65	2208118	8035356.00
2018/03/09	3.65	3.70	3.64	3.69	2731874	10021160.00
2018/03/12	3.69	3.75	3.68	3.73	3768870	14024872.00
2018/03/13	3.73	3.80	3.69	3.74	4047702	15106900.00
2018/03/14	3.74	3.74	3.66	3.68	3006200	11102005.00
2018/03/15	3.65	3.67	3.61	3.64	2226286	8085526.00
2018/03/16	3.62	3.67	3.62	3.66	2621200	9564627.00
2018/03/19	3.66	3.67	3.63	3.64	1511300	5516328.00
2018/03/20	3.61	3.66	3.60	3.64	2077495	7529948.00
2018/03/21	3.62	3.70	3.62	3.64	3008201	11029370.00
2018/03/22	3.64	3.71	3.62	3.70	4130022	15142922.00
2018/03/23	3.56	3.64	3.41	3.50	5929600	21031694.00
2018/03/26	3.46	3.53	3.38	3.53	3198333	11041523.00
2018/03/27	3.56	3.67	3.54	3.65	4410729	15968208.00
2018/03/28	3.63	3.65	3.58	3.64	2998189	10852115.00
2018/03/29	3.65	3.73	3.63	3.73	5114165	18859628.00
2018/03/30	3.75	3.75	3.68	3.73	4043243	14996139.00
2018/04/25	3.73	3.73	3.73	3.73	0	0.00
数据来源:通达信
