600097 开创国际 日线 不复权
      日期	    开盘	    最高	    最低	    收盘	    成交量	    成交额
2017/03/27	19.24	19.51	19.15	19.49	4833693	93580048.00
2017/03/28	19.47	19.68	19.34	19.38	3514100	68443472.00
2017/03/29	19.34	19.38	19.07	19.09	4026001	77396464.00
2017/03/30	19.07	19.42	18.98	19.17	6612000	126693096.00
2017/03/31	19.19	19.32	18.44	18.60	6623565	124764296.00
2017/04/05	18.45	18.76	18.30	18.71	4270979	79286536.00
2017/04/06	18.71	19.15	18.55	18.99	5304068	100719304.00
2017/04/07	18.87	19.11	18.54	18.71	4856435	91628280.00
2017/04/10	18.65	18.70	18.10	18.16	5809242	106154544.00
2017/04/11	18.01	18.15	17.29	17.66	8492909	149532096.00
2017/04/12	17.66	17.76	17.34	17.44	4080491	71436512.00
2017/04/13	17.38	18.45	17.09	17.74	8299441	147710064.00
2017/04/14	17.54	18.10	17.40	17.64	6166981	109997192.00
2017/04/24	17.70	18.24	17.23	18.07	8712558	156108560.00
2017/04/25	17.78	18.30	17.55	18.25	6684023	119735928.00
2017/04/26	18.14	18.40	18.00	18.24	3743821	68227040.00
2017/04/27	18.40	18.50	18.02	18.46	4171541	76214000.00
2017/04/28	18.33	18.56	18.31	18.48	2810783	51806532.00
2017/05/02	18.50	18.50	18.03	18.04	2766847	50435360.00
2017/05/03	17.88	18.38	17.88	18.27	2923300	53172112.00
2017/05/04	18.00	18.55	17.93	18.37	2942306	53858088.00
2017/05/05	18.38	18.66	18.20	18.38	2509200	46309992.00
2017/05/08	19.30	19.98	18.80	19.03	10351052	201253056.00
2017/05/09	19.09	19.34	18.50	18.78	5443722	101932712.00
2017/05/10	18.81	18.91	17.50	17.58	5968810	109690296.00
2017/05/11	17.45	17.45	16.56	17.07	5187797	87946528.00
2017/05/12	17.00	17.25	16.67	17.16	3623239	61515368.00
2017/05/15	17.08	17.41	17.02	17.19	2268052	39082532.00
2017/05/16	17.51	17.52	17.03	17.47	2321008	40185480.00
2017/05/17	17.57	17.95	17.34	17.75	2758000	48887452.00
2017/05/18	17.57	17.72	17.46	17.60	1874367	32921440.00
2017/05/19	17.55	18.28	17.52	17.75	2709875	48608268.00
2017/05/22	17.67	17.75	16.95	16.97	2363000	40967992.00
2017/05/23	17.00	17.25	16.68	16.79	2154178	36451840.00
2017/05/24	16.68	17.08	16.52	17.06	1597796	26858134.00
2017/05/25	17.07	17.37	16.85	17.35	1643373	28167964.00
2017/05/26	17.30	17.67	17.22	17.61	1945005	34019728.00
2017/05/31	17.66	17.95	17.59	17.60	1748364	30910474.00
2017/06/01	17.67	17.73	17.40	17.43	1530749	26895128.00
2017/06/02	17.11	17.55	17.05	17.40	1182064	20397464.00
2017/06/05	17.50	17.60	17.41	17.45	763000	13362124.00
2017/06/06	17.40	17.57	17.40	17.50	789601	13832653.00
2017/06/07	18.48	18.48	18.00	18.11	4043153	73443424.00
2017/06/08	18.01	18.15	17.91	18.03	2037733	36666920.00
2017/06/09	17.95	18.47	17.90	18.17	3642243	66527368.00
2017/06/12	18.06	18.45	17.91	18.01	1613000	29274654.00
2017/06/13	18.00	18.14	17.83	18.04	1573466	28321632.00
2017/06/14	18.04	18.04	17.82	17.86	1504004	26874272.00
2017/06/15	17.86	18.19	17.86	18.09	1588126	28661928.00
2017/06/16	18.43	18.97	18.20	18.55	4320032	80526904.00
2017/06/19	18.45	18.60	18.17	18.59	2353031	43428288.00
2017/06/20	18.58	18.58	18.32	18.35	2024880	37224572.00
2017/06/21	18.45	18.58	18.32	18.36	1405570	25903928.00
2017/06/22	18.36	18.54	18.02	18.04	1576510	28886248.00
2017/06/23	18.05	18.09	17.58	17.86	1613540	28754292.00
2017/06/26	17.73	17.97	17.73	17.92	1329151	23689776.00
2017/06/27	18.08	18.13	17.90	17.95	961468	17327910.00
2017/06/28	18.25	18.97	18.25	18.46	4722870	87993392.00
2017/06/29	18.25	18.45	18.13	18.26	2091577	38145304.00
2017/06/30	18.25	18.36	18.08	18.29	1338345	24339012.00
2017/07/03	18.21	18.53	18.21	18.39	1416761	26049748.00
2017/07/04	18.38	18.40	18.22	18.34	1035879	18934810.00
2017/07/05	18.25	18.40	18.24	18.38	1166100	21337546.00
2017/07/06	18.31	18.37	18.07	18.22	1257400	22936412.00
2017/07/07	18.19	18.22	18.07	18.17	1275500	23128386.00
2017/07/10	18.25	18.25	17.90	17.93	1557348	28080864.00
2017/07/11	17.81	17.93	17.64	17.73	1638401	29150638.00
2017/07/12	17.67	17.95	17.67	17.89	1316886	23470488.00
2017/07/13	18.19	18.68	18.10	18.36	5056000	93285448.00
2017/07/14	18.12	18.25	17.74	17.79	3021500	54304496.00
2017/07/17	17.76	17.76	16.51	16.83	3130082	53407320.00
2017/07/18	16.83	17.00	16.68	16.94	1294112	21774432.00
2017/07/19	16.65	17.18	16.65	17.08	1403082	23758780.00
2017/07/20	17.16	17.30	16.97	17.10	1942482	33286872.00
2017/07/21	17.10	17.27	16.90	17.07	1721629	29318064.00
2017/07/24	17.09	17.28	16.85	17.23	1298436	22247604.00
2017/07/25	17.25	17.30	17.06	17.21	1248746	21478150.00
2017/07/26	17.19	17.48	17.16	17.35	1120299	19428068.00
2017/07/27	17.35	17.48	17.24	17.34	1183010	20510520.00
2017/07/28	17.33	17.54	17.33	17.37	835902	14537450.00
2017/07/31	17.26	17.42	17.26	17.31	1037200	17968672.00
2017/08/01	17.45	17.54	17.36	17.44	869336	15166008.00
2017/08/02	17.53	17.53	17.24	17.24	907800	15742429.00
2017/08/03	17.24	17.43	17.09	17.24	838731	14488282.00
2017/08/04	17.29	17.44	17.23	17.25	587301	10172928.00
2017/08/07	17.25	17.37	17.15	17.26	663900	11456728.00
2017/08/08	17.36	17.95	17.22	17.75	1880373	33068542.00
2017/08/09	17.67	17.67	17.28	17.44	1289961	22518264.00
2017/08/10	17.44	17.57	17.25	17.29	981100	17007346.00
2017/08/11	17.09	17.48	17.08	17.22	952601	16475778.00
2017/08/14	17.14	17.50	17.14	17.40	624613	10863692.00
2017/08/15	17.50	17.53	17.40	17.48	823163	14369747.00
2017/08/16	17.52	17.52	17.36	17.49	652050	11377810.00
2017/08/17	17.49	17.86	17.41	17.73	1368080	24166364.00
2017/08/18	17.71	17.99	17.56	17.80	1438992	25654850.00
2017/08/21	17.78	18.04	17.78	17.86	1121740	20076148.00
2017/08/22	17.86	17.95	17.57	17.59	996900	17635488.00
2017/08/23	17.68	17.88	17.60	17.67	849171	15027212.00
2017/08/24	17.74	17.74	17.39	17.55	1223500	21489832.00
2017/08/25	17.55	17.60	17.36	17.53	1142801	20005944.00
2017/08/28	17.55	17.70	17.45	17.66	1072751	18903298.00
2017/08/29	17.66	17.70	17.60	17.61	588400	10384068.00
2017/08/30	17.84	18.15	17.80	17.88	2227659	39936484.00
2017/08/31	17.81	18.18	17.81	18.08	2068089	37191012.00
2017/09/01	18.15	18.15	17.94	18.02	1143431	20613840.00
2017/09/04	17.86	18.00	17.82	17.91	1070871	19151308.00
2017/09/05	17.90	18.04	17.81	17.92	692400	12414403.00
2017/09/06	17.95	17.95	17.81	17.89	633053	11303072.00
2017/09/07	17.94	18.09	17.75	17.86	862016	15392466.00
2017/09/08	17.86	18.05	17.85	17.93	954206	17111644.00
2017/09/11	18.00	18.00	17.82	17.86	719780	12846613.00
2017/09/12	17.85	17.98	17.80	17.83	1254612	22411336.00
2017/09/13	17.82	17.95	17.81	17.88	618525	11045837.00
2017/09/14	17.86	17.97	17.86	17.94	1041402	18665046.00
2017/09/15	17.88	17.93	17.75	17.77	768761	13685632.00
2017/09/18	17.73	17.97	17.72	17.85	864622	15458423.00
2017/09/19	17.80	17.95	17.80	17.82	946116	16914110.00
2017/09/20	17.76	17.90	17.76	17.85	708001	12622653.00
2017/09/21	17.94	19.24	17.94	18.54	6753860	127063376.00
2017/09/22	18.38	18.48	18.10	18.16	2690800	49091016.00
2017/09/25	18.22	18.43	18.13	18.16	1636800	29904144.00
2017/09/26	18.15	18.23	17.67	17.72	2007449	35818120.00
2017/09/27	17.70	17.91	17.50	17.74	1042752	18442684.00
2017/09/28	17.66	17.74	17.39	17.44	1239819	21782044.00
2017/09/29	17.48	17.76	17.48	17.60	597866	10535848.00
2017/10/09	17.64	17.85	17.64	17.77	720106	12774042.00
2017/10/10	17.72	17.83	17.65	17.70	1245890	22083892.00
2017/10/11	17.85	18.58	17.85	18.09	2689706	48994368.00
2017/10/12	17.99	18.00	17.78	17.84	1282031	22904400.00
2017/10/13	17.84	17.91	17.77	17.90	699398	12476000.00
2017/10/16	17.91	18.14	17.67	17.71	872880	15627603.00
2017/10/17	17.72	17.83	17.30	17.52	697454	12253762.00
2017/10/18	17.45	17.85	17.38	17.39	734391	12869985.00
2017/10/19	17.41	17.49	17.16	17.17	676600	11686454.00
2017/10/20	17.12	17.57	17.12	17.51	689302	12029651.00
2017/10/23	17.94	18.35	17.70	17.89	2009307	36164384.00
2017/10/24	17.62	17.85	17.57	17.68	1164400	20571036.00
2017/10/25	17.80	17.80	17.57	17.68	580000	10260736.00
2017/10/26	17.80	17.82	17.63	17.77	739673	13134516.00
2017/10/27	17.68	17.85	17.67	17.71	584909	10380187.00
2017/10/30	17.64	17.79	17.21	17.26	1096007	19048444.00
2017/10/31	17.28	17.74	17.28	17.65	980381	17227544.00
2017/11/01	17.60	17.66	17.50	17.56	680572	11960087.00
2017/11/02	17.56	18.20	17.43	17.93	2233669	39959700.00
2017/11/03	17.89	18.04	17.61	17.76	1013624	17992866.00
2017/11/06	17.71	17.78	17.45	17.55	889092	15624141.00
2017/11/07	17.59	17.66	17.46	17.64	751986	13192540.00
2017/11/08	17.51	17.75	17.51	17.67	891131	15750838.00
2017/11/09	17.67	17.78	17.61	17.75	601794	10655151.00
2017/11/10	17.76	17.92	17.63	17.89	1038998	18462722.00
2017/11/13	17.85	18.16	17.77	18.03	1723597	31045128.00
2017/11/14	18.04	18.20	17.89	18.03	1262503	22769702.00
2017/11/15	17.97	18.25	17.95	18.18	1573130	28506124.00
2017/11/16	18.10	18.17	17.71	17.78	1374378	24657788.00
2017/11/17	17.81	17.86	17.40	17.44	1213939	21436300.00
2017/11/20	17.39	17.58	16.90	17.29	1063956	18272100.00
2017/11/21	17.27	17.29	16.95	17.02	1183255	20210272.00
2017/11/22	17.20	17.25	16.97	17.07	705600	12049619.00
2017/11/23	17.00	17.13	16.65	16.70	1010457	17071424.00
2017/11/24	16.63	16.98	16.63	16.91	685751	11580533.00
2017/11/27	16.89	16.96	16.75	16.92	823000	13919192.00
2017/11/28	16.92	17.68	16.92	17.65	2706010	47305016.00
2017/11/29	17.62	17.78	17.45	17.55	1147501	20194976.00
2017/11/30	17.54	17.66	17.19	17.19	746808	12943511.00
2017/12/01	17.14	17.57	17.14	17.53	683442	11896748.00
2017/12/04	17.53	17.68	17.26	17.32	586298	10234276.00
2017/12/05	17.41	17.41	17.00	17.08	604301	10392050.00
2017/12/06	17.08	17.29	16.70	17.22	1017601	17434628.00
2017/12/07	17.29	17.29	17.15	17.18	476473	8195239.00
2017/12/08	17.25	17.47	17.16	17.32	546233	9478437.00
2017/12/11	17.55	17.75	17.36	17.51	932291	16393166.00
2017/12/12	17.55	17.84	17.41	17.70	1521603	26948704.00
2017/12/13	17.71	17.85	17.50	17.70	661130	11640913.00
2017/12/14	17.65	17.65	17.41	17.56	631296	11068994.00
2017/12/15	17.57	17.59	17.35	17.41	428465	7472039.00
2017/12/18	17.43	17.54	17.15	17.34	809129	14014885.00
2017/12/19	17.50	17.54	17.29	17.36	533148	9278367.00
2017/12/20	17.24	17.39	17.02	17.12	767480	13142777.00
2017/12/21	17.00	17.20	16.96	17.17	785911	13441408.00
2017/12/22	17.14	17.20	17.00	17.09	476130	8154288.00
2017/12/25	17.04	17.20	16.79	16.84	703000	11900300.00
2017/12/26	16.86	16.97	16.80	16.93	360525	6081733.00
2017/12/27	16.95	17.20	16.83	16.85	430393	7276963.00
2017/12/28	16.91	16.95	16.75	16.77	573800	9644629.00
2017/12/29	16.70	17.00	16.63	16.89	780023	13065998.00
2018/01/02	16.89	17.00	16.80	16.90	654060	11042495.00
2018/01/03	16.89	17.08	16.85	17.04	1054868	17897766.00
2018/01/04	17.03	17.10	16.86	16.96	699932	11865811.00
2018/01/05	16.99	17.09	16.86	17.08	678014	11511834.00
2018/01/08	17.10	17.15	16.93	17.00	742928	12647157.00
2018/01/09	17.08	17.08	16.81	16.86	579900	9790348.00
2018/01/10	16.86	16.86	16.52	16.65	942027	15699523.00
2018/01/11	16.65	16.68	16.52	16.58	613180	10164366.00
2018/01/12	16.64	16.80	16.52	16.65	713006	11882811.00
2018/01/15	16.56	16.81	16.56	16.68	952526	15926336.00
2018/01/16	16.67	16.80	16.56	16.65	680598	11340523.00
2018/01/17	16.65	16.65	15.84	16.10	2359045	37999240.00
2018/01/18	16.10	16.14	16.03	16.04	596615	9593056.00
2018/01/19	15.97	16.91	15.96	16.58	1508952	25019584.00
2018/01/22	16.36	16.36	16.03	16.26	975163	15782314.00
2018/01/23	16.30	16.30	16.06	16.09	859196	13879097.00
2018/01/24	16.11	16.25	16.09	16.16	614398	9930353.00
2018/01/25	16.04	16.23	16.02	16.12	528600	8536858.00
2018/01/26	16.12	16.14	16.03	16.05	541150	8695230.00
2018/01/29	16.15	16.20	15.87	15.90	586745	9403847.00
2018/01/30	15.90	15.99	15.87	15.92	726160	11558293.00
2018/01/31	16.10	16.19	15.86	15.94	999359	16008580.00
2018/02/01	16.13	16.13	15.13	15.15	1097765	16992366.00
2018/02/02	14.13	15.00	14.13	14.62	751928	11029221.00
2018/02/05	14.64	14.65	14.24	14.30	625910	9018304.00
2018/02/06	14.05	14.27	13.00	13.05	1240555	16831110.00
2018/02/07	13.30	13.48	12.88	13.30	1088427	14361777.00
2018/02/08	13.35	13.60	13.21	13.54	759761	10265526.00
2018/02/09	13.24	13.95	13.00	13.62	1185845	16100833.00
2018/02/12	13.57	13.94	13.56	13.85	587613	8125961.00
2018/02/13	13.85	14.03	13.71	13.73	375200	5203792.00
2018/02/14	13.71	13.85	13.66	13.71	283588	3895631.00
2018/02/22	13.89	13.89	13.42	13.79	316562	4350628.00
2018/02/23	13.71	13.97	13.71	13.83	303602	4198499.00
2018/02/26	13.90	14.10	13.80	14.10	466733	6538944.00
2018/02/27	14.22	14.40	14.12	14.13	446401	6340659.00
2018/02/28	14.01	14.25	14.01	14.20	440354	6233736.00
2018/03/01	14.00	14.27	14.00	14.17	431500	6112758.00
2018/03/02	14.30	14.30	14.08	14.15	345920	4899677.00
2018/03/05	14.21	14.30	14.00	14.21	442834	6300248.00
2018/03/06	14.16	14.30	14.16	14.24	513981	7312422.00
2018/03/07	14.30	14.40	14.19	14.32	540402	7732983.00
2018/03/08	14.30	14.41	14.24	14.34	424200	6076484.00
2018/03/09	14.26	14.44	14.25	14.43	528720	7588801.00
2018/03/12	14.43	14.89	14.33	14.66	1104244	16217762.00
2018/03/13	14.52	14.81	14.52	14.74	810023	11916510.00
2018/03/14	14.76	14.76	14.40	14.42	769484	11180684.00
2018/03/15	14.42	14.51	14.25	14.36	569501	8174395.00
2018/03/16	14.30	14.46	14.20	14.29	609700	8739068.00
2018/03/19	14.25	14.28	14.08	14.09	531156	7523662.00
2018/03/20	14.03	14.19	14.00	14.10	583613	8220874.00
2018/03/21	14.17	14.68	14.10	14.24	1238087	17805108.00
2018/03/22	14.20	14.56	14.17	14.48	968353	13869945.00
2018/03/23	14.19	14.99	13.61	14.04	1953747	28150620.00
2018/03/26	13.85	13.85	12.64	13.40	1325371	17472418.00
2018/03/27	13.41	13.69	13.41	13.58	899929	12197484.00
2018/03/28	13.43	13.57	13.20	13.31	607228	8134556.00
2018/03/29	13.45	13.46	13.29	13.40	512150	6838538.00
2018/03/30	13.48	13.69	13.41	13.67	796885	10827425.00
2018/04/02	13.67	14.00	13.67	13.90	951026	13196316.00
2018/04/03	13.65	13.90	13.52	13.63	608267	8329062.00
2018/04/04	13.65	13.82	13.50	13.51	808290	10983122.00
2018/04/09	13.50	13.75	13.21	13.37	737669	9883707.00
2018/04/10	13.37	13.47	13.24	13.39	826449	11024085.00
2018/04/11	13.45	13.63	13.30	13.56	790767	10688073.00
2018/04/12	13.45	14.24	13.45	13.72	1352959	18746868.00
2018/04/13	13.60	13.88	13.49	13.55	675390	9231035.00
2018/04/16	13.55	13.72	13.33	13.56	534664	7234615.00
2018/04/17	13.56	13.65	13.20	13.22	680753	9117688.00
2018/04/18	13.15	13.57	13.15	13.50	521901	6968974.00
2018/04/19	13.52	13.68	13.38	13.59	667304	9063397.00
2018/04/20	13.60	13.78	13.03	13.15	783300	10445198.00
2018/04/23	13.15	13.21	12.66	12.73	1044555	13364924.00
2018/04/24	12.74	12.94	12.66	12.85	723632	9271574.00
2018/04/25	12.84	12.97	12.73	12.90	450873	5801980.00
数据来源:通达信
