600012 皖通高速 日线 不复权
      日期	    开盘	    最高	    最低	    收盘	    成交量	    成交额
2017/03/27	17.40	17.69	16.90	16.98	10772751	185134288.00
2017/03/28	16.98	17.63	16.98	17.36	10918528	189806320.00
2017/03/29	17.27	17.56	16.85	17.09	8059337	138704240.00
2017/03/30	17.00	17.30	16.08	16.45	7946610	133332176.00
2017/03/31	16.62	16.91	16.29	16.65	8029763	133736952.00
2017/04/05	16.67	16.97	16.35	16.62	9323291	154377648.00
2017/04/06	16.62	17.13	16.46	17.05	6911175	117211144.00
2017/04/07	17.23	17.42	16.90	16.99	7035538	121078744.00
2017/04/10	16.99	17.28	16.00	16.87	7163102	121737944.00
2017/04/11	16.83	17.10	16.00	16.63	8560069	141688080.00
2017/04/12	16.58	16.69	14.97	14.97	18333207	282922816.00
2017/04/13	14.68	14.68	13.81	14.23	18276488	258064912.00
2017/04/14	14.26	14.35	14.10	14.19	8118569	115393904.00
2017/04/17	14.11	14.54	14.11	14.28	6577571	94027976.00
2017/04/18	14.28	14.31	14.01	14.07	4653538	65684384.00
2017/04/19	14.05	14.15	13.28	13.60	10016550	136016960.00
2017/04/20	13.60	13.82	13.49	13.75	6022235	81859856.00
2017/04/21	13.75	14.30	13.72	14.09	6089558	85922600.00
2017/04/24	14.19	14.19	13.61	13.86	4973780	68818096.00
2017/04/25	13.92	14.05	13.70	13.78	3994000	55121240.00
2017/04/26	13.77	14.05	13.65	14.00	5164498	72011216.00
2017/04/27	14.00	14.08	13.81	14.05	5796742	80983032.00
2017/04/28	14.08	14.21	13.98	14.17	3524969	49797456.00
2017/05/02	13.72	14.06	13.00	13.85	8482711	116555872.00
2017/05/03	13.85	13.90	13.68	13.76	3589376	49422024.00
2017/05/04	13.78	13.82	13.43	13.51	5489574	74552336.00
2017/05/05	13.50	13.50	13.31	13.33	3993321	53449340.00
2017/05/08	13.25	13.35	12.85	12.91	4355043	57291248.00
2017/05/09	12.88	13.27	12.31	13.14	6157761	78838072.00
2017/05/10	13.03	13.30	12.85	12.87	3995841	52283476.00
2017/05/11	12.87	13.11	12.15	12.71	7670743	96392232.00
2017/05/12	12.69	12.80	12.50	12.69	1877301	23782404.00
2017/05/15	12.69	12.98	12.69	12.74	2022500	25927424.00
2017/05/16	12.78	12.91	12.58	12.87	6129841	77992064.00
2017/05/17	12.93	13.08	12.81	12.97	4180927	54314032.00
2017/05/18	12.89	13.07	12.75	13.00	3845002	49531092.00
2017/05/19	12.99	13.03	12.84	12.88	2854309	36868716.00
2017/05/22	12.98	12.98	12.40	12.48	3653775	46147464.00
2017/05/23	12.48	12.66	12.18	12.29	2897843	35841248.00
2017/05/24	12.29	12.38	12.15	12.26	2577400	31542448.00
2017/05/25	12.24	12.55	12.20	12.54	3641498	45108200.00
2017/05/26	12.60	12.85	12.46	12.75	2958200	37466448.00
2017/05/31	12.89	12.99	12.60	12.67	3468900	44276456.00
2017/06/01	12.62	12.75	12.55	12.57	2244400	28372364.00
2017/06/02	12.57	12.57	12.20	12.54	3594911	44383320.00
2017/06/05	12.56	12.72	12.40	12.65	2917093	36678856.00
2017/06/06	12.60	12.65	12.54	12.56	1641500	20652926.00
2017/06/07	12.62	12.74	12.48	12.73	3924885	49692328.00
2017/06/08	12.73	12.85	12.62	12.69	4171415	53068296.00
2017/06/09	12.73	12.73	12.49	12.68	3000957	37758360.00
2017/06/12	12.64	12.68	12.35	12.49	2207879	27694466.00
2017/06/13	12.42	12.60	12.41	12.58	1964800	24615312.00
2017/06/14	12.64	12.64	12.55	12.60	1143926	14414591.00
2017/06/15	12.54	12.72	12.54	12.68	3060506	38702652.00
2017/06/16	12.69	12.73	12.58	12.59	2039563	25776012.00
2017/06/19	12.60	13.68	12.52	13.51	12852886	168103424.00
2017/06/20	13.50	13.74	13.31	13.52	6247035	84608248.00
2017/06/21	13.54	13.58	13.34	13.39	2976486	39936984.00
2017/06/22	13.46	13.46	13.18	13.20	3888715	51910548.00
2017/06/23	13.09	13.30	13.04	13.27	2933515	38604200.00
2017/06/26	13.30	13.35	13.14	13.22	3474770	45985264.00
2017/06/27	13.22	13.28	13.13	13.23	2502245	33016570.00
2017/06/28	13.25	13.36	13.23	13.29	3024140	40185312.00
2017/06/29	13.28	13.67	13.27	13.39	4984697	67068672.00
2017/06/30	13.30	13.62	13.21	13.51	5032475	67625944.00
2017/07/03	13.54	14.38	13.54	14.05	11986399	167445616.00
2017/07/04	14.00	14.17	13.88	13.89	6589867	91942744.00
2017/07/05	14.00	14.10	13.89	14.00	2761642	38662644.00
2017/07/06	14.02	14.05	13.87	14.03	3420010	47747976.00
2017/07/07	13.97	14.10	13.77	13.84	4049452	56222880.00
2017/07/10	13.95	14.10	13.83	13.91	3262254	45619120.00
2017/07/11	13.92	13.94	13.66	13.71	2954200	40840628.00
2017/07/12	13.75	13.89	13.50	13.80	2773231	37942080.00
2017/07/13	13.84	14.00	13.71	13.96	4379150	60960096.00
2017/07/14	14.05	14.16	13.78	13.83	3879020	54001604.00
2017/07/17	13.80	13.80	12.45	12.81	7008030	91513648.00
2017/07/18	12.45	13.10	12.35	12.60	5335034	67208944.00
2017/07/19	12.60	12.96	12.45	12.75	4767803	60523392.00
2017/07/20	12.69	12.84	12.63	12.69	5932437	75536096.00
2017/07/21	12.74	12.78	12.56	12.68	3683456	46586584.00
2017/07/24	12.66	13.08	12.58	12.96	13655619	175586240.00
2017/07/25	12.86	12.94	12.56	12.70	6554968	83350152.00
2017/07/26	12.64	12.77	12.61	12.67	2887410	36561320.00
2017/07/27	12.67	12.84	12.50	12.79	6636333	84107328.00
2017/07/28	12.72	12.85	12.64	12.76	3789200	48250448.00
2017/07/31	12.76	12.95	12.72	12.89	5677898	72986432.00
2017/08/01	12.92	14.18	12.91	13.55	11669241	158641152.00
2017/08/02	13.53	13.80	13.37	13.54	6203049	84251480.00
2017/08/03	13.53	13.54	13.31	13.36	2627600	35270856.00
2017/08/04	13.42	13.53	13.31	13.46	2776714	37264776.00
2017/08/07	13.40	13.46	13.22	13.35	2957380	39392720.00
2017/08/08	13.31	13.37	13.14	13.20	2569069	34047260.00
2017/08/09	13.26	13.33	13.09	13.15	2053349	27049388.00
2017/08/10	13.17	13.50	13.17	13.25	4111563	54738720.00
2017/08/11	13.20	13.24	12.90	12.96	3147734	41213660.00
2017/08/14	12.96	13.35	12.96	13.13	2169400	28603912.00
2017/08/15	13.14	13.50	13.14	13.48	4855896	64946084.00
2017/08/16	13.51	13.58	13.32	13.50	3363782	45362328.00
2017/08/17	13.52	13.62	13.38	13.44	3386073	45648960.00
2017/08/18	13.39	13.63	13.31	13.47	2713500	36606856.00
2017/08/21	13.48	13.51	13.36	13.47	1808200	24281788.00
2017/08/22	13.39	13.54	13.35	13.40	2444298	32823952.00
2017/08/23	13.36	13.45	13.10	13.15	2992499	39633176.00
2017/08/24	13.11	13.23	13.03	13.04	1884957	24716930.00
2017/08/25	13.06	13.21	13.06	13.15	2154610	28292360.00
2017/08/28	13.17	13.23	13.05	13.20	3857979	50707300.00
2017/08/29	13.20	13.20	13.05	13.09	2868590	37599308.00
2017/08/30	13.05	13.19	13.00	13.02	3385300	44219760.00
2017/08/31	13.01	13.15	12.88	13.02	3205201	41627580.00
2017/09/01	13.02	13.10	12.95	12.99	2238950	29080140.00
2017/09/04	12.92	13.08	12.85	12.89	3800928	49246384.00
2017/09/05	12.93	12.97	12.84	12.89	2863311	36887148.00
2017/09/06	12.80	13.12	12.80	13.11	2711004	35107416.00
2017/09/07	13.09	13.25	13.00	13.03	4193550	54967848.00
2017/09/08	13.04	13.10	12.87	12.91	2771808	35896968.00
2017/09/11	12.91	12.98	12.85	12.89	2696676	34740112.00
2017/09/12	12.89	12.93	12.74	12.76	3999331	51125304.00
2017/09/13	12.76	12.90	12.65	12.88	2775264	35382252.00
2017/09/14	12.89	13.08	12.83	13.06	4471535	58103348.00
2017/09/15	13.06	13.75	13.06	13.41	14660548	197548352.00
2017/09/18	13.47	14.00	13.44	13.66	7370955	100833992.00
2017/09/19	13.66	13.76	13.47	13.68	3971100	54039792.00
2017/09/20	13.69	13.73	13.53	13.56	3576300	48689208.00
2017/09/21	13.55	13.64	13.48	13.52	3463260	46905560.00
2017/09/22	13.48	13.57	13.23	13.25	2155200	28740360.00
2017/09/25	13.30	13.44	13.17	13.21	2484091	32962536.00
2017/09/26	13.20	13.26	12.98	13.11	3108800	40811436.00
2017/09/27	13.18	13.20	13.00	13.10	2230841	29247358.00
2017/09/28	13.11	13.17	13.05	13.12	2364100	30995316.00
2017/09/29	13.18	13.18	13.05	13.12	2413715	31611772.00
2017/10/09	13.18	13.19	13.08	13.15	2968583	38988424.00
2017/10/10	13.15	13.33	13.10	13.29	2549686	33769640.00
2017/10/11	13.30	13.32	13.16	13.24	1743033	23029754.00
2017/10/12	13.27	13.29	13.06	13.08	2109131	27709300.00
2017/10/13	13.10	13.14	13.05	13.10	1292860	16913736.00
2017/10/16	13.11	13.12	12.83	12.88	2063810	26712580.00
2017/10/17	12.88	13.16	12.83	13.15	2238639	29032496.00
2017/10/18	13.16	13.18	12.94	12.94	1309720	17106136.00
2017/10/19	13.12	13.13	12.84	12.90	1861578	24063668.00
2017/10/20	12.94	12.95	12.85	12.91	1059025	13663136.00
2017/10/23	12.91	12.98	12.87	12.90	1596406	20625658.00
2017/10/24	12.90	13.08	12.86	12.96	2654299	34455636.00
2017/10/25	12.96	13.12	12.96	13.05	2115702	27626122.00
2017/10/26	13.00	13.12	13.00	13.05	1776800	23224952.00
2017/10/27	13.15	13.27	13.05	13.26	3874508	51069992.00
2017/10/30	13.29	13.33	12.82	12.96	2762700	36100872.00
2017/10/31	12.85	13.04	12.85	12.94	1665810	21532494.00
2017/11/01	12.93	13.06	12.90	13.04	2125380	27573928.00
2017/11/02	12.92	13.08	12.88	12.91	1646100	21324268.00
2017/11/03	12.88	13.63	12.88	13.34	6793401	90279496.00
2017/11/06	13.45	13.45	13.15	13.26	2807558	37206728.00
2017/11/07	13.26	13.76	13.20	13.71	9365079	126824696.00
2017/11/08	13.71	13.83	13.37	13.39	7048403	95554960.00
2017/11/09	13.50	14.10	13.47	13.89	9715300	134622144.00
2017/11/10	13.85	14.00	13.71	13.90	4247700	58931416.00
2017/11/13	13.91	14.32	13.91	14.04	6538496	92424480.00
2017/11/14	14.09	14.10	13.76	13.95	3705985	51477328.00
2017/11/15	13.95	14.04	13.61	13.92	3500070	48399248.00
2017/11/16	13.91	14.00	13.78	13.90	3087864	42971476.00
2017/11/17	13.93	13.97	12.97	13.37	4595808	62053428.00
2017/11/20	13.36	13.55	13.03	13.40	2415350	32304968.00
2017/11/21	13.40	13.60	13.29	13.46	2268670	30481584.00
2017/11/22	13.58	13.58	13.17	13.27	1944700	25872482.00
2017/11/23	13.32	13.40	12.93	13.26	2818201	37206784.00
2017/11/24	13.07	13.34	13.07	13.15	2261808	29898320.00
2017/11/27	13.17	13.20	13.00	13.02	1616399	21093756.00
2017/11/28	13.17	13.23	12.99	13.22	1677290	21971824.00
2017/11/29	13.22	13.27	13.00	13.24	1674156	22031616.00
2017/11/30	13.25	13.39	13.11	13.30	2517799	33404176.00
2017/12/01	13.31	13.58	13.25	13.52	3780056	50914312.00
2017/12/04	13.54	13.60	13.24	13.38	1882778	25169340.00
2017/12/05	13.39	13.48	12.63	12.83	7329032	94468056.00
2017/12/06	12.69	12.85	12.56	12.72	2638500	33428006.00
2017/12/07	12.76	12.76	12.53	12.56	2137709	26918474.00
2017/12/08	12.59	12.78	12.52	12.75	1749990	22219640.00
2017/12/11	12.75	12.76	12.64	12.73	1285236	16334526.00
2017/12/12	12.72	12.73	12.53	12.55	2196400	27699632.00
2017/12/13	12.57	12.66	12.45	12.60	1849915	23259876.00
2017/12/14	12.65	12.67	12.54	12.62	865975	10903442.00
2017/12/15	12.59	12.66	12.44	12.48	1551400	19411844.00
2017/12/18	12.49	12.55	12.00	12.16	2384034	29313380.00
2017/12/19	12.31	12.31	12.18	12.23	1397001	17082718.00
2017/12/20	12.23	12.27	11.48	11.60	5286010	62059280.00
2017/12/21	11.57	11.65	11.47	11.54	2370211	27357358.00
2017/12/22	11.54	11.58	11.08	11.23	4356400	49092880.00
2017/12/25	11.27	11.27	10.35	10.63	7997463	85151384.00
2017/12/26	10.60	11.15	10.40	11.00	5538731	59950044.00
2017/12/27	10.97	11.06	10.76	10.78	2743300	29887020.00
2017/12/28	10.77	11.00	10.76	10.88	2196159	23928576.00
2017/12/29	10.89	11.07	10.76	11.00	2631323	28695516.00
2018/01/02	11.00	11.53	11.00	11.36	4095413	46154576.00
2018/01/03	11.37	11.48	11.23	11.33	2822055	31996732.00
2018/01/04	11.33	11.41	11.30	11.34	1765601	20037752.00
2018/01/05	11.37	11.38	11.17	11.20	2668852	29909748.00
2018/01/08	11.25	11.44	11.17	11.41	2924249	33202328.00
2018/01/09	11.48	11.49	11.33	11.45	1760111	20121808.00
2018/01/10	11.45	11.45	11.20	11.29	1640070	18539380.00
2018/01/11	11.30	11.35	11.18	11.32	1493900	16830538.00
2018/01/12	11.36	11.43	11.14	11.15	1566700	17594516.00
2018/01/15	11.21	11.27	10.88	10.91	2917287	32260830.00
2018/01/16	10.85	11.08	10.85	10.99	2287808	25063692.00
2018/01/17	10.91	11.23	10.90	11.16	2023637	22479954.00
2018/01/18	11.18	11.25	11.00	11.15	2252806	25042592.00
2018/01/19	11.09	11.16	11.02	11.04	1231000	13636466.00
2018/01/22	11.07	11.10	10.90	11.05	1657403	18246620.00
2018/01/23	11.08	11.10	11.00	11.06	1705784	18849294.00
2018/01/24	11.08	12.12	11.02	11.80	6188720	72624624.00
2018/01/25	11.80	11.82	11.61	11.68	3484361	40761984.00
2018/01/26	11.65	11.72	11.42	11.47	2665729	30716474.00
2018/01/29	11.48	11.54	11.30	11.33	2002068	22762292.00
2018/01/30	11.33	11.47	11.19	11.26	1614109	18237004.00
2018/01/31	11.25	11.55	11.16	11.45	3164899	36088108.00
2018/02/01	11.50	11.73	10.60	10.79	3018351	34193416.00
2018/02/02	10.80	11.07	10.45	11.02	2184849	23588330.00
2018/02/05	11.00	11.15	10.78	10.82	2153900	23413624.00
2018/02/06	10.76	10.80	10.17	10.19	3059000	31756492.00
2018/02/07	10.30	10.96	10.28	10.71	4308007	45795544.00
2018/02/08	10.70	11.00	10.56	10.73	4922514	53329788.00
2018/02/09	10.60	10.60	10.17	10.39	1933176	20106030.00
2018/02/12	10.67	10.83	10.43	10.58	2364200	25132656.00
2018/02/13	10.73	10.77	10.54	10.72	2502615	26648568.00
2018/02/14	10.72	10.87	10.60	10.71	1723984	18471584.00
2018/02/22	10.65	10.82	10.65	10.78	1065248	11454068.00
2018/02/23	10.78	10.85	10.71	10.78	739191	7973445.00
2018/02/26	10.84	10.90	10.73	10.88	1366282	14793793.00
2018/02/27	10.88	10.95	10.74	10.79	1301671	14099577.00
2018/02/28	10.76	10.76	10.62	10.68	1456711	15516444.00
2018/03/01	10.67	10.74	10.61	10.70	1735801	18528908.00
2018/03/02	10.69	10.69	10.57	10.62	1664734	17662048.00
2018/03/05	10.61	10.75	10.60	10.71	1736000	18572348.00
2018/03/06	10.77	10.85	10.67	10.81	2576524	27849522.00
2018/03/07	10.74	10.83	10.70	10.71	1060174	11399450.00
2018/03/08	10.78	11.00	10.73	10.80	1497731	16240597.00
2018/03/09	10.85	10.85	10.73	10.79	2121706	22877528.00
2018/03/12	10.74	10.84	10.74	10.77	3133201	33775376.00
2018/03/13	10.79	10.79	10.65	10.69	2305300	24647600.00
2018/03/14	10.66	10.69	10.50	10.52	1987500	21036056.00
2018/03/15	10.50	10.85	10.46	10.72	4604032	49247020.00
2018/03/16	10.73	10.85	10.66	10.70	3071256	33056216.00
2018/03/19	10.70	10.77	10.46	10.54	2316570	24511352.00
2018/03/20	10.53	10.53	10.10	10.24	5132676	52615920.00
2018/03/21	10.30	10.51	10.14	10.33	6569204	67471960.00
2018/03/22	10.25	10.26	10.10	10.14	3209790	32661008.00
2018/03/23	9.91	9.91	9.27	9.42	4298134	41072288.00
2018/03/26	9.20	9.45	9.09	9.27	3896736	36109328.00
2018/03/27	9.35	9.69	9.35	9.42	3525586	33288372.00
2018/03/28	9.35	9.38	9.19	9.35	1955215	18209152.00
2018/03/29	9.36	9.44	9.32	9.41	1982915	18637280.00
2018/03/30	9.40	9.58	9.40	9.53	2349816	22305212.00
2018/04/02	9.54	9.61	9.40	9.43	3162331	29966404.00
2018/04/03	9.39	9.39	9.19	9.31	2996700	27742342.00
2018/04/04	9.31	9.35	9.23	9.26	2271160	21096184.00
2018/04/09	9.22	9.30	9.20	9.25	1303809	12055620.00
2018/04/10	9.22	9.27	8.98	9.13	4475085	40620024.00
2018/04/11	9.14	9.21	9.04	9.20	2262837	20704128.00
2018/04/12	9.13	9.22	9.13	9.18	1900599	17468088.00
2018/04/13	9.18	9.22	9.10	9.11	1788531	16353543.00
2018/04/16	9.10	9.15	8.95	8.96	2068308	18666536.00
2018/04/17	8.96	9.06	8.60	8.69	2394618	21183308.00
2018/04/18	8.72	8.83	8.50	8.67	2898324	25020382.00
2018/04/19	8.65	8.86	8.60	8.80	2160786	18929656.00
2018/04/20	8.79	8.82	8.48	8.57	2806018	24130184.00
2018/04/23	8.57	8.61	8.41	8.47	1724804	14630929.00
2018/04/24	8.51	8.63	8.47	8.57	2422895	20738152.00
2018/04/25	8.55	8.63	8.46	8.59	1925943	16489134.00
数据来源:通达信
