600077 XD宋都股 日线 不复权
      日期	    开盘	    最高	    最低	    收盘	    成交量	    成交额
2017/03/27	5.20	5.21	5.08	5.09	8111719	41658520.00
2017/03/28	5.10	5.10	5.04	5.07	7378151	37370344.00
2017/03/29	5.07	5.09	5.03	5.04	7776894	39318820.00
2017/03/30	5.05	5.06	4.86	4.90	10008475	49409904.00
2017/03/31	4.91	4.93	4.87	4.91	6298935	30907610.00
2017/04/05	4.95	5.08	4.94	5.07	8942450	44865968.00
2017/04/06	5.07	5.10	5.02	5.06	7265003	36787296.00
2017/04/07	5.06	5.08	5.02	5.06	6155894	31112362.00
2017/04/10	5.05	5.14	5.02	5.10	9615618	48866896.00
2017/04/11	5.10	5.12	4.97	5.10	12808627	64590992.00
2017/04/12	5.09	5.10	5.01	5.05	14070567	71104984.00
2017/04/13	5.06	5.19	5.02	5.14	19442894	99106520.00
2017/04/14	5.10	5.13	5.04	5.05	9148338	46518872.00
2017/04/17	5.03	5.06	4.94	4.98	8665845	43297052.00
2017/04/18	4.98	5.01	4.86	4.89	11543086	56912844.00
2017/04/19	4.89	4.89	4.74	4.77	8136907	39063856.00
2017/04/20	4.78	4.81	4.63	4.74	9854836	46692976.00
2017/04/21	4.77	4.82	4.71	4.73	7089048	33825420.00
2017/04/24	4.72	4.81	4.62	4.70	10100840	47771648.00
2017/04/25	4.71	4.74	4.55	4.60	7072497	32919124.00
2017/04/26	4.61	4.64	4.40	4.42	14045880	62820620.00
2017/04/27	4.42	4.47	4.29	4.47	10214950	44588424.00
2017/04/28	4.43	4.47	4.40	4.45	5597882	24857704.00
2017/05/02	4.45	4.53	4.39	4.41	8444605	37558132.00
2017/05/03	4.41	4.45	4.39	4.43	6528569	28843476.00
2017/05/04	4.44	4.47	4.39	4.44	4765373	21162864.00
2017/05/05	4.44	4.44	4.33	4.34	6065223	26507156.00
2017/05/08	4.34	4.36	4.28	4.30	5183330	22407016.00
2017/05/09	4.30	4.30	4.17	4.27	8022699	34016192.00
2017/05/10	4.27	4.30	4.13	4.14	5713707	24129570.00
2017/05/11	4.14	4.14	3.91	4.00	12590171	50297084.00
2017/05/12	3.98	4.00	3.88	3.98	12845125	50505912.00
2017/05/15	3.97	4.04	3.94	4.01	7109847	28355860.00
2017/05/16	3.99	4.10	3.94	4.09	9514144	38281516.00
2017/05/17	4.09	4.19	4.07	4.12	8739638	36154016.00
2017/05/18	4.09	4.16	4.06	4.09	4025503	16558289.00
2017/05/19	4.07	4.11	4.04	4.06	4918109	19992276.00
2017/05/22	4.07	4.08	3.88	3.90	9759858	38616640.00
2017/05/23	3.91	3.93	3.77	3.79	7482931	28788736.00
2017/05/24	3.80	3.84	3.67	3.83	5324545	20091628.00
2017/05/25	3.85	3.98	3.82	3.94	9457533	36962336.00
2017/05/26	3.92	3.97	3.91	3.94	4569872	18004746.00
2017/05/31	3.99	4.05	3.95	3.96	7456483	29935546.00
2017/06/01	3.95	3.95	3.79	3.79	7855593	30532572.00
2017/06/02	3.81	3.92	3.81	3.90	10484550	40582688.00
2017/06/05	3.90	3.94	3.89	3.92	6374525	24936970.00
2017/06/06	3.92	3.96	3.87	3.92	4986400	19511332.00
2017/06/07	3.92	4.07	3.90	4.03	11366758	45394756.00
2017/06/08	4.01	4.05	3.99	4.00	4922324	19752964.00
2017/06/09	4.02	4.02	3.89	3.97	8128270	32166608.00
2017/06/12	3.97	3.97	3.90	3.92	5507194	21666976.00
2017/06/13	3.93	3.98	3.88	3.96	4992740	19708362.00
2017/06/14	3.96	3.97	3.94	3.95	3190025	12600806.00
2017/06/15	3.93	4.02	3.93	4.00	5698411	22688676.00
2017/06/16	4.00	4.01	3.96	3.98	5624003	22364120.00
2017/06/19	3.98	4.02	3.95	4.01	7131202	28393880.00
2017/06/20	4.01	4.06	3.99	4.01	9941377	39928996.00
2017/06/21	4.01	4.02	3.93	3.96	7604980	30150350.00
2017/06/22	3.97	3.99	3.91	3.92	10826917	42818880.00
2017/06/23	3.92	3.95	3.86	3.92	7347690	28678680.00
2017/06/26	3.92	3.98	3.89	3.97	6314474	24910088.00
2017/06/27	3.96	3.99	3.95	3.98	5492393	21814580.00
2017/06/28	4.00	4.02	3.96	3.96	7941364	31652698.00
2017/06/29	3.97	4.02	3.96	3.98	4180606	16669999.00
2017/06/30	3.99	4.00	3.96	3.99	3154799	12553545.00
2017/07/03	4.00	4.01	3.97	4.00	6826032	27287760.00
2017/07/04	4.01	4.02	3.97	4.01	6119300	24459106.00
2017/07/05	3.99	4.06	3.99	4.05	8289409	33417108.00
2017/07/06	4.06	4.16	4.02	4.10	11053767	45064792.00
2017/07/07	4.09	4.11	4.06	4.10	5165129	21091708.00
2017/07/10	4.11	4.16	4.08	4.10	9683983	39924864.00
2017/07/11	4.10	4.17	4.08	4.11	9711101	40102400.00
2017/07/12	4.12	4.13	4.00	4.09	12797701	52028904.00
2017/07/13	4.09	4.17	4.08	4.14	12135730	50182476.00
2017/07/14	4.15	4.17	4.11	4.17	9065996	37577280.00
2017/07/17	4.17	4.18	4.00	4.02	12348553	50138372.00
2017/07/18	3.99	4.10	3.97	4.08	7495477	30303132.00
2017/07/19	4.08	4.20	4.04	4.17	13800170	56970160.00
2017/07/20	4.20	4.32	4.14	4.25	21288102	89913032.00
2017/07/21	4.25	4.26	4.18	4.20	8813336	37155740.00
2017/07/24	4.20	4.28	4.18	4.24	8874352	37561744.00
2017/07/25	4.24	4.43	4.22	4.36	24032353	104510504.00
2017/07/26	4.36	4.40	4.27	4.35	12686141	54804224.00
2017/07/27	4.35	4.41	4.30	4.35	8885185	38787584.00
2017/07/28	4.37	4.38	4.26	4.35	11499721	49762860.00
2017/07/31	4.36	4.37	4.28	4.33	8047007	34815260.00
2017/08/01	4.33	4.33	4.26	4.27	7692035	32969076.00
2017/08/02	4.29	4.29	4.22	4.25	5719611	24297712.00
2017/08/03	4.23	4.28	4.23	4.27	4490642	19103916.00
2017/08/04	4.26	4.28	4.24	4.25	3352191	14277807.00
2017/08/07	4.24	4.32	4.24	4.30	9049146	38731824.00
2017/08/08	4.30	4.40	4.30	4.33	10049724	43773528.00
2017/08/09	4.32	4.36	4.29	4.35	5680473	24571186.00
2017/08/10	4.36	4.36	4.22	4.26	5540900	23731950.00
2017/08/11	4.23	4.25	4.12	4.23	7445792	31255640.00
2017/08/14	4.23	4.37	4.20	4.36	8985839	38868656.00
2017/08/15	4.36	4.40	4.31	4.36	3939200	17118692.00
2017/08/16	4.36	4.45	4.34	4.42	9146883	40383300.00
2017/08/17	4.42	4.54	4.39	4.54	10817300	48818428.00
2017/08/18	4.51	4.66	4.46	4.51	11968871	54470596.00
2017/08/21	4.51	4.58	4.50	4.56	8272172	37513464.00
2017/08/22	4.57	4.77	4.57	4.70	19662444	92453592.00
2017/08/23	4.70	4.89	4.67	4.81	22392421	107877632.00
2017/08/24	4.79	4.81	4.69	4.72	11221400	53002444.00
2017/08/25	4.71	4.71	4.62	4.68	12806484	59674088.00
2017/08/28	4.68	4.74	4.66	4.72	7628507	35838472.00
2017/08/29	4.73	4.87	4.62	4.68	11928500	56202400.00
2017/08/30	4.68	4.75	4.60	4.66	8263436	38444132.00
2017/08/31	4.68	4.72	4.64	4.68	5933441	27782972.00
2017/09/01	4.69	4.75	4.65	4.72	9294289	43706280.00
2017/09/04	4.71	4.78	4.61	4.68	12984998	60563136.00
2017/09/05	4.67	4.67	4.56	4.60	10685801	49201464.00
2017/09/06	4.60	4.62	4.56	4.60	4826400	22195772.00
2017/09/07	4.61	4.64	4.56	4.59	6717520	30869404.00
2017/09/08	4.59	4.62	4.57	4.58	4416703	20267260.00
2017/09/11	4.59	4.65	4.54	4.63	7564800	34592928.00
2017/09/12	4.63	4.72	4.59	4.68	14831496	69015448.00
2017/09/13	4.67	4.89	4.66	4.86	22284705	107612736.00
2017/09/14	4.88	4.88	4.80	4.85	8417278	40643352.00
2017/09/15	4.86	4.86	4.75	4.81	12249239	58770636.00
2017/09/18	4.77	4.88	4.70	4.73	11568900	55001496.00
2017/09/19	4.73	4.82	4.68	4.72	11558356	54943192.00
2017/09/20	4.71	4.76	4.66	4.72	9304501	43724008.00
2017/09/21	4.74	4.78	4.64	4.67	10933600	51291604.00
2017/09/22	4.67	4.67	4.55	4.60	8959277	41196740.00
2017/09/25	4.60	4.60	4.40	4.42	9815982	43858188.00
2017/09/26	4.42	4.55	4.36	4.47	7993600	35661540.00
2017/09/27	4.46	4.51	4.41	4.46	4257500	18933776.00
2017/09/28	4.44	4.48	4.35	4.36	6257356	27493034.00
2017/09/29	4.43	4.43	4.36	4.37	3955148	17319528.00
2017/10/09	4.45	4.46	4.13	4.40	6309205	27762828.00
2017/10/10	4.40	4.43	4.35	4.39	5457300	23964728.00
2017/10/11	4.38	4.42	4.36	4.40	6336786	27803538.00
2017/10/12	4.40	4.42	4.31	4.35	4564608	19946704.00
2017/10/13	4.36	4.36	4.32	4.34	3992766	17306888.00
2017/10/16	4.35	4.36	4.20	4.21	6825659	29075568.00
2017/10/17	4.23	4.23	4.13	4.16	8092500	33652304.00
2017/10/18	4.20	4.20	4.10	4.17	4915849	20417368.00
2017/10/19	4.14	4.27	4.11	4.12	4711800	19567116.00
2017/10/20	4.15	4.16	4.10	4.16	2426400	10029986.00
2017/10/23	4.14	4.18	4.14	4.17	3068134	12798548.00
2017/10/24	4.18	4.24	4.15	4.20	5578136	23481326.00
2017/10/25	4.19	4.21	4.17	4.20	2534000	10612999.00
2017/10/26	4.20	4.20	4.14	4.17	4029000	16782652.00
2017/10/27	4.17	4.23	4.14	4.16	7186207	30040628.00
2017/10/30	4.16	4.18	4.03	4.06	5551050	22603852.00
2017/10/31	4.04	4.19	4.01	4.14	7172311	29568746.00
2017/11/01	4.14	4.24	4.10	4.13	5810600	24140732.00
2017/11/02	4.15	4.15	4.00	4.08	8396936	34007084.00
2017/11/03	4.08	4.08	3.99	4.05	4778300	19189300.00
2017/11/06	4.05	4.06	4.00	4.04	2441158	9834024.00
2017/11/07	4.02	4.17	4.02	4.15	7866080	32309036.00
2017/11/08	4.15	4.19	4.11	4.16	4506100	18683912.00
2017/11/09	4.16	4.21	4.09	4.13	6304918	26061820.00
2017/11/10	4.13	4.13	4.05	4.11	4311800	17599142.00
2017/11/13	4.10	4.10	4.05	4.06	2368800	9642188.00
2017/11/14	4.08	4.08	4.02	4.04	3967800	16011658.00
2017/11/15	4.04	4.10	4.00	4.01	3126501	12618379.00
2017/11/16	4.03	4.04	3.99	4.00	3644600	14629690.00
2017/11/17	4.01	4.01	3.84	3.86	7101776	27761748.00
2017/11/20	3.86	3.87	3.67	3.82	8505983	31924332.00
2017/11/21	3.81	3.83	3.76	3.81	4564441	17301374.00
2017/11/22	3.81	3.81	3.74	3.75	4024076	15142497.00
2017/11/23	3.76	3.77	3.72	3.74	5553676	20845844.00
2017/11/24	3.72	3.78	3.66	3.77	1981300	7437377.00
2017/11/27	3.76	3.78	3.70	3.75	2761700	10347438.00
2017/11/28	3.74	3.82	3.70	3.81	3977494	14931855.00
2017/11/29	3.80	3.90	3.76	3.83	4519956	17274430.00
2017/11/30	3.83	3.83	3.80	3.81	2366300	9025992.00
2017/12/01	3.83	3.83	3.77	3.81	2265500	8616406.00
2017/12/04	3.81	3.82	3.78	3.78	2324900	8835088.00
2017/12/05	3.78	3.82	3.65	3.72	4573644	17086780.00
2017/12/06	3.70	3.73	3.61	3.73	4193468	15410609.00
2017/12/07	3.72	3.74	3.65	3.68	3863145	14278229.00
2017/12/08	3.66	3.72	3.66	3.70	2427900	8978524.00
2017/12/11	3.70	3.73	3.69	3.73	2509201	9316117.00
2017/12/12	3.73	3.73	3.67	3.69	3342880	12350115.00
2017/12/13	3.69	3.70	3.67	3.69	2112960	7792840.00
2017/12/14	3.68	3.69	3.63	3.66	2762800	10119420.00
2017/12/15	3.65	3.72	3.63	3.71	4820762	17804268.00
2017/12/18	3.71	3.72	3.66	3.68	1906110	7033970.00
2017/12/19	3.69	3.72	3.65	3.67	3960300	14581506.00
2017/12/20	3.67	3.68	3.63	3.64	2300400	8421353.00
2017/12/21	3.63	3.64	3.51	3.62	4432250	15920541.00
2017/12/22	3.61	3.62	3.58	3.60	1921112	6899303.00
2017/12/25	3.57	3.63	3.54	3.60	4028676	14433684.00
2017/12/26	3.59	3.60	3.56	3.59	1911012	6839391.00
2017/12/27	3.59	3.60	3.50	3.54	4800400	17010748.00
2017/12/28	3.54	3.55	3.50	3.51	4256501	14986305.00
2017/12/29	3.51	3.56	3.50	3.56	4168201	14725957.00
2018/01/02	3.56	3.72	3.56	3.64	7376013	27017732.00
2018/01/03	3.62	3.68	3.61	3.67	4096354	14923900.00
2018/01/04	3.70	3.89	3.70	3.76	9862650	37395908.00
2018/01/05	3.74	3.95	3.71	3.89	11881185	45826860.00
2018/01/08	3.87	4.03	3.84	3.95	13974866	55275584.00
2018/01/09	4.06	4.06	3.87	3.93	9168390	36275856.00
2018/01/10	3.94	3.94	3.83	3.87	5820860	22578936.00
2018/01/11	3.85	3.89	3.80	3.86	5047350	19355080.00
2018/01/12	4.00	4.25	3.97	4.25	40975354	171601856.00
2018/01/15	4.10	4.21	3.95	3.96	33052953	135131904.00
2018/01/16	3.98	4.13	3.96	4.08	20308043	82048328.00
2018/01/17	4.06	4.06	3.87	3.92	16811053	66043664.00
2018/01/18	3.93	3.99	3.90	3.91	5803144	22839444.00
2018/01/19	3.91	4.01	3.84	3.92	9722844	38174872.00
2018/01/22	3.91	3.95	3.88	3.94	5153800	20178164.00
2018/01/23	3.94	3.98	3.90	3.92	6561201	25881020.00
2018/01/24	3.91	3.94	3.88	3.91	5575600	21751536.00
2018/01/25	3.91	3.94	3.89	3.89	4912101	19198088.00
2018/01/26	3.88	3.96	3.87	3.89	5619641	21974684.00
2018/01/29	3.88	3.90	3.74	3.77	8659224	33030864.00
2018/01/30	3.77	3.80	3.69	3.71	9592925	35710916.00
2018/01/31	3.68	3.71	3.60	3.63	6935900	25271940.00
2018/02/01	3.65	3.65	3.34	3.43	13566701	47181472.00
2018/02/02	3.40	3.49	3.31	3.47	9876124	33744884.00
2018/02/05	3.41	3.52	3.37	3.52	4565607	15857559.00
2018/02/06	3.48	3.50	3.35	3.38	6894044	23610132.00
2018/02/07	3.43	3.46	3.33	3.38	5360400	18148450.00
2018/02/08	3.38	3.45	3.35	3.40	5892000	20026640.00
2018/02/09	3.35	3.36	3.20	3.30	6810344	22409644.00
2018/02/12	3.34	3.47	3.34	3.44	7944628	27178640.00
2018/02/13	3.44	3.50	3.41	3.47	4212777	14609464.00
2018/02/14	3.43	3.48	3.36	3.46	2033809	7018349.00
2018/02/22	3.47	3.52	3.45	3.48	3679200	12786811.00
2018/02/23	3.48	3.51	3.46	3.48	2514500	8761676.00
2018/02/26	3.49	3.54	3.49	3.53	4843300	17070672.00
2018/02/27	3.53	3.53	3.47	3.50	5550478	19408408.00
2018/02/28	3.48	3.53	3.45	3.50	3116065	10883583.00
2018/03/01	3.48	3.76	3.47	3.67	13243460	48201072.00
2018/03/02	3.65	3.66	3.57	3.58	6790302	24484168.00
2018/03/05	3.59	3.60	3.55	3.56	2731156	9737173.00
2018/03/06	3.64	3.64	3.56	3.61	4248510	15326982.00
2018/03/07	3.60	3.63	3.59	3.61	2949941	10647708.00
2018/03/08	3.61	3.63	3.58	3.59	2881411	10366905.00
2018/03/09	3.61	3.63	3.58	3.62	4407266	15890292.00
2018/03/12	3.62	3.69	3.60	3.66	7453200	27162268.00
2018/03/13	3.63	3.74	3.63	3.71	7831456	29026790.00
2018/03/14	3.69	3.73	3.62	3.64	5115200	18716266.00
2018/03/15	3.64	3.64	3.55	3.58	4202106	15083386.00
2018/03/16	3.60	3.61	3.57	3.58	3332076	11969527.00
2018/03/19	3.55	3.64	3.54	3.59	4722368	16991992.00
2018/03/20	3.59	3.59	3.52	3.55	3178303	11272817.00
2018/03/21	3.55	3.59	3.52	3.53	3793200	13524261.00
2018/03/22	3.51	3.55	3.48	3.52	3814700	13409558.00
2018/03/23	3.46	3.50	3.23	3.28	10313413	34547360.00
2018/03/26	3.23	3.29	3.12	3.28	5957914	19335724.00
2018/03/27	3.32	3.35	3.31	3.34	4117710	13718260.00
2018/03/28	3.30	3.34	3.28	3.32	4376562	14471731.00
2018/03/29	3.32	3.40	3.30	3.38	5324110	17841588.00
2018/03/30	3.38	3.41	3.34	3.37	4683987	15764379.00
2018/04/02	3.35	3.39	3.35	3.35	4498800	15176684.00
2018/04/03	3.32	3.32	3.27	3.30	4763831	15692041.00
2018/04/04	3.32	3.34	3.30	3.32	4361835	14480247.00
2018/04/09	3.30	3.36	3.25	3.32	4360713	14457155.00
2018/04/10	3.32	3.43	3.30	3.41	7415988	25054856.00
2018/04/11	3.42	3.42	3.36	3.40	3744501	12708536.00
2018/04/12	3.40	3.52	3.38	3.44	10255845	35494056.00
2018/04/13	3.46	3.51	3.44	3.46	5938278	20610340.00
2018/04/16	3.46	3.50	3.42	3.44	2871400	9932030.00
2018/04/17	3.44	3.47	3.41	3.42	3444190	11825412.00
2018/04/18	3.44	3.47	3.39	3.47	3512780	12059396.00
2018/04/19	3.45	3.55	3.45	3.49	3174200	11129603.00
2018/04/20	3.50	3.53	3.43	3.48	3123094	10870669.00
2018/04/23	3.47	3.57	3.44	3.51	3799715	13271655.00
2018/04/24	3.52	3.58	3.45	3.56	7479028	26221192.00
2018/04/25	3.54	3.54	3.43	3.46	6336946	21984332.00
数据来源:通达信
