600069 银鸽投资 日线 不复权
      日期	    开盘	    最高	    最低	    收盘	    成交量	    成交额
2017/03/27	10.98	11.95	10.96	11.73	53293043	614290496.00
2017/03/28	11.58	11.59	11.23	11.38	28744488	327667328.00
2017/03/29	11.32	11.73	11.21	11.28	31628736	362096288.00
2017/03/30	11.12	11.12	10.71	10.72	27928117	303161984.00
2017/03/31	10.71	10.89	10.58	10.83	14920716	160316896.00
2017/04/05	10.73	11.03	10.66	10.91	15885291	172081792.00
2017/04/06	10.92	10.99	10.75	10.89	13737923	149138080.00
2017/04/07	10.85	10.88	10.70	10.71	14563215	156976880.00
2017/04/10	10.68	10.68	10.19	10.39	19582152	203834640.00
2017/04/11	10.36	10.65	10.26	10.62	16396285	172486000.00
2017/04/12	10.67	10.67	10.35	10.41	12154860	126913032.00
2017/04/13	10.33	10.55	10.30	10.40	8425390	87975984.00
2017/04/17	10.00	10.36	9.90	10.07	15416069	154811760.00
2017/04/18	10.07	10.15	9.06	9.06	16976501	164827312.00
2017/04/19	8.94	8.94	8.15	8.43	29084577	245672832.00
2017/04/20	8.41	8.62	8.32	8.57	14522427	123328984.00
2017/04/21	8.61	9.25	7.75	9.06	37906159	312805600.00
2017/04/24	8.70	9.10	8.32	8.76	23850525	208655472.00
2017/04/25	8.67	9.09	8.61	8.81	12865403	114385496.00
2017/04/26	8.90	9.03	8.51	8.73	11190681	98020600.00
2017/04/27	8.67	8.92	8.38	8.73	13044299	112795416.00
2017/04/28	8.67	8.83	8.62	8.78	8766149	76782648.00
2017/05/02	8.78	9.58	8.78	9.43	25022122	229468352.00
2017/05/03	9.32	9.47	9.21	9.26	13545205	126146160.00
2017/05/04	9.26	9.44	9.12	9.18	9924100	92038424.00
2017/05/05	9.13	9.27	8.93	8.99	10436855	94978872.00
2017/05/08	8.90	9.18	8.82	8.92	8497751	76728112.00
2017/05/09	8.88	9.05	8.81	8.95	6250398	55640424.00
2017/05/10	8.95	9.01	8.20	8.66	11709200	101770480.00
2017/05/11	8.51	8.76	8.26	8.67	11419064	97204168.00
2017/05/12	8.58	8.69	8.46	8.58	6894110	59171760.00
2017/05/15	8.58	8.65	8.55	8.62	5895766	50714604.00
2017/05/16	8.61	8.76	8.45	8.72	7211300	62459352.00
2017/05/17	8.73	9.15	8.72	8.92	12772532	114681248.00
2017/05/18	8.85	8.97	8.76	8.78	7673841	68051008.00
2017/05/19	8.74	9.08	8.72	8.88	7549511	67223944.00
2017/05/22	8.82	9.02	8.77	8.78	5727990	50940984.00
2017/05/23	8.75	8.87	8.40	8.47	8557984	73341184.00
2017/05/24	8.50	8.68	8.30	8.64	7537191	63985980.00
2017/05/25	8.64	8.75	8.51	8.70	6564322	56726708.00
2017/05/26	8.67	8.73	8.56	8.58	4864500	42067516.00
2017/05/31	8.60	9.07	8.58	9.05	15731538	138814240.00
2017/06/01	9.01	9.15	8.84	8.92	10624588	95531568.00
2017/06/02	8.83	8.99	8.82	8.90	7156301	63732744.00
2017/06/05	8.92	8.96	8.80	8.86	5809389	51410600.00
2017/06/06	8.84	8.96	8.81	8.88	4436252	39372728.00
2017/06/07	8.91	9.03	8.85	8.96	8718257	78048344.00
2017/06/08	8.94	8.99	8.82	8.84	7641327	67765616.00
2017/06/09	8.83	8.87	8.76	8.87	5021237	44288524.00
2017/06/12	8.80	8.81	8.62	8.70	6799100	59168232.00
2017/06/13	8.70	8.78	8.62	8.69	4441600	38655556.00
2017/06/14	8.67	9.48	8.65	9.24	31721585	289930080.00
2017/06/15	9.10	9.24	9.02	9.06	19551673	178016048.00
2017/06/16	9.06	9.23	8.89	8.92	14324533	129230952.00
2017/06/19	8.90	8.96	8.84	8.92	6700066	59589252.00
2017/06/20	8.94	9.17	8.85	9.03	12004001	108587760.00
2017/06/21	9.02	9.13	8.90	8.98	8901727	80139128.00
2017/06/22	9.00	9.03	8.80	8.81	7897731	70450216.00
2017/06/23	8.72	8.83	8.66	8.75	7185642	62811256.00
2017/06/26	8.84	9.01	8.78	8.90	8396578	74708856.00
2017/06/27	8.89	9.11	8.83	9.00	14903565	134251296.00
2017/06/28	8.91	9.27	8.91	9.15	18166674	166165952.00
2017/06/29	9.13	9.25	9.10	9.19	11564318	105897216.00
2017/06/30	9.18	9.25	9.12	9.13	7674014	70459704.00
2017/07/03	9.08	9.44	9.02	9.35	14366303	133392848.00
2017/07/04	9.30	9.96	9.27	9.65	23495850	225975056.00
2017/07/05	9.70	9.88	9.52	9.78	19784712	192127360.00
2017/07/06	9.76	9.86	9.62	9.77	12308622	120105824.00
2017/07/07	9.83	10.74	9.81	10.47	35376179	369273280.00
2017/07/10	10.28	10.57	10.20	10.32	20669051	213962048.00
2017/07/11	10.32	10.34	10.03	10.05	14345884	145708528.00
2017/07/12	10.07	10.15	9.80	9.96	12066201	119547736.00
2017/07/13	10.15	10.55	10.08	10.29	18683501	193469088.00
2017/07/14	10.20	10.24	9.93	10.07	10608800	106865992.00
2017/07/17	10.45	10.58	9.55	9.80	19494101	197827952.00
2017/07/18	9.82	9.97	9.58	9.92	13222751	129605296.00
2017/07/19	9.87	10.19	9.82	10.15	12637882	126669872.00
2017/07/20	10.70	10.70	10.20	10.21	22247501	232578240.00
2017/07/21	10.25	10.43	10.10	10.16	11016416	112605336.00
2017/07/24	10.05	10.17	9.82	9.94	14710957	146266560.00
2017/07/25	9.94	9.99	9.72	9.78	9412600	92286416.00
2017/07/26	9.81	9.90	9.61	9.85	8060262	78494536.00
2017/07/27	9.86	9.88	9.58	9.59	11417948	110129192.00
2017/07/28	9.56	9.73	9.51	9.59	7427750	71467128.00
2017/07/31	9.65	9.78	9.51	9.68	11233101	108195592.00
2017/08/01	9.69	9.74	9.54	9.62	8287340	79807440.00
2017/08/02	9.62	9.65	9.25	9.30	10746466	101121816.00
2017/08/03	9.26	9.60	9.26	9.49	10740972	102027720.00
2017/08/04	9.50	9.55	9.38	9.49	7261017	68702832.00
2017/08/07	9.46	9.49	9.37	9.41	4951971	46572932.00
2017/08/08	9.36	9.50	9.35	9.42	5565071	52369304.00
2017/08/09	9.44	9.53	9.35	9.43	5910286	55704580.00
2017/08/10	9.40	9.42	9.06	9.21	9395100	86733440.00
2017/08/11	9.20	9.20	8.71	8.80	15520324	138427184.00
2017/08/16	9.18	9.29	8.98	9.09	11690885	106677504.00
2017/08/17	8.95	9.07	8.93	9.02	7060716	63458672.00
2017/08/18	8.96	9.32	8.88	9.22	12247738	111712640.00
2017/08/21	9.22	9.28	9.13	9.23	6777703	62329152.00
2017/08/22	9.23	9.24	9.02	9.09	6324051	57560484.00
2017/08/23	9.19	9.19	8.99	9.03	4933600	44666364.00
2017/08/24	9.08	9.10	8.92	9.03	4943950	44488180.00
2017/08/25	8.98	9.25	8.98	9.14	6866136	62597056.00
2017/08/28	9.13	9.13	9.00	9.06	7923101	71736040.00
2017/08/29	9.10	9.32	9.05	9.29	16525129	151999872.00
2017/08/30	9.28	9.47	9.20	9.36	14517400	136081408.00
2017/08/31	9.40	9.40	9.23	9.34	7203906	67087840.00
2017/09/01	9.34	9.34	9.17	9.22	7395811	68131232.00
2017/09/04	9.20	9.21	9.09	9.20	7597800	69497632.00
2017/09/05	9.20	9.22	9.09	9.15	7418835	67742136.00
2017/09/06	9.15	9.19	9.01	9.18	6747401	61473644.00
2017/09/07	9.17	9.18	9.03	9.09	9349900	84884384.00
2017/09/08	9.05	9.27	9.01	9.15	11494951	105160464.00
2017/09/11	9.13	9.26	9.13	9.15	10291372	94495904.00
2017/09/12	9.19	9.41	9.15	9.34	22484485	209422864.00
2017/09/13	9.34	9.71	9.28	9.49	23717147	225296384.00
2017/09/14	9.41	9.43	9.25	9.30	12501981	116355936.00
2017/09/15	9.27	9.29	9.10	9.20	9527100	87399040.00
2017/09/18	9.19	9.21	9.03	9.15	10803550	98564336.00
2017/09/19	9.16	9.25	9.05	9.13	9608968	87754792.00
2017/09/20	9.16	9.18	9.05	9.13	9318460	84805728.00
2017/09/21	9.14	9.14	8.99	9.04	10262096	92824800.00
2017/09/22	9.01	9.17	8.95	9.12	9936576	90224936.00
2017/09/25	9.09	9.14	9.01	9.06	5393575	48801848.00
2017/09/26	9.02	9.08	8.95	9.05	7841152	70599696.00
2017/09/27	9.02	9.07	8.96	9.05	6146213	55267340.00
2017/09/28	9.00	9.05	8.91	9.03	8376261	75216128.00
2017/09/29	9.02	9.25	8.97	9.16	10732167	97804328.00
2017/10/09	9.25	9.32	9.13	9.22	11678751	107516928.00
2017/10/10	9.32	9.34	9.13	9.17	7637101	70316768.00
2017/10/11	9.14	9.23	9.10	9.13	6695348	61186132.00
2017/10/12	9.17	9.17	9.08	9.17	5395337	49215448.00
2017/10/13	9.17	9.19	9.10	9.15	4627550	42279096.00
2017/10/16	9.12	9.16	8.79	9.01	12787968	114508224.00
2017/10/17	8.99	8.99	8.85	8.93	6348446	56500136.00
2017/10/18	8.93	8.97	8.78	8.84	6748600	59855216.00
2017/10/19	8.84	8.84	8.63	8.73	8174400	71244792.00
2017/10/20	8.69	8.73	8.66	8.72	5462500	47511992.00
2017/10/23	8.72	8.79	8.70	8.75	4361301	38122584.00
2017/10/24	8.75	8.77	8.60	8.69	5591601	48498208.00
2017/10/25	8.69	8.75	8.61	8.73	7274801	63287908.00
2017/10/26	8.73	8.92	8.65	8.87	10284301	90471696.00
2017/10/27	8.88	9.02	8.82	8.88	9184960	81817048.00
2017/10/30	8.85	8.91	8.65	8.71	6478946	56505572.00
2017/10/31	8.70	8.72	8.65	8.67	4226361	36662096.00
2017/11/01	8.67	8.70	8.50	8.68	9682200	83294312.00
2017/11/02	8.62	8.68	8.52	8.67	6860901	58980156.00
2017/11/03	8.62	8.62	8.38	8.60	10237762	86977680.00
2017/11/06	8.50	8.60	8.45	8.55	5147600	43885832.00
2017/11/07	8.55	8.56	8.45	8.55	6938550	59023932.00
2017/11/08	8.51	8.56	8.45	8.53	6646953	56481484.00
2017/11/09	8.49	8.76	8.49	8.62	8587952	74351448.00
2017/11/10	8.67	8.69	8.54	8.61	4458652	38329676.00
2017/11/13	8.63	8.63	8.51	8.57	4319802	36934320.00
2017/11/14	8.53	8.58	8.49	8.56	6434810	54859992.00
2017/11/15	8.55	8.56	8.42	8.55	7054802	59897352.00
2017/11/16	8.52	8.58	8.46	8.57	4845301	41326320.00
2017/11/17	8.52	8.58	8.42	8.56	9122562	77451920.00
2017/11/20	8.45	8.57	8.43	8.56	4902403	41642512.00
2017/11/21	8.55	8.57	8.48	8.56	6348360	54111008.00
2017/11/22	8.50	8.64	8.50	8.59	6820161	58398872.00
2017/11/23	8.60	8.61	8.46	8.57	7370117	62752844.00
2017/11/24	8.48	8.57	8.47	8.56	8903530	75808472.00
2017/11/27	8.52	8.79	8.48	8.57	12107211	104099280.00
2017/11/28	8.57	8.67	8.52	8.58	6724411	57803452.00
2017/11/29	8.55	8.61	8.49	8.56	6551952	55970264.00
2017/11/30	8.58	9.27	8.54	8.67	29783011	263881792.00
2017/12/01	8.68	8.98	8.63	8.86	14749725	130472104.00
2017/12/04	8.81	9.07	8.74	8.81	12802626	113565904.00
2017/12/05	8.76	8.84	8.46	8.59	12368492	106252944.00
2017/12/06	8.56	8.60	8.47	8.59	6683052	56991996.00
2017/12/07	8.57	8.59	8.51	8.58	5011685	42836680.00
2017/12/08	8.56	8.63	8.52	8.60	4678241	40091452.00
2017/12/11	8.59	8.63	8.55	8.59	5194500	44605864.00
2017/12/12	8.56	8.61	8.56	8.57	3413200	29275636.00
2017/12/13	8.59	8.63	8.51	8.59	5109050	43771464.00
2017/12/14	8.58	8.58	8.51	8.55	5377149	45873008.00
2017/12/15	8.51	8.54	8.45	8.53	7259166	61652020.00
2017/12/18	8.50	8.55	8.49	8.52	3004160	25583088.00
2017/12/19	8.49	8.53	8.45	8.52	3544606	30095352.00
2017/12/20	8.49	8.52	8.36	8.46	9057300	76312688.00
2017/12/21	8.41	8.49	8.35	8.48	8372300	70329360.00
2017/12/22	8.44	8.48	8.38	8.47	8087357	68238744.00
2017/12/25	8.42	8.50	8.38	8.47	6945779	58538440.00
2017/12/26	8.42	8.49	8.40	8.47	5437211	45916744.00
2017/12/27	8.45	8.49	8.43	8.48	4752749	40209316.00
2017/12/28	8.45	8.53	8.43	8.51	4874301	41305848.00
2017/12/29	8.48	8.55	8.45	8.49	3788236	32120728.00
2018/01/02	8.49	8.50	8.43	8.46	3747361	31706488.00
2018/01/03	8.45	8.51	8.43	8.48	3631402	30763224.00
2018/01/04	8.45	8.78	8.45	8.53	12477486	107286272.00
2018/01/05	8.40	8.52	8.40	8.48	4655600	39441296.00
2018/01/08	8.49	8.50	8.42	8.47	4945710	41778644.00
2018/01/09	8.48	8.50	8.42	8.47	5406503	45737644.00
2018/01/10	8.47	8.49	8.43	8.47	5091054	43068744.00
2018/01/11	8.45	8.48	8.40	8.47	7665800	64647732.00
2018/01/12	8.42	8.47	8.41	8.45	4584601	38711980.00
2018/01/15	8.43	8.49	8.40	8.47	7961594	67259488.00
2018/01/16	8.46	8.48	8.43	8.47	4483250	37951616.00
2018/01/17	8.50	8.50	8.40	8.47	7820374	65959384.00
2018/01/18	8.45	8.47	8.41	8.46	5040900	42547316.00
2018/01/19	8.46	8.47	8.42	8.47	5203612	43937468.00
2018/01/22	8.45	8.47	8.41	8.46	6294281	53098764.00
2018/01/23	8.45	8.45	8.41	8.43	6407200	53953336.00
2018/01/24	8.41	8.42	8.36	8.41	7614110	63870624.00
2018/01/25	8.42	8.43	8.37	8.41	4000100	33597932.00
2018/01/26	8.38	8.38	8.33	8.37	6403704	53519604.00
2018/01/29	8.37	8.37	8.16	8.33	13758591	113685056.00
2018/01/30	8.31	8.39	8.21	8.31	10802905	89720704.00
2018/01/31	8.33	8.34	8.22	8.24	5112000	42160648.00
2018/02/01	8.23	8.23	7.42	7.42	12166000	94105384.00
2018/04/25	7.42	7.42	7.42	7.42	0	0.00
数据来源:通达信
