600072 中船科技 日线 不复权
      日期	    开盘	    最高	    最低	    收盘	    成交量	    成交额
2017/03/27	19.91	20.42	19.85	20.23	16098233	325289568.00
2017/03/28	20.22	20.65	20.07	20.15	11997975	244162208.00
2017/03/29	20.00	20.40	19.55	20.11	13572070	271915072.00
2017/03/30	19.92	20.06	19.20	19.26	13004767	254454320.00
2017/03/31	19.52	21.10	19.52	20.69	30287258	622557440.00
2017/04/05	20.33	21.96	20.27	21.52	33222761	703898368.00
2017/04/06	21.56	21.88	21.33	21.45	20730519	446941280.00
2017/04/07	21.99	22.68	21.46	21.70	32573711	720086400.00
2017/04/10	21.90	22.96	21.60	22.57	32801834	733311616.00
2017/04/11	22.40	24.18	22.20	23.69	40950471	947900800.00
2017/04/12	23.60	24.49	23.31	23.55	27727789	658639872.00
2017/04/13	23.49	23.75	23.13	23.48	15764071	368850752.00
2017/04/14	23.70	24.77	23.70	24.40	36097783	878674688.00
2017/04/17	23.91	23.96	22.45	22.63	27858331	639136064.00
2017/04/18	22.62	23.12	21.99	22.64	18805063	424268416.00
2017/04/19	22.39	22.59	21.50	21.80	17463855	382488832.00
2017/04/20	21.83	22.60	21.71	22.46	24049696	532483936.00
2017/04/21	22.53	22.85	21.39	21.46	21644184	478523424.00
2017/04/24	21.35	21.88	19.62	19.69	22137040	455558976.00
2017/04/25	19.73	21.66	19.05	21.66	29331662	592402496.00
2017/04/26	21.78	21.78	20.16	20.27	33026830	685823872.00
2017/04/27	19.80	19.80	18.48	19.24	27483298	527153248.00
2017/04/28	19.16	19.88	19.00	19.29	13097634	254988672.00
2017/05/02	19.00	19.20	18.70	19.02	11943375	226507600.00
2017/05/03	18.95	19.00	18.52	18.55	15249507	285711168.00
2017/05/04	18.48	18.48	17.64	17.70	19514211	350086016.00
2017/05/05	17.63	17.99	17.15	17.19	13201646	232415744.00
2017/05/08	17.06	17.18	16.28	16.32	13672084	229739968.00
2017/05/09	16.35	17.45	16.35	17.21	19815069	336472320.00
2017/05/10	17.28	17.36	17.01	17.19	16708378	287499040.00
2017/05/11	17.00	18.58	16.91	18.44	28302328	505934016.00
2017/05/12	18.25	18.57	17.80	18.36	16987629	309803808.00
2017/05/15	18.25	18.45	18.02	18.10	9859521	179491488.00
2017/05/16	17.86	18.50	17.38	18.43	18378923	331826496.00
2017/05/17	18.33	19.02	18.15	18.23	17016768	315408640.00
2017/05/18	17.85	18.29	17.73	17.77	9766454	175260848.00
2017/05/19	17.81	18.13	17.62	17.74	8223489	147125424.00
2017/05/22	17.53	17.91	16.90	16.96	10080007	175065184.00
2017/05/23	16.92	17.09	15.40	15.74	15515593	251832928.00
2017/05/24	15.58	16.15	15.12	16.13	11961978	188551376.00
2017/05/25	16.43	16.43	15.81	16.36	10780409	174546512.00
2017/05/26	16.35	16.55	16.21	16.32	6957503	113856416.00
2017/05/31	16.52	16.84	16.15	16.17	9394389	154902816.00
2017/06/01	16.03	16.16	15.20	15.30	9590606	149563232.00
2017/06/02	15.14	15.83	14.96	15.75	10191729	158713696.00
2017/06/05	15.70	16.23	15.65	16.00	8215045	131620856.00
2017/06/06	16.00	16.25	15.85	16.17	7324020	117730912.00
2017/06/07	16.01	16.59	15.93	16.41	10635730	173937568.00
2017/06/08	16.38	16.51	16.25	16.42	8057374	132023080.00
2017/06/09	16.40	16.47	16.07	16.23	8502331	138254640.00
2017/06/12	16.20	16.20	15.52	15.58	8469455	134196912.00
2017/06/13	15.59	15.95	15.51	15.82	5653137	89231720.00
2017/06/14	15.77	16.39	15.77	15.91	11698151	187910080.00
2017/06/15	15.83	16.25	15.80	15.99	14693845	235486976.00
2017/06/16	16.03	16.48	15.82	16.32	15856240	256385488.00
2017/06/19	16.30	17.24	16.21	17.15	24814787	415641440.00
2017/06/20	17.14	17.14	16.83	16.96	14753987	250016224.00
2017/06/21	17.06	17.38	16.69	17.01	13396625	228072336.00
2017/06/22	16.85	16.99	16.38	16.41	10112927	169293360.00
2017/06/23	16.39	16.73	16.02	16.50	10769092	176563680.00
2017/06/26	16.36	17.05	16.36	17.02	12855887	216122608.00
2017/06/27	17.00	17.18	16.77	16.92	12587159	213146928.00
2017/06/28	16.80	16.99	16.70	16.81	6987402	117466288.00
2017/06/29	16.81	16.97	16.70	16.95	7641192	128694008.00
2017/06/30	16.89	16.93	16.61	16.82	6413052	107661488.00
2017/07/03	16.82	16.98	16.71	16.94	6382397	107646168.00
2017/07/04	17.01	17.09	16.80	17.07	9620117	163032832.00
2017/07/05	17.00	17.12	16.80	17.02	8261565	140319648.00
2017/07/06	16.95	17.36	16.78	17.34	16153305	276505568.00
2017/07/07	17.21	17.79	17.13	17.54	19744904	345323264.00
2017/07/10	17.72	18.04	17.44	17.45	17640047	313282560.00
2017/07/11	17.35	17.53	17.05	17.07	11912767	205675856.00
2017/07/12	17.07	17.17	16.51	16.79	10117605	169913168.00
2017/07/13	16.77	17.68	16.61	17.66	20746201	358485888.00
2017/07/14	17.58	18.02	17.40	17.82	21093526	375225344.00
2017/07/17	17.70	17.74	16.04	16.26	19143609	321184512.00
2017/07/18	16.06	16.64	16.06	16.47	9424423	154390048.00
2017/07/19	16.45	17.15	16.29	16.86	13504593	226149600.00
2017/07/20	16.85	17.14	16.75	17.01	11497239	194553280.00
2017/07/21	17.01	17.17	16.75	16.91	10624760	180150944.00
2017/07/24	16.80	17.57	16.60	17.51	18867174	321824800.00
2017/07/25	17.50	17.60	17.15	17.36	12768577	221499952.00
2017/07/26	17.36	17.48	17.08	17.43	12898188	223062944.00
2017/07/27	17.39	17.85	17.10	17.73	17366793	304007232.00
2017/07/28	17.63	17.89	17.40	17.44	12578339	221425472.00
2017/07/31	17.53	17.58	17.05	17.11	12113537	207941472.00
2017/08/01	17.14	17.23	16.85	16.96	10930895	185839280.00
2017/08/02	16.90	17.06	16.20	16.32	16347661	269842912.00
2017/08/03	16.34	16.56	16.27	16.33	6999437	114786520.00
2017/08/04	16.36	17.69	16.36	17.23	25005941	427436768.00
2017/08/07	17.26	17.30	16.80	16.92	10524985	178237888.00
2017/08/08	17.00	17.18	16.62	16.86	11174343	188724128.00
2017/08/09	16.83	16.96	16.54	16.62	9079341	151327024.00
2017/08/10	16.65	16.94	16.48	16.61	8376996	139866096.00
2017/08/11	16.50	17.00	16.35	16.40	12343899	206584064.00
2017/08/14	16.41	16.64	16.28	16.60	6908501	113917240.00
2017/08/15	16.62	16.91	16.46	16.70	7912649	131936280.00
2017/08/16	16.54	16.91	16.51	16.85	8962963	150117984.00
2017/08/17	17.09	18.54	17.09	18.54	31061883	562581376.00
2017/08/18	19.20	19.98	18.89	19.63	71068869	1378674688.00
2017/08/21	19.52	19.54	19.02	19.33	42961679	827427840.00
2017/08/22	19.26	19.53	18.71	18.84	31195191	593962048.00
2017/08/23	18.74	19.16	18.65	18.90	20964687	396484672.00
2017/08/24	18.90	19.25	18.51	18.75	24310862	459193952.00
2017/08/25	18.60	18.92	18.40	18.75	17959057	335075360.00
2017/08/28	18.74	19.87	18.65	19.44	31990411	617314944.00
2017/08/29	19.32	19.48	19.00	19.25	22104414	425225216.00
2017/08/30	19.18	19.40	18.89	19.38	17379445	332709952.00
2017/08/31	19.29	19.65	19.11	19.38	19743025	382705088.00
2017/09/01	19.42	19.52	19.05	19.12	15680272	300823808.00
2017/09/04	19.16	19.29	18.89	18.93	15366438	292848352.00
2017/09/05	18.87	18.94	18.61	18.75	10920543	204390400.00
2017/09/06	18.76	19.09	18.64	18.88	13309420	251274000.00
2017/09/07	18.84	19.05	18.60	18.63	13580163	255480928.00
2017/09/08	18.68	18.81	18.10	18.33	15152850	279865472.00
2017/09/11	18.30	18.58	18.18	18.43	8871691	162787120.00
2017/09/12	18.39	18.48	18.19	18.22	9395462	171846256.00
2017/09/13	18.29	18.55	18.20	18.45	10588179	194825248.00
2017/09/14	18.48	18.52	18.18	18.27	8275306	151433920.00
2017/09/15	18.27	18.69	18.27	18.57	13635726	252344784.00
2017/09/18	18.51	18.69	18.28	18.42	9129747	168329184.00
2017/09/19	18.40	18.45	18.03	18.10	9006084	163907440.00
2017/09/20	18.07	18.59	17.96	18.28	9277726	169335344.00
2017/09/21	18.22	18.48	18.03	18.20	9293362	169863040.00
2017/09/22	18.07	18.25	17.80	17.98	6890107	123796928.00
2017/09/25	17.98	18.24	17.86	17.99	5958395	107574552.00
2017/09/26	17.87	18.45	17.82	18.44	12034192	219633472.00
2017/09/27	20.25	20.26	18.74	18.77	34051637	659100352.00
2017/09/28	18.40	19.35	18.16	19.17	27001360	509957312.00
2017/09/29	18.94	19.10	18.70	18.90	15875633	300482752.00
2017/10/09	19.09	19.10	18.64	18.69	11743158	220510160.00
2017/10/10	18.69	18.78	18.50	18.76	8410961	156482512.00
2017/10/11	18.71	18.71	18.36	18.38	8898833	164743024.00
2017/10/12	18.26	18.68	18.17	18.47	9951830	183392576.00
2017/10/13	18.40	18.40	18.23	18.30	5755448	105345520.00
2017/10/16	18.30	18.58	18.20	18.27	9941087	182880096.00
2017/10/17	18.24	18.35	18.03	18.07	7533421	136933424.00
2017/10/18	18.15	18.35	17.82	18.05	9962994	179896384.00
2017/10/19	18.00	18.03	17.01	17.12	12961589	225037424.00
2017/10/20	17.01	17.26	17.01	17.24	5051429	86748616.00
2017/10/23	17.22	17.32	17.08	17.15	4479991	76815304.00
2017/10/24	17.19	17.20	16.63	16.81	8008254	135072032.00
2017/10/25	16.78	17.06	16.67	16.93	5346432	90485416.00
2017/10/26	16.98	17.10	16.85	17.09	4955437	84228384.00
2017/10/27	17.10	17.24	16.88	16.89	5272106	89975544.00
2017/10/30	16.89	16.90	16.10	16.14	8895898	145491712.00
2017/10/31	16.13	16.13	15.41	16.04	11623863	183637152.00
2017/11/01	15.88	16.07	15.76	15.81	5396600	85813304.00
2017/11/02	15.69	15.97	15.65	15.75	4405302	69691312.00
2017/11/03	15.75	15.86	15.61	15.74	3896770	61406160.00
2017/11/06	15.75	16.26	15.75	16.24	8017312	129649160.00
2017/11/07	16.24	16.26	16.00	16.15	5082033	81923336.00
2017/11/08	16.13	16.14	15.93	16.06	5729329	91744280.00
2017/11/09	16.05	16.05	15.87	15.94	4815096	76696672.00
2017/11/10	15.93	16.00	15.77	15.81	4255622	67454888.00
2017/11/13	15.81	15.95	15.79	15.91	3987739	63344040.00
2017/11/14	15.91	16.17	15.90	16.15	6625617	106127824.00
2017/11/15	16.15	16.15	15.73	15.77	4655896	73967280.00
2017/11/16	15.77	15.87	15.16	15.17	7772939	119936976.00
2017/11/17	15.10	15.27	13.97	14.27	10272327	149986000.00
2017/11/20	14.26	14.26	13.56	14.06	4929735	68422680.00
2017/11/21	14.04	14.16	13.73	13.83	5461341	76110736.00
2017/11/22	13.90	14.79	13.80	14.47	9659756	138726192.00
2017/11/23	14.33	14.44	13.80	13.88	5999184	84745184.00
2017/11/24	13.87	14.07	13.80	13.98	3149723	44020324.00
2017/11/27	13.97	14.13	13.70	13.78	3388254	47075852.00
2017/11/28	13.80	14.00	13.78	13.93	2506385	34819572.00
2017/11/29	13.96	14.08	13.78	13.94	3324887	46293112.00
2017/11/30	14.01	14.64	13.94	14.20	8158539	117070856.00
2017/12/01	14.17	14.25	14.04	14.20	3675467	51970632.00
2017/12/04	14.15	14.15	13.75	13.87	5454994	75766824.00
2017/12/05	14.02	14.25	13.58	13.62	4883538	67820192.00
2017/12/06	13.53	13.60	13.12	13.45	6844541	91081184.00
2017/12/07	13.40	13.85	13.28	13.61	8081669	109897400.00
2017/12/08	13.46	13.58	13.35	13.53	5226237	70431384.00
2017/12/11	13.49	13.62	13.41	13.60	4958369	66966304.00
2017/12/12	13.57	13.61	13.15	13.18	6556156	87475944.00
2017/12/13	13.08	13.35	13.01	13.26	2626136	34722688.00
2017/12/14	13.23	13.28	13.08	13.20	3070248	40465920.00
2017/12/15	13.17	13.49	13.16	13.36	5353700	71598496.00
2017/12/18	13.19	13.69	13.12	13.51	7356435	98875712.00
2017/12/19	13.42	13.66	13.42	13.52	5525251	74786912.00
2017/12/20	13.52	13.56	13.15	13.17	4813770	64024296.00
2017/12/21	13.12	13.26	12.95	13.19	4403912	57756928.00
2017/12/22	13.22	13.26	13.05	13.10	3856602	50707208.00
2017/12/25	13.11	13.16	12.60	12.60	5860406	75234240.00
2017/12/26	12.65	12.81	12.56	12.79	4899096	62257408.00
2017/12/27	12.84	13.06	12.75	12.88	4839851	62528232.00
2017/12/28	13.02	13.06	12.88	12.94	3724462	48290124.00
2017/12/29	12.98	13.28	12.96	13.03	4940507	64716104.00
2018/01/02	13.00	13.12	12.95	13.08	3854082	50258828.00
2018/01/03	13.03	13.30	12.97	13.30	7655119	100634504.00
2018/01/04	13.24	13.36	13.16	13.19	4721749	62479144.00
2018/01/05	13.22	13.34	13.03	13.32	7467884	98515384.00
2018/01/08	13.32	13.44	13.14	13.41	7487733	99345112.00
2018/01/09	13.42	13.63	13.28	13.43	11422292	153487312.00
2018/01/10	13.30	13.31	13.00	13.08	7060429	92759976.00
2018/01/11	13.08	13.25	12.90	13.22	4804734	62895544.00
2018/01/12	13.19	13.29	13.02	13.05	4229673	55432288.00
2018/01/15	13.07	13.08	12.43	12.53	6263613	79663104.00
2018/01/16	12.54	12.61	12.43	12.48	4201527	52547444.00
2018/01/17	12.46	12.47	12.02	12.28	5657179	69171544.00
2018/01/18	12.28	12.45	12.15	12.39	3841269	47374216.00
2018/01/19	12.25	12.67	12.25	12.48	5715580	71598152.00
2018/01/22	12.40	12.50	12.18	12.37	4796708	59087716.00
2018/01/23	12.30	12.47	12.30	12.45	4214618	52296056.00
2018/01/24	12.48	12.79	12.37	12.64	7010896	88043984.00
2018/01/25	12.55	13.90	12.52	13.68	34758561	475427392.00
2018/01/26	13.30	13.57	13.14	13.31	20562625	274143552.00
2018/01/29	13.25	13.51	13.17	13.42	12707996	169838592.00
2018/01/30	13.33	13.48	13.16	13.21	7057442	93806416.00
2018/01/31	13.12	14.18	12.99	13.49	21105437	287013824.00
2018/02/01	13.28	13.38	12.14	12.36	16370864	211077280.00
2018/02/02	12.20	12.20	11.12	11.68	11986143	139162768.00
2018/02/05	11.46	11.73	11.33	11.49	4977264	57645604.00
2018/02/06	11.17	11.42	10.34	10.34	11441586	124152264.00
2018/02/07	10.48	10.68	9.90	10.25	7933316	82021272.00
2018/02/08	10.21	10.52	10.20	10.47	4796652	49997476.00
2018/02/09	10.04	10.28	9.68	10.02	7142735	71487960.00
2018/02/12	10.18	10.30	10.01	10.21	4375703	44596528.00
2018/02/13	10.23	10.70	10.23	10.41	6588161	69196368.00
2018/02/14	10.35	10.57	10.35	10.56	3349220	35126304.00
2018/02/22	10.69	10.94	10.49	10.85	5780472	62004488.00
2018/02/23	10.81	11.07	10.73	10.90	6219702	67742032.00
2018/02/26	10.93	11.13	10.83	11.12	7372589	81127616.00
2018/02/27	11.09	11.52	10.92	11.27	11056319	124132920.00
2018/02/28	11.18	12.40	10.88	12.40	19858616	236064752.00
2018/03/01	12.40	12.75	12.07	12.59	27707641	344572224.00
2018/03/02	12.29	13.17	12.22	12.68	20199671	255454800.00
2018/03/05	12.64	12.80	12.41	12.68	12581065	158224336.00
2018/03/06	12.51	12.78	12.36	12.60	12975545	162975216.00
2018/03/07	12.60	12.60	12.10	12.17	13081363	161414128.00
2018/03/08	12.22	12.38	12.17	12.27	7824829	96029024.00
2018/03/09	12.23	12.69	12.22	12.53	12728649	158869488.00
2018/03/12	12.61	12.99	12.51	12.97	15826026	201746784.00
2018/03/13	12.98	13.09	12.68	12.73	12584899	161797344.00
2018/03/14	12.68	12.68	12.20	12.38	11196336	138961744.00
2018/03/15	12.23	12.86	12.21	12.58	12142115	152605040.00
2018/03/16	12.50	12.95	12.43	12.82	14628317	187061888.00
2018/03/19	12.90	13.23	12.63	12.67	13671037	176519200.00
2018/03/20	12.47	12.98	12.31	12.87	12613693	159847440.00
2018/03/21	12.74	13.42	12.46	13.29	30685724	399553920.00
2018/03/22	13.02	13.21	12.72	12.85	17923778	233014736.00
2018/03/23	12.26	12.46	11.57	11.69	20065414	240605808.00
2018/03/26	11.53	12.08	11.30	12.00	11487692	136066912.00
2018/03/27	12.13	13.01	12.13	12.63	17767285	223885072.00
2018/03/28	12.55	12.93	12.41	12.46	13519282	171547104.00
2018/03/29	12.59	12.90	12.38	12.54	11051775	139238336.00
2018/03/30	12.67	13.79	12.52	13.37	33581283	448355680.00
2018/04/02	12.98	13.80	12.91	13.45	30417316	405935360.00
2018/04/03	13.17	13.67	13.15	13.24	18580539	248680160.00
2018/04/04	13.39	13.98	13.31	13.75	25791657	353096608.00
2018/04/09	13.80	14.55	13.50	14.52	34166835	482694720.00
2018/04/10	14.55	14.55	13.90	14.18	21814855	309074080.00
2018/04/11	14.17	14.55	14.06	14.42	21122350	301702592.00
2018/04/12	14.40	14.43	13.80	13.84	19776618	279113248.00
2018/04/13	14.09	14.36	13.80	13.83	13849811	194279776.00
2018/04/16	13.65	14.05	13.48	13.87	12766501	176075216.00
2018/04/17	13.84	14.05	13.43	13.55	11185801	153884832.00
2018/04/18	13.61	13.70	13.00	13.45	12237138	162927264.00
2018/04/19	13.40	13.88	13.32	13.81	13764855	188391616.00
2018/04/20	13.68	13.98	13.40	13.47	13069415	179354256.00
2018/04/23	13.55	13.90	12.85	13.23	15500739	208861952.00
2018/04/24	12.94	13.15	11.91	12.60	18934166	235639984.00
2018/04/25	12.40	12.54	12.31	12.37	8684099	107608352.00
数据来源:通达信
