600100 同方股份 日线 不复权
      日期	    开盘	    最高	    最低	    收盘	    成交量	    成交额
2017/03/27	13.98	14.09	13.93	14.05	25672314	359914016.00
2017/03/28	14.06	14.13	13.98	13.99	18377197	258040944.00
2017/03/29	14.01	14.06	13.84	13.93	22835579	318676800.00
2017/03/30	13.88	13.92	13.63	13.71	30514502	419518848.00
2017/03/31	13.71	13.76	13.60	13.65	17966524	245850448.00
2017/04/05	14.07	14.18	13.93	14.12	55549102	781948480.00
2017/04/06	14.19	14.20	14.02	14.05	31012475	437277728.00
2017/04/07	14.09	15.40	14.03	15.04	156769480	2312784384.00
2017/04/10	15.09	15.56	14.91	15.21	147045660	2239579904.00
2017/04/11	15.12	15.26	14.83	15.19	96168838	1450558208.00
2017/04/12	15.02	15.06	14.58	14.64	77513084	1145496832.00
2017/04/13	14.60	14.95	14.56	14.74	42634804	630851456.00
2017/04/14	14.74	15.33	14.58	15.05	99796987	1503335040.00
2017/04/17	15.24	15.68	15.02	15.11	115516494	1772592256.00
2017/04/18	14.97	15.35	14.47	14.52	98692470	1464823808.00
2017/04/19	14.49	14.49	14.05	14.32	59964064	855070400.00
2017/04/20	14.28	14.38	13.90	14.12	56663308	799084032.00
2017/09/21	14.68	14.70	13.41	13.45	147260877	2061177984.00
2017/09/22	13.10	13.16	12.20	12.30	127743666	1607506816.00
2017/09/25	12.17	12.58	12.02	12.44	62667959	771288832.00
2017/09/26	12.32	12.39	12.14	12.20	36307060	444064640.00
2017/09/27	12.22	12.25	12.09	12.17	32389686	393900480.00
2017/09/28	12.16	12.42	12.07	12.19	40804300	500085376.00
2017/09/29	12.16	12.34	12.14	12.20	29350476	358370208.00
2017/10/09	12.31	12.49	12.22	12.38	38642021	478258816.00
2017/10/10	12.38	12.46	12.32	12.40	28208227	349670464.00
2017/10/11	12.40	12.40	12.14	12.19	39762380	487011520.00
2017/10/12	12.30	12.67	12.28	12.44	61806271	771689984.00
2017/10/13	12.35	12.48	12.32	12.41	24381237	302447648.00
2017/10/16	12.38	12.40	12.11	12.12	34730251	424773312.00
2017/10/17	12.10	12.16	12.04	12.08	18403481	222638880.00
2017/10/18	12.09	12.14	11.88	11.90	22365790	269681792.00
2017/10/19	11.69	11.78	11.23	11.28	51620912	589212224.00
2017/10/20	11.30	11.37	11.26	11.34	15374787	174056304.00
2017/10/23	11.35	11.56	11.31	11.55	21678520	248366496.00
2017/10/24	11.61	11.69	11.45	11.51	20916810	241986992.00
2017/10/25	11.50	11.55	11.41	11.52	13827982	158724176.00
2017/10/26	11.49	11.54	11.41	11.53	18681425	214304832.00
2017/10/27	11.52	11.57	11.39	11.41	17094541	196401472.00
2017/10/30	11.41	11.41	10.89	10.93	30753073	338956224.00
2017/10/31	10.97	10.98	10.63	10.79	32207543	347148416.00
2017/11/01	10.79	11.50	10.66	11.10	49276102	547894720.00
2017/11/02	10.90	11.07	10.83	10.96	23215647	254168256.00
2017/11/03	10.97	11.17	10.92	11.02	19889687	219598048.00
2017/11/06	11.05	11.28	10.97	11.12	19089961	212619456.00
2017/11/07	11.12	11.27	10.97	11.25	27006093	299737024.00
2017/11/08	11.17	11.27	11.13	11.17	22393420	250649888.00
2017/11/09	11.20	11.38	11.17	11.29	22440585	252914320.00
2017/11/10	11.26	11.26	11.11	11.14	22961833	256688272.00
2017/11/13	11.22	11.74	11.21	11.60	54826977	629540736.00
2017/11/14	11.51	11.96	11.38	11.82	61441984	716568000.00
2017/11/15	11.69	11.87	11.64	11.67	27115128	317979648.00
2017/11/16	11.65	11.74	11.52	11.53	21101641	245929808.00
2017/11/17	11.53	11.59	10.96	10.98	33825329	379276768.00
2017/11/20	10.91	11.38	10.66	11.29	30322632	336505856.00
2017/11/21	11.20	11.77	11.18	11.69	45240402	521679808.00
2017/11/22	11.69	12.12	11.56	11.76	57795728	684647936.00
2017/11/23	11.76	12.27	11.66	11.89	74870599	900838656.00
2017/11/24	11.82	12.06	11.66	11.69	37538341	444006208.00
2017/11/27	11.61	11.66	11.13	11.15	37825418	431880384.00
2017/11/28	11.07	11.54	11.07	11.52	30421137	344895264.00
2017/11/29	11.45	11.49	11.10	11.29	32708120	368315488.00
2017/11/30	11.22	11.26	11.05	11.07	22255717	248172432.00
2017/12/01	11.06	11.23	11.02	11.15	17643945	196808208.00
2017/12/04	11.13	11.13	10.76	10.80	28589552	311445760.00
2017/12/05	10.83	10.88	10.24	10.28	41729903	438351392.00
2017/12/06	10.29	10.38	9.99	10.36	31484866	321137152.00
2017/12/07	10.27	10.30	10.14	10.19	16871025	172241632.00
2017/12/08	10.15	10.38	10.15	10.26	20776588	213875472.00
2017/12/11	10.32	10.46	10.32	10.41	20599492	214039200.00
2017/12/12	10.38	10.40	10.11	10.12	20370856	208335616.00
2017/12/13	10.10	10.21	10.08	10.18	12456348	126414072.00
2017/12/14	10.16	10.35	10.03	10.26	19114678	194438768.00
2017/12/15	10.19	10.23	10.05	10.06	17249812	174401008.00
2017/12/18	10.07	10.19	10.03	10.06	10239029	103309648.00
2017/12/19	10.08	10.18	10.06	10.16	10600149	107289816.00
2017/12/20	10.14	10.14	9.95	9.97	14728224	147620784.00
2017/12/21	9.99	10.05	9.82	9.99	14966934	148882176.00
2017/12/22	9.99	10.03	9.92	9.93	8973503	89448016.00
2017/12/25	9.93	9.96	9.56	9.58	19992930	193983024.00
2017/12/26	9.60	9.65	9.44	9.60	14870017	142119792.00
2017/12/27	9.58	9.90	9.52	9.66	21331512	207658592.00
2017/12/28	9.64	9.85	9.59	9.80	20060734	195379648.00
2017/12/29	9.75	9.85	9.67	9.80	12104503	118261664.00
2018/01/02	9.83	9.87	9.76	9.83	14776024	144999120.00
2018/01/03	9.83	9.98	9.80	9.95	19838322	196722208.00
2018/01/04	9.93	9.95	9.86	9.89	13865861	137189776.00
2018/01/05	9.88	9.91	9.80	9.84	12765846	125673928.00
2018/01/08	9.84	9.85	9.62	9.71	19102275	185483088.00
2018/01/09	9.72	10.16	9.72	10.10	46510306	464784896.00
2018/01/10	10.03	10.09	9.91	10.02	21813384	217671648.00
2018/01/11	10.00	10.42	9.95	10.31	51205114	525612384.00
2018/01/12	10.26	10.28	10.08	10.18	26074904	264875744.00
2018/01/15	10.15	10.15	9.99	10.08	25783955	259204960.00
2018/01/16	10.08	10.17	10.06	10.14	18887950	190810400.00
2018/01/17	10.14	10.16	9.93	10.09	21332976	214108288.00
2018/01/18	10.09	10.36	10.05	10.14	17139914	174700400.00
2018/01/19	10.16	10.21	10.07	10.15	14753679	149694672.00
2018/01/22	10.15	10.25	10.03	10.19	16847149	171017552.00
2018/01/23	10.19	10.26	10.13	10.18	11848939	120493056.00
2018/01/24	10.21	10.32	10.11	10.26	21165994	216420096.00
2018/01/25	10.27	10.38	10.22	10.29	22873848	235775776.00
2018/01/26	10.29	10.47	10.23	10.36	21431487	222553088.00
2018/01/29	10.36	10.39	10.02	10.03	21710800	220874288.00
2018/01/30	10.00	10.24	9.97	10.05	14944008	150957152.00
2018/01/31	10.01	10.04	9.79	9.88	18995577	187617280.00
2018/02/01	9.87	9.89	9.48	9.52	22150278	214247184.00
2018/02/02	9.46	9.64	9.33	9.61	14921997	141827456.00
2018/02/05	9.50	9.81	9.47	9.76	13451110	130860200.00
2018/02/06	9.69	9.82	9.47	9.49	21339366	206425936.00
2018/02/07	9.59	9.72	9.40	9.57	18951543	182213856.00
2018/02/08	9.58	9.82	9.54	9.80	14692052	143191696.00
2018/02/09	9.63	9.73	9.54	9.57	25511031	246143712.00
2018/02/12	9.61	9.83	9.61	9.78	12960338	126613448.00
2018/02/13	9.83	9.84	9.73	9.75	11557996	113083424.00
2018/02/14	9.74	9.81	9.72	9.79	7090760	69320376.00
2018/02/22	9.85	9.89	9.76	9.80	12979373	127223000.00
2018/02/23	9.80	9.82	9.75	9.78	10085151	98700696.00
2018/02/26	9.79	10.38	9.79	10.28	33740122	345386528.00
2018/02/27	10.30	10.41	10.24	10.32	18649882	192141968.00
2018/02/28	10.27	10.35	10.17	10.28	13521775	138753760.00
2018/03/01	10.05	10.56	10.02	10.39	37210492	382977856.00
2018/03/02	10.29	10.35	10.07	10.13	23367279	237814640.00
2018/03/05	10.18	10.44	10.14	10.33	21422505	220911904.00
2018/03/06	10.42	10.85	10.40	10.62	40963429	435941888.00
2018/03/07	10.53	10.59	10.38	10.44	19859590	207752208.00
2018/03/08	10.41	10.45	10.30	10.43	15521607	160818928.00
2018/03/09	10.40	10.62	10.37	10.56	22121341	232866272.00
2018/03/12	10.56	10.75	10.56	10.59	23586506	250914096.00
2018/03/13	10.55	10.79	10.41	10.63	27079623	286493760.00
2018/03/14	10.66	10.84	10.41	10.44	25592738	272272256.00
2018/03/15	10.35	10.38	10.15	10.31	19020971	195648096.00
2018/03/16	10.29	10.68	10.29	10.57	31946399	335835296.00
2018/03/19	10.53	10.57	10.35	10.40	18804401	196825344.00
2018/03/20	10.30	10.36	10.20	10.32	15302976	157262096.00
2018/03/21	10.38	10.57	10.28	10.30	19367940	202079824.00
2018/03/22	10.30	10.53	10.21	10.40	17856594	185344256.00
2018/03/23	10.10	10.19	9.70	9.80	34534910	343838976.00
2018/03/26	9.70	10.02	9.66	9.99	15846556	156137952.00
2018/03/27	10.10	10.32	10.06	10.25	24372236	248458688.00
2018/03/28	10.09	10.21	10.00	10.14	25458054	257708944.00
2018/03/29	10.15	10.33	10.15	10.22	22060203	225881344.00
2018/03/30	10.29	10.50	10.22	10.44	33335146	346151840.00
2018/04/02	10.54	11.17	10.40	10.97	82049663	889049472.00
2018/04/03	10.80	10.86	10.58	10.76	39790897	426776672.00
2018/04/04	10.74	10.83	10.38	10.43	34437959	364878816.00
2018/04/09	10.43	10.63	10.33	10.45	22142768	232120896.00
2018/04/10	10.47	10.50	10.20	10.33	24141949	249317808.00
2018/04/11	10.33	10.43	10.23	10.31	20736066	214266544.00
2018/04/12	10.26	10.35	10.25	10.30	15539702	160083392.00
2018/04/13	10.34	10.54	10.28	10.38	20845137	216563744.00
2018/04/16	10.33	10.54	10.31	10.54	32515635	338959552.00
2018/04/17	10.53	10.58	10.21	10.32	25747740	267851232.00
2018/04/18	10.37	10.91	10.33	10.74	57927762	618295616.00
2018/04/19	10.66	10.90	10.58	10.66	40253840	431202464.00
2018/04/20	10.64	11.07	10.64	10.82	55803448	607021504.00
2018/04/23	10.89	11.16	10.71	11.02	63766454	698622144.00
2018/04/24	10.93	11.11	10.72	11.09	56619601	619374016.00
2018/04/25	11.04	11.66	10.96	11.30	101314483	1149121664.00
数据来源:通达信
