600006 东风汽车 日线 不复权
      日期	    开盘	    最高	    最低	    收盘	    成交量	    成交额
2017/03/27	6.95	6.97	6.87	6.91	13297812	91832608.00
2017/03/28	6.91	6.91	6.85	6.86	7764519	53319488.00
2017/03/29	6.86	6.88	6.79	6.81	8128539	55531632.00
2017/03/30	6.80	6.80	6.66	6.67	14582152	97789360.00
2017/03/31	6.70	6.92	6.66	6.88	20331633	138555568.00
2017/04/05	6.80	6.91	6.76	6.91	15594571	106917008.00
2017/04/06	6.92	7.06	6.86	6.96	18515773	128682792.00
2017/04/07	6.93	6.97	6.88	6.92	10403267	71997816.00
2017/04/10	6.90	6.97	6.88	6.91	10687105	73924048.00
2017/04/11	6.91	6.94	6.80	6.91	13083014	89860312.00
2017/04/12	6.88	6.96	6.82	6.91	12817066	88630608.00
2017/04/13	6.91	6.95	6.88	6.93	8390101	58027784.00
2017/04/14	6.92	6.92	6.81	6.82	8952557	61393952.00
2017/04/17	6.80	6.80	6.70	6.72	9032658	60813776.00
2017/04/18	6.71	6.75	6.56	6.62	12282135	81772568.00
2017/04/19	6.60	6.62	6.46	6.55	9314225	60795056.00
2017/04/20	6.55	6.58	6.50	6.56	6116488	40062512.00
2017/04/21	6.56	6.59	6.45	6.51	5694426	37112520.00
2017/04/24	6.50	6.51	6.31	6.32	8116783	51814720.00
2017/04/25	6.32	6.40	6.31	6.33	5780930	36667528.00
2017/04/26	6.33	6.37	6.30	6.32	6451964	40796032.00
2017/04/27	6.32	6.33	6.14	6.25	11237223	69849808.00
2017/04/28	6.26	6.34	6.23	6.31	5754416	36145448.00
2017/05/02	6.25	6.27	6.19	6.24	5337536	33247404.00
2017/05/03	6.23	6.24	6.14	6.18	8050688	49728424.00
2017/05/04	6.17	6.20	6.10	6.14	5160710	31751040.00
2017/05/05	6.13	6.18	6.09	6.10	5706635	34991100.00
2017/05/08	6.14	6.14	6.07	6.09	5191141	31683640.00
2017/05/09	6.09	6.11	6.01	6.09	5648639	34224112.00
2017/05/10	6.07	6.11	5.97	5.99	6320200	38270960.00
2017/05/11	5.99	5.99	5.73	5.92	10356012	60623144.00
2017/05/12	5.91	5.92	5.77	5.85	6829617	39988768.00
2017/05/15	5.85	5.88	5.84	5.86	3393798	19893156.00
2017/05/16	5.86	5.95	5.77	5.93	6815704	39900580.00
2017/05/17	5.94	5.96	5.90	5.91	9329002	55300520.00
2017/05/18	5.90	5.90	5.77	5.77	9061693	52798440.00
2017/05/19	5.80	5.93	5.75	5.81	14425093	83895216.00
2017/05/22	5.75	5.83	5.75	5.79	7678050	44419776.00
2017/05/23	5.76	5.79	5.57	5.60	10765335	61041080.00
2017/05/24	5.57	5.57	5.43	5.54	7978741	43842072.00
2017/05/25	5.52	5.62	5.50	5.61	9119681	50840636.00
2017/05/26	5.61	5.65	5.55	5.56	7350775	41140844.00
2017/05/31	5.60	5.67	5.60	5.62	7684241	43259808.00
2017/06/01	5.63	5.65	5.52	5.53	7005041	39000388.00
2017/06/02	5.52	5.57	5.45	5.55	6180207	34106036.00
2017/06/05	5.56	5.60	5.54	5.58	6157313	34354116.00
2017/06/06	5.58	5.62	5.58	5.62	5149780	28839354.00
2017/06/07	5.61	5.70	5.59	5.69	8096176	45815664.00
2017/06/08	5.69	5.71	5.65	5.69	7013168	39846976.00
2017/06/09	5.69	5.70	5.63	5.65	7589391	42869176.00
2017/06/12	5.64	5.72	5.63	5.64	7472731	42374988.00
2017/06/13	5.75	6.08	5.75	5.98	35314277	209476256.00
2017/06/14	5.90	6.06	5.90	5.96	24906559	148714736.00
2017/06/15	5.92	5.99	5.91	5.93	13170738	78267056.00
2017/06/16	5.93	5.98	5.90	5.93	8222400	48789280.00
2017/06/19	5.92	5.93	5.85	5.91	7967913	46949904.00
2017/06/20	5.92	5.97	5.91	5.93	7838864	46566488.00
2017/06/21	5.96	5.97	5.85	5.88	7437132	43821912.00
2017/06/22	5.88	5.90	5.77	5.77	9560200	55814472.00
2017/06/23	5.75	5.81	5.73	5.79	6007520	34655504.00
2017/06/26	5.78	5.85	5.73	5.85	7507532	43511824.00
2017/06/27	5.84	5.85	5.80	5.82	5919851	34450152.00
2017/06/28	5.82	5.96	5.79	5.88	13352189	78861416.00
2017/06/29	5.87	5.92	5.83	5.86	7819946	45805616.00
2017/06/30	5.86	5.86	5.82	5.85	4006247	23398068.00
2017/07/03	5.85	5.96	5.84	5.93	9195983	54292448.00
2017/07/04	5.92	6.02	5.87	5.94	11260252	66990052.00
2017/07/05	5.91	6.02	5.90	6.00	12741685	76108400.00
2017/07/06	6.02	6.02	5.91	5.95	11708322	69798048.00
2017/07/07	5.96	6.06	5.95	6.04	16314773	98267000.00
2017/07/10	6.01	6.10	5.96	6.08	12897573	77547968.00
2017/07/11	6.03	6.07	5.95	5.96	10525470	63285384.00
2017/07/12	5.95	5.98	5.82	5.87	8606439	50707428.00
2017/07/13	5.88	5.92	5.83	5.90	6401348	37652536.00
2017/07/14	5.89	6.09	5.85	6.05	19425454	116438064.00
2017/07/17	6.02	6.06	5.77	5.88	16255965	95799912.00
2017/07/18	5.83	5.94	5.75	5.92	8491509	49626672.00
2017/07/19	5.93	6.08	5.88	6.07	20196599	121471880.00
2017/07/20	6.05	6.15	6.03	6.04	16502368	100179376.00
2017/07/21	6.05	6.15	5.98	6.08	22379343	136081072.00
2017/07/24	6.04	6.09	6.02	6.08	15105773	91406808.00
2017/07/25	6.08	6.08	6.00	6.02	9630239	58029084.00
2017/07/26	6.02	6.06	5.96	6.00	8823955	52938856.00
2017/07/27	6.00	6.05	5.97	6.05	8257424	49704616.00
2017/07/28	6.03	6.04	5.93	5.96	11381670	67940824.00
2017/07/31	6.02	6.05	5.98	6.00	11414400	68624408.00
2017/08/01	6.00	6.28	5.96	6.16	32385459	198309088.00
2017/08/02	6.10	6.18	6.06	6.07	21875522	133478672.00
2017/08/03	6.06	6.07	6.01	6.03	10957957	66080388.00
2017/08/04	6.02	6.08	5.99	6.03	15568608	93879072.00
2017/08/07	6.03	6.03	5.97	6.00	12950032	77701512.00
2017/08/08	6.00	6.02	5.93	5.96	16091629	95862880.00
2017/08/09	5.93	5.99	5.92	5.95	7018098	41762708.00
2017/08/10	5.96	5.97	5.89	5.90	8814750	52207580.00
2017/08/11	5.88	5.88	5.74	5.78	11718987	68232240.00
2017/08/14	5.78	5.84	5.78	5.83	7398729	43045620.00
2017/08/15	5.82	5.85	5.80	5.81	4671032	27196640.00
2017/08/16	5.80	5.90	5.80	5.85	7547993	44238544.00
2017/08/17	5.83	5.88	5.83	5.88	6564591	38475904.00
2017/08/18	5.85	5.96	5.81	5.96	14400691	85206072.00
2017/08/21	5.96	6.04	5.91	6.01	16022957	95943816.00
2017/08/22	5.98	5.99	5.91	5.93	10074598	59913440.00
2017/08/23	5.91	5.95	5.87	5.89	6573508	38796020.00
2017/08/24	5.89	5.90	5.82	5.84	5876430	34400036.00
2017/08/25	5.86	5.91	5.83	5.89	5682720	33426494.00
2017/08/28	5.88	5.95	5.87	5.93	7177387	42513172.00
2017/08/29	5.92	6.05	5.90	5.97	13622834	81503488.00
2017/08/30	5.95	5.95	5.91	5.92	10215840	60571528.00
2017/08/31	5.92	5.94	5.88	5.90	6895428	40702308.00
2017/09/01	5.90	5.96	5.86	5.94	9955883	58830284.00
2017/09/04	5.93	5.93	5.88	5.90	7089847	41831676.00
2017/09/05	5.91	5.98	5.90	5.94	11921486	70693024.00
2017/09/06	5.93	5.99	5.90	5.96	10917355	64985200.00
2017/09/07	5.98	5.99	5.91	5.91	9325107	55505696.00
2017/09/08	5.91	6.04	5.90	5.98	18050220	107870608.00
2017/09/11	6.03	6.18	6.03	6.15	37017372	226858144.00
2017/09/12	6.18	6.54	6.13	6.35	65590026	415153120.00
2017/09/13	6.28	6.30	6.17	6.24	30379753	188895392.00
2017/09/14	6.25	6.41	6.22	6.26	28095967	177055744.00
2017/09/15	6.24	6.25	6.11	6.24	22143039	136537968.00
2017/09/18	6.19	6.66	6.17	6.60	72142326	467881856.00
2017/09/19	6.60	6.62	6.41	6.47	44490097	288841216.00
2017/09/20	6.46	6.72	6.42	6.56	59654247	393546976.00
2017/09/21	6.51	6.73	6.50	6.56	45657681	302718048.00
2017/09/22	6.53	6.69	6.43	6.46	33523303	219141088.00
2017/09/25	6.48	6.50	6.20	6.24	31538439	197745808.00
2017/09/26	6.24	6.34	6.20	6.31	20703166	130013944.00
2017/09/27	6.32	6.45	6.26	6.38	27496004	175451040.00
2017/09/28	6.33	6.72	6.31	6.62	52717918	347860960.00
2017/09/29	6.65	6.99	6.52	6.91	74931843	506908800.00
2017/10/09	7.08	7.48	6.98	7.23	99873162	723529408.00
2017/10/10	7.16	7.22	7.02	7.07	55063812	390434560.00
2017/10/11	7.09	7.14	6.85	6.87	45412071	315337536.00
2017/10/12	6.87	6.96	6.75	6.92	36891569	253143920.00
2017/10/13	6.84	6.99	6.81	6.88	27121300	186907008.00
2017/10/16	6.93	6.97	6.64	6.67	34917297	237061104.00
2017/10/17	6.68	6.77	6.67	6.71	16642301	111703920.00
2017/10/18	6.67	6.76	6.51	6.58	20286404	134844048.00
2017/10/19	6.54	6.63	6.46	6.47	17552050	114732216.00
2017/10/20	6.46	6.64	6.44	6.63	17012413	111588720.00
2017/10/23	6.66	6.66	6.50	6.54	15288660	99989368.00
2017/10/24	6.54	6.55	6.37	6.46	13984053	90150144.00
2017/10/25	6.44	6.53	6.42	6.49	12154760	78863704.00
2017/10/26	6.49	6.54	6.38	6.52	11900143	76991528.00
2017/10/27	6.52	6.62	6.45	6.47	13657201	89384408.00
2017/10/30	6.41	6.45	6.17	6.21	17872021	112128864.00
2017/10/31	6.20	6.32	6.11	6.26	15208895	94191048.00
2017/11/01	6.31	6.46	6.30	6.35	18499510	117885904.00
2017/11/02	6.34	6.35	6.23	6.24	10108484	63493896.00
2017/11/03	6.21	6.31	6.15	6.19	9843604	61183952.00
2017/11/06	6.19	6.28	6.13	6.27	8426178	52268940.00
2017/11/07	6.25	6.31	6.20	6.29	9339149	58502056.00
2017/11/08	6.29	6.48	6.25	6.37	17731683	113513232.00
2017/11/09	6.42	6.50	6.37	6.40	12657100	81374920.00
2017/11/10	6.39	6.39	6.31	6.33	11914317	75416992.00
2017/11/13	6.37	6.42	6.32	6.33	10201444	64781576.00
2017/11/14	6.33	6.35	6.08	6.17	21120877	131086736.00
2017/11/15	6.15	6.24	6.13	6.19	10309579	63790880.00
2017/11/16	6.18	6.21	6.09	6.12	9687837	59376704.00
2017/11/17	6.12	6.14	5.81	5.83	20617012	122521600.00
2017/11/20	5.84	5.87	5.67	5.86	12363913	71007680.00
2017/11/21	5.81	5.88	5.78	5.87	11571985	67625544.00
2017/11/22	5.87	5.91	5.82	5.84	8203843	48041636.00
2017/11/23	5.84	5.87	5.68	5.68	11407604	65759068.00
2017/11/24	5.66	5.72	5.60	5.68	6413340	36304612.00
2017/11/27	5.69	5.71	5.63	5.65	4693532	26588182.00
2017/11/28	5.65	5.71	5.65	5.70	4840099	27489452.00
2017/11/29	5.71	5.87	5.63	5.82	13250102	76550520.00
2017/11/30	5.77	5.87	5.73	5.78	8479202	49086452.00
2017/12/01	5.79	6.07	5.75	5.96	20401273	121351968.00
2017/12/04	5.94	6.00	5.83	5.84	9398829	55517356.00
2017/12/05	5.84	5.90	5.67	5.73	8631091	49739576.00
2017/12/06	5.70	5.78	5.68	5.77	5725136	32809742.00
2017/12/07	5.74	5.79	5.72	5.75	5246829	30183880.00
2017/12/08	5.75	5.82	5.75	5.80	5256842	30421216.00
2017/12/11	5.81	5.93	5.79	5.88	11512289	67656424.00
2017/12/12	5.86	5.87	5.76	5.77	6349200	36948216.00
2017/12/13	5.79	5.80	5.72	5.77	4422000	25474272.00
2017/12/14	5.84	5.94	5.83	5.84	10736676	63055632.00
2017/12/15	5.81	5.84	5.75	5.78	6704192	38751192.00
2017/12/18	5.80	5.82	5.74	5.78	3459662	19961920.00
2017/12/19	5.77	5.81	5.76	5.79	4155699	24048206.00
2017/12/20	5.79	5.80	5.68	5.69	5979923	34217536.00
2017/12/21	5.68	5.71	5.62	5.68	4382321	24828552.00
2017/12/22	5.67	5.71	5.62	5.65	3401101	19274116.00
2017/12/25	5.65	5.67	5.54	5.56	5105119	28579972.00
2017/12/26	5.55	5.64	5.54	5.63	4050970	22623480.00
2017/12/27	5.69	5.97	5.69	5.91	25411604	148617600.00
2017/12/28	5.91	6.08	5.81	5.85	26033212	155260496.00
2017/12/29	5.87	5.88	5.78	5.85	11148026	64991852.00
2018/01/02	5.86	5.93	5.83	5.91	10649302	62546756.00
2018/01/03	5.88	5.99	5.82	5.91	14893773	87984672.00
2018/01/04	5.87	5.89	5.83	5.85	9974470	58424280.00
2018/01/05	5.85	5.88	5.82	5.85	6584055	38570420.00
2018/01/08	5.86	5.93	5.86	5.92	11096694	65476172.00
2018/01/09	5.92	5.98	5.88	5.93	10560212	62578024.00
2018/01/10	5.92	5.93	5.77	5.82	10517848	61440352.00
2018/01/11	5.80	5.81	5.77	5.79	5076301	29372656.00
2018/01/12	5.79	5.94	5.78	5.88	17433741	102680768.00
2018/01/15	5.85	5.87	5.68	5.71	11747579	67748920.00
2018/01/16	5.72	5.79	5.71	5.75	5957810	34270792.00
2018/01/17	5.75	5.78	5.67	5.72	7800710	44457604.00
2018/01/18	5.72	5.74	5.69	5.72	5489227	31362748.00
2018/01/19	5.72	5.73	5.65	5.69	5786010	32933732.00
2018/01/22	5.67	5.76	5.66	5.74	6968901	39834936.00
2018/01/23	5.74	5.74	5.70	5.72	4831781	27606516.00
2018/01/24	5.71	5.77	5.70	5.74	6805059	39035848.00
2018/01/25	5.74	5.77	5.70	5.71	8578900	49239048.00
2018/01/26	5.72	5.73	5.70	5.71	6549217	37408408.00
2018/01/29	5.74	5.74	5.60	5.63	9377288	52996436.00
2018/01/30	5.63	5.67	5.61	5.63	4386403	24690900.00
2018/01/31	5.62	5.62	5.53	5.57	7400409	41252440.00
2018/02/01	5.55	5.61	5.31	5.33	9710508	53135228.00
2018/02/02	5.32	5.33	5.05	5.20	7494379	38876032.00
2018/02/05	5.20	5.21	5.13	5.17	5416801	27962716.00
2018/02/06	5.12	5.16	4.93	4.93	9173019	46593664.00
2018/02/07	4.99	5.04	4.90	5.01	8680817	43372940.00
2018/02/08	5.01	5.11	4.99	5.08	3566403	18082992.00
2018/02/09	5.03	5.03	4.80	4.91	8543785	41966012.00
2018/02/12	4.91	5.12	4.91	5.07	5912225	29920156.00
2018/02/13	5.11	5.14	5.05	5.06	4086394	20803188.00
2018/02/14	5.06	5.09	5.02	5.07	2609205	13170770.00
2018/02/22	5.08	5.16	5.08	5.14	3230134	16575632.00
2018/02/23	5.12	5.13	5.08	5.13	2953850	15091153.00
2018/02/26	5.15	5.20	5.13	5.19	4695502	24294352.00
2018/02/27	5.20	5.22	5.16	5.19	3559500	18440424.00
2018/02/28	5.19	5.21	5.12	5.17	4804637	24815618.00
2018/03/01	5.15	5.19	5.12	5.18	4183279	21623720.00
2018/03/02	5.15	5.26	5.10	5.21	10226564	52949596.00
2018/03/05	5.20	5.20	5.14	5.18	5677280	29319948.00
2018/03/06	5.17	5.19	5.15	5.19	5161576	26706584.00
2018/03/07	5.18	5.19	5.14	5.15	4614000	23822684.00
2018/03/08	5.15	5.17	5.14	5.15	3005001	15485059.00
2018/03/09	5.15	5.20	5.14	5.19	6033046	31202796.00
2018/03/12	5.21	5.26	5.19	5.24	8678326	45320136.00
2018/03/13	5.24	5.40	5.19	5.30	15974356	84754144.00
2018/03/14	5.28	5.28	5.18	5.19	8463167	44296524.00
2018/03/15	5.20	5.33	5.19	5.27	11251810	59194960.00
2018/03/16	5.25	5.39	5.22	5.34	12547068	66543560.00
2018/03/19	5.31	5.38	5.25	5.30	9460120	50180844.00
2018/03/20	5.26	5.28	5.22	5.26	6293675	33038148.00
2018/03/21	5.26	5.35	5.22	5.24	7802539	41203568.00
2018/03/22	5.23	5.27	5.14	5.17	9292379	48146984.00
2018/03/23	5.05	5.05	4.78	4.85	14242817	70136136.00
2018/03/26	4.80	4.88	4.69	4.87	7407439	35437164.00
2018/03/27	4.92	4.97	4.89	4.92	6311003	31106308.00
2018/03/28	4.88	4.91	4.83	4.87	5712826	27824152.00
2018/03/29	4.88	4.92	4.85	4.90	4907365	23996000.00
2018/03/30	4.90	4.96	4.90	4.92	5145800	25362520.00
2018/04/02	4.92	4.94	4.90	4.93	5099316	25119658.00
2018/04/03	4.88	4.90	4.85	4.89	5198948	25373902.00
2018/04/04	4.89	5.00	4.89	4.92	7011460	34614736.00
2018/04/09	4.96	4.96	4.85	4.92	7680718	37663548.00
2018/04/10	4.90	5.03	4.86	4.96	10073161	49867056.00
2018/04/11	4.96	4.98	4.91	4.94	6489674	32039184.00
2018/04/12	4.95	4.95	4.87	4.88	5532884	27098620.00
2018/04/13	4.92	4.92	4.84	4.85	5398318	26265556.00
2018/04/16	4.81	4.84	4.65	4.68	13108666	61782384.00
2018/04/17	4.70	4.73	4.61	4.62	7065400	32924084.00
2018/04/18	4.63	4.68	4.57	4.62	6139762	28326516.00
2018/04/19	4.62	4.65	4.60	4.62	4165250	19289804.00
2018/04/20	4.63	4.64	4.52	4.53	5593601	25574012.00
2018/04/23	4.57	4.57	4.39	4.46	7173546	32090828.00
2018/04/24	4.46	4.54	4.45	4.53	6760789	30481416.00
2018/04/25	4.51	4.52	4.48	4.52	3219364	14504446.00
数据来源:通达信
