600083 博信股份 日线 不复权
      日期	    开盘	    最高	    最低	    收盘	    成交量	    成交额
2017/03/27	17.83	18.41	17.60	18.38	9004399	162497952.00
2017/03/28	18.22	18.70	18.13	18.62	6315647	116979920.00
2017/03/29	18.71	18.71	18.13	18.39	3092293	56597568.00
2017/03/30	18.29	18.29	17.41	17.69	3973984	70441584.00
2017/03/31	17.57	19.02	17.30	18.83	3908990	70064904.00
2017/04/05	18.45	18.68	18.35	18.47	3115185	57680720.00
2017/04/06	18.39	18.51	18.11	18.16	2471086	45078152.00
2017/04/07	18.20	18.36	18.00	18.06	2294349	41570184.00
2017/04/10	18.06	18.42	17.80	18.23	2795746	51075896.00
2017/04/11	18.13	18.32	17.71	18.01	2291867	41193660.00
2017/04/12	18.10	18.29	17.93	18.01	1482989	26868664.00
2017/04/13	18.02	18.19	17.78	18.04	1338002	23996084.00
2017/04/14	18.10	18.10	17.70	17.73	1062300	19004230.00
2017/04/17	17.73	17.83	17.53	17.60	1071045	18936354.00
2017/04/18	17.50	17.60	16.30	16.35	1946180	33157088.00
2017/04/19	16.43	16.45	15.39	15.63	2976827	46705632.00
2017/04/20	15.65	15.77	15.02	15.31	2187896	33745184.00
2017/04/21	15.50	15.63	15.15	15.22	1256100	19302144.00
2017/04/24	15.22	15.30	13.70	13.70	2665911	38123076.00
2017/04/25	13.60	14.32	13.60	14.11	2032368	28547220.00
2017/04/26	14.21	14.54	14.15	14.24	1314059	18855504.00
2017/04/27	14.47	14.47	13.35	13.78	2199719	30440170.00
2017/04/28	13.90	14.22	13.71	14.07	2127701	29784764.00
2017/05/02	14.00	14.52	13.98	14.03	1991176	28334798.00
2017/05/03	14.11	14.24	13.99	14.09	1020388	14372805.00
2017/05/04	14.09	14.19	13.24	14.09	1133176	15809994.00
2017/05/05	14.32	14.59	14.11	14.13	2280395	32846020.00
2017/05/08	13.91	13.91	13.36	13.41	2055490	27970006.00
2017/05/09	13.40	13.54	13.04	13.29	1858925	24661656.00
2017/05/10	13.36	13.50	13.09	13.11	997942	13276180.00
2017/05/11	13.12	13.12	12.20	12.58	1642950	20665176.00
2017/05/12	12.66	12.79	12.26	12.42	1113392	13843625.00
2017/05/15	12.43	12.65	12.39	12.60	1027940	12856011.00
2017/05/16	12.65	13.46	12.46	13.22	2156018	28083928.00
2017/05/17	13.12	13.33	13.00	13.25	1248143	16490065.00
2017/05/18	13.15	13.46	12.92	13.06	1210866	15962397.00
2017/05/19	13.06	13.14	12.62	12.77	1282801	16395989.00
2017/05/22	12.75	12.90	12.25	12.47	1861279	23436148.00
2017/05/23	12.45	12.45	11.78	11.90	1762297	21229060.00
2017/05/24	11.89	11.95	11.36	11.93	1216854	14196307.00
2017/05/25	11.97	12.30	11.75	11.99	1911297	22949164.00
2017/05/26	12.05	12.28	12.02	12.10	1117327	13549131.00
2017/05/31	12.15	12.37	12.01	12.16	1201940	14671941.00
2017/06/01	12.10	12.10	11.46	11.76	1618700	19023040.00
2017/06/02	11.76	12.06	11.38	12.00	1335843	15589003.00
2017/06/05	12.07	12.20	11.90	11.99	1163456	13981466.00
2017/06/06	12.01	12.09	11.82	11.99	1084892	12984061.00
2017/06/07	12.06	12.38	12.00	12.34	1989019	24332614.00
2017/06/08	12.29	12.69	12.18	12.43	1832176	22887164.00
2017/06/09	12.25	12.54	12.14	12.44	1629996	20032834.00
2017/06/12	12.39	12.40	12.02	12.06	1443644	17489980.00
2017/06/13	12.72	12.85	12.35	12.58	3225482	40606308.00
2017/06/14	12.48	12.58	12.28	12.39	1984097	24650296.00
2017/06/15	12.41	13.20	12.41	12.92	3779144	48532924.00
2017/06/16	12.96	13.17	12.73	13.08	2205534	28597356.00
2017/06/19	12.99	13.29	12.96	13.23	1940069	25517464.00
2017/06/20	13.20	14.40	13.15	13.60	3311820	45544184.00
2017/06/21	13.60	13.85	13.33	13.58	1924735	26103344.00
2017/06/22	13.59	13.60	12.82	12.84	1891574	24921176.00
2017/06/23	13.02	13.20	12.76	13.00	1557961	20220004.00
2017/06/26	12.92	13.34	12.73	13.19	1360334	17879568.00
2017/06/27	13.30	13.74	13.12	13.18	1865307	24898968.00
2017/06/28	13.21	13.31	12.91	12.95	1411679	18449746.00
2017/06/29	13.17	13.28	13.04	13.07	971700	12757366.00
2017/06/30	12.99	13.26	12.86	13.20	1147056	15091630.00
2017/07/18	14.52	14.52	14.32	14.52	9272133	134617744.00
2017/07/19	15.97	15.97	15.97	15.97	672462	10739218.00
2017/07/20	17.57	17.57	17.57	17.57	293530	5157322.00
2017/07/21	18.98	18.98	17.11	17.16	18839893	336896256.00
2017/07/24	16.26	17.33	16.02	16.74	12242318	201260336.00
2017/07/25	16.25	16.89	16.07	16.22	7495961	123068400.00
2017/07/26	15.98	16.15	15.71	15.82	4849728	76759640.00
2017/07/27	15.91	16.49	15.91	16.32	3982276	64666436.00
2017/07/28	16.08	17.50	15.80	17.15	6449336	106576952.00
2017/07/31	16.84	17.13	16.58	16.89	4776805	80690728.00
2017/08/01	16.45	16.84	16.45	16.64	2452714	40539536.00
2017/08/02	16.80	17.50	16.30	16.35	3558902	59834632.00
2017/08/03	16.17	16.69	16.15	16.44	1935106	31720914.00
2017/08/04	16.55	16.55	16.03	16.19	1871571	30328644.00
2017/08/07	16.27	16.27	15.80	15.98	1596194	25492336.00
2017/08/08	15.70	16.62	15.70	16.33	2548082	41618752.00
2017/08/09	16.38	16.40	15.86	15.97	1604409	25843872.00
2017/08/10	16.00	16.18	15.90	15.96	1128400	18062972.00
2017/08/11	15.89	15.90	15.20	15.34	1137877	17751656.00
2017/08/14	15.99	16.07	15.34	16.05	1139266	18055776.00
2017/08/15	16.10	16.10	15.80	16.01	714000	11362730.00
2017/08/16	15.99	16.09	15.80	15.97	754206	12034185.00
2017/08/17	15.83	16.28	15.81	16.08	1033187	16658049.00
2017/08/18	15.95	16.01	15.85	15.91	431030	6852447.00
2017/08/21	15.91	16.07	15.80	15.92	500324	7957078.00
2017/08/22	15.95	15.95	15.61	15.76	779499	12268771.00
2017/08/23	15.79	16.38	15.77	16.21	3032610	49089056.00
2017/08/24	16.30	16.33	15.90	15.93	1074487	17180128.00
2017/08/25	15.85	16.20	15.81	16.05	1872600	30080848.00
2017/08/28	15.94	16.29	15.94	16.19	1278887	20647460.00
2017/08/29	16.11	16.38	16.00	16.20	1279578	20740570.00
2017/08/30	16.20	16.44	16.10	16.21	1211288	19743022.00
2017/08/31	16.26	16.26	16.00	16.11	801087	12886908.00
2017/09/01	16.23	16.61	16.05	16.49	2134115	34961536.00
2017/09/04	16.41	17.52	16.32	17.14	2438623	41613180.00
2017/09/05	17.16	17.98	17.16	17.59	3405544	59997392.00
2017/09/06	17.40	17.56	17.30	17.39	1609885	28013782.00
2017/09/07	17.28	17.79	17.18	17.63	4099440	72118712.00
2017/09/08	17.55	17.96	17.40	17.79	2452104	43513296.00
2017/09/11	17.79	18.05	17.62	17.74	1491600	26552676.00
2017/09/12	17.70	17.77	17.30	17.31	1492354	26108716.00
2017/09/13	17.41	17.48	17.03	17.43	1038131	17999540.00
2017/09/14	17.29	17.55	17.27	17.49	1251254	21860478.00
2017/09/15	17.98	17.98	17.52	17.66	2577939	45839320.00
2017/09/18	17.58	18.39	17.58	18.23	2256425	40835116.00
2017/09/19	17.75	18.50	17.60	18.02	2078500	37491056.00
2017/09/20	17.90	18.33	17.90	18.08	1181901	21415016.00
2017/09/21	18.02	18.23	17.65	17.78	1302633	23218546.00
2017/09/22	17.77	17.87	17.50	17.79	906569	15975547.00
2017/09/25	17.93	18.07	17.75	17.95	775001	13879422.00
2017/09/26	17.96	18.98	17.95	18.84	3778511	70122056.00
2017/09/27	18.92	19.98	18.31	19.88	5959318	115251824.00
2017/09/28	19.77	20.40	19.61	20.23	4618988	92734224.00
2017/09/29	20.22	20.45	19.78	20.02	2473178	49655952.00
2017/10/09	20.30	20.30	19.80	19.99	1801270	36056092.00
2017/10/10	19.99	20.15	19.60	20.04	1554993	30726250.00
2017/10/11	20.01	20.47	19.61	19.61	1385863	27692770.00
2017/10/12	19.89	19.89	19.30	19.63	1225062	23953572.00
2017/10/13	19.60	19.97	19.40	19.48	1197760	23572492.00
2017/10/16	19.40	19.68	18.63	18.76	1709568	32601284.00
2017/10/17	18.77	18.93	18.30	18.38	1912893	35488656.00
2017/10/18	18.45	18.74	18.30	18.37	1766391	32754696.00
2017/10/19	18.23	18.68	18.20	18.23	2163100	39940080.00
2017/10/20	18.21	18.57	18.21	18.47	879735	16230407.00
2017/10/23	18.55	18.65	18.05	18.17	1488703	27326940.00
2017/10/24	18.17	18.56	18.17	18.37	2495868	46000240.00
2017/10/25	18.40	18.70	18.31	18.36	1624600	29961052.00
2017/10/26	18.35	18.79	18.16	18.48	2075960	38410096.00
2017/10/27	18.70	19.50	18.20	19.22	3991803	74647960.00
2017/10/30	19.22	20.15	17.55	20.04	6935618	134184576.00
2017/10/31	20.05	20.05	19.38	19.63	2761935	54372284.00
2017/11/01	19.53	19.83	19.30	19.45	1154319	22596322.00
2017/11/02	19.47	19.68	19.25	19.45	781009	15174813.00
2017/11/03	19.70	19.91	19.12	19.83	2782050	54198096.00
2017/11/06	19.80	20.00	19.40	19.94	1541119	30560360.00
2017/11/07	19.72	20.10	19.72	19.97	1489600	29684372.00
2017/11/08	19.97	19.97	19.30	19.41	1569300	30755172.00
2017/11/09	19.50	19.50	19.27	19.42	691062	13396253.00
2017/11/10	19.39	19.57	18.73	18.77	1108900	21233556.00
2017/11/13	18.78	19.03	18.50	18.55	966000	18084984.00
2017/11/14	18.56	19.44	18.40	19.26	1825523	34562740.00
2017/11/15	19.26	19.26	18.88	19.18	577123	10996255.00
2017/11/16	19.15	19.15	18.56	18.93	804000	15125964.00
2017/11/17	18.72	18.91	18.38	18.68	651100	12096646.00
2017/11/20	18.52	18.87	18.14	18.71	725645	13446683.00
2017/11/21	18.64	19.40	18.49	18.99	1124250	21309988.00
2017/11/22	18.98	19.20	18.80	18.81	1004900	19031984.00
2017/11/23	18.98	19.10	18.62	18.89	950100	17888920.00
2017/11/24	18.85	18.97	18.55	18.71	570100	10675680.00
2017/11/27	18.68	18.81	18.00	18.14	557550	10200783.00
2017/11/28	18.01	18.33	18.01	18.09	476201	8639257.00
2017/11/29	18.07	18.16	17.89	18.02	488311	8778743.00
2017/11/30	18.14	18.14	17.84	18.09	283100	5102629.00
2017/12/01	18.10	18.12	17.89	18.07	374473	6747653.00
2017/12/04	18.09	18.09	17.86	17.94	325600	5844813.00
2017/12/05	18.06	18.06	17.51	17.88	611800	10914793.00
2017/12/06	17.68	18.38	17.58	18.26	456201	8187601.00
2017/12/07	18.28	18.80	18.19	18.65	671677	12454297.00
2017/12/08	18.79	19.09	18.46	19.02	928555	17617082.00
2017/12/11	19.22	19.29	18.78	18.96	514800	9752212.00
2017/12/12	18.96	19.01	18.66	19.01	399000	7523964.00
2017/12/13	18.90	19.27	18.79	19.01	510496	9672056.00
2017/12/14	19.09	19.09	18.78	19.00	520600	9849239.00
2017/12/15	19.00	19.00	18.80	18.99	154700	2919597.00
2017/12/18	18.84	19.00	18.56	18.95	558800	10515468.00
2017/12/19	18.73	19.04	18.68	18.98	1208262	22814768.00
2017/12/20	19.00	19.11	18.76	18.97	750200	14213116.00
2017/12/21	19.00	19.04	18.80	18.86	235800	4448190.00
2017/12/22	18.87	19.19	18.71	19.07	1081410	20563976.00
2017/12/25	19.07	19.17	18.85	19.14	851611	16198829.00
2017/12/26	19.08	19.27	18.95	19.24	959860	18365380.00
2017/12/27	19.14	20.05	18.95	19.98	2707082	53348848.00
2017/12/28	19.94	20.38	19.67	20.10	2161801	43610484.00
2017/12/29	20.10	20.31	19.79	20.27	2971625	59907612.00
2018/01/02	20.27	20.27	19.57	19.59	1267133	25042048.00
2018/01/03	19.59	19.99	19.05	19.68	1330496	25897716.00
2018/01/04	19.88	19.90	19.23	19.45	915200	17790292.00
2018/01/05	19.74	19.74	18.96	19.34	1394300	26804840.00
2018/01/08	19.60	19.60	18.66	19.09	1144500	21725944.00
2018/01/09	18.80	19.05	18.68	18.80	929819	17514910.00
2018/01/10	18.78	19.10	18.40	18.60	810833	15093957.00
2018/01/11	18.56	18.81	18.30	18.63	409201	7594354.00
2018/01/12	18.58	18.82	18.27	18.52	386310	7136389.00
2018/01/15	18.50	18.72	18.18	18.42	708900	12990773.00
2018/01/16	18.33	18.52	18.18	18.31	261388	4787581.00
2018/01/17	18.21	18.48	17.71	17.94	767500	13962903.00
2018/01/18	17.96	18.83	17.80	18.72	1374917	25460228.00
2018/01/19	18.75	19.06	18.41	18.86	1104825	20746496.00
2018/01/22	18.85	19.03	18.45	18.99	673100	12634528.00
2018/01/23	18.82	19.20	18.64	19.01	684833	12936081.00
2018/01/24	19.09	19.09	18.72	18.91	359412	6783419.00
2018/01/25	18.98	19.25	18.64	19.20	896855	17164522.00
2018/01/26	19.11	19.30	18.94	19.24	573600	10958486.00
2018/01/29	19.28	19.35	18.90	19.21	573500	10940015.00
2018/01/30	19.05	19.20	18.92	19.16	900902	17176700.00
2018/01/31	19.16	19.19	18.83	19.07	491668	9362850.00
2018/02/01	18.93	19.09	18.40	18.49	455851	8483471.00
2018/02/02	18.45	18.95	18.08	18.92	1166534	21503284.00
2018/02/05	18.92	19.06	18.27	18.64	1008400	18895076.00
2018/02/06	18.60	19.15	18.42	18.64	1289500	24233452.00
2018/02/07	19.02	19.02	17.80	18.75	1269208	23357994.00
2018/02/08	18.75	19.00	18.32	18.98	884800	16559431.00
2018/02/09	18.97	18.99	18.35	18.89	920100	17146822.00
2018/02/12	18.80	19.10	18.55	19.08	902100	17123948.00
2018/02/13	19.00	19.29	18.92	19.28	995200	19064846.00
2018/02/14	19.27	19.39	19.00	19.35	976000	18775368.00
2018/02/22	19.55	19.56	19.00	19.30	1540300	29568792.00
2018/02/23	19.10	19.50	19.06	19.32	1173200	22696004.00
2018/02/26	19.10	19.43	19.02	19.30	1340301	25676020.00
2018/02/27	19.32	19.37	19.18	19.26	468001	9025364.00
2018/02/28	19.11	19.29	18.93	19.14	820058	15684566.00
2018/03/02	19.18	19.89	19.04	19.42	2292155	44712956.00
2018/03/05	19.35	19.47	19.12	19.38	1128000	21809412.00
2018/03/06	19.38	19.41	19.14	19.37	1157300	22293136.00
2018/03/07	19.37	19.42	19.25	19.38	579000	11198024.00
2018/03/08	19.38	19.79	19.27	19.52	716369	13948367.00
2018/03/09	19.69	19.69	19.46	19.61	1117555	21879468.00
2018/03/12	19.61	19.68	19.41	19.65	860200	16815836.00
2018/03/13	19.64	19.79	19.52	19.66	862502	16899064.00
2018/03/14	19.65	19.67	19.51	19.65	948300	18599952.00
2018/03/15	19.59	19.83	19.55	19.79	838300	16509146.00
2018/03/16	19.71	21.77	19.70	20.88	2661961	55705028.00
2018/03/19	20.88	21.55	20.62	21.41	2474503	52609092.00
2018/03/20	21.12	21.57	21.09	21.11	1611342	34344924.00
2018/03/21	21.01	21.25	20.67	20.97	1284861	26903092.00
2018/03/22	21.01	21.15	20.78	20.94	844283	17647092.00
2018/03/23	20.81	20.81	20.10	20.60	1804545	36712464.00
2018/03/26	20.08	20.75	19.98	20.71	612450	12490230.00
2018/03/27	20.50	21.28	20.50	20.97	909901	19037752.00
2018/03/28	20.75	20.97	20.58	20.81	811716	16857138.00
2018/03/29	20.60	20.86	20.58	20.81	596246	12367993.00
2018/03/30	20.50	20.78	20.48	20.71	462100	9545684.00
2018/04/02	20.55	20.99	20.52	20.79	760413	15759428.00
2018/04/03	20.63	20.88	20.44	20.66	444500	9204877.00
2018/04/04	20.52	20.75	20.52	20.64	292700	6046805.00
2018/04/09	20.40	20.77	19.67	20.70	1359900	27676178.00
2018/04/10	20.60	20.86	20.23	20.83	2146202	44252892.00
2018/04/11	20.83	21.11	20.64	21.04	819303	17133292.00
2018/04/12	20.82	21.45	20.82	21.04	541202	11464058.00
2018/04/13	20.95	21.18	20.81	20.88	574542	12011694.00
2018/04/16	20.83	20.83	20.42	20.62	494500	10177323.00
2018/04/17	20.44	20.79	20.27	20.33	524400	10722250.00
2018/04/18	20.39	20.80	20.20	20.69	872635	17895696.00
2018/04/19	20.77	20.77	20.62	20.68	256542	5307324.00
2018/04/20	20.65	20.97	20.30	20.55	720600	14819317.00
2018/04/23	20.54	20.55	20.21	20.21	446700	9114988.00
2018/04/24	20.38	20.50	20.24	20.42	288100	5879872.00
2018/04/25	20.50	20.59	20.38	20.46	625800	12811152.00
数据来源:通达信
