600056 中国医药 日线 不复权
      日期	    开盘	    最高	    最低	    收盘	    成交量	    成交额
2017/03/27	23.30	23.58	22.92	23.15	6173488	143117664.00
2017/03/28	23.30	23.48	22.58	23.38	7804744	178960912.00
2017/03/29	23.20	23.58	22.90	23.01	5539079	128123984.00
2017/03/30	23.03	23.20	22.60	22.96	5965648	136705568.00
2017/03/31	23.00	23.80	23.00	23.64	8548008	200788384.00
2017/04/05	23.35	24.16	23.35	23.96	8184373	195114352.00
2017/04/06	23.95	24.20	23.62	23.91	8342703	199000608.00
2017/04/07	23.75	23.90	23.60	23.64	7069714	167598640.00
2017/04/10	23.68	23.68	22.87	23.10	8934323	206239552.00
2017/04/11	23.05	23.42	22.79	23.28	6712446	155216448.00
2017/04/12	23.28	23.38	23.11	23.24	3092719	71886712.00
2017/04/13	23.28	23.87	23.19	23.73	4821305	114207008.00
2017/04/14	23.60	23.87	23.29	23.52	4619268	108750528.00
2017/04/17	23.52	23.61	23.20	23.43	3328379	77642824.00
2017/04/18	23.43	24.01	23.23	24.00	8750154	207882160.00
2017/04/19	23.95	24.27	23.60	24.10	7393308	176990976.00
2017/04/20	24.02	24.65	23.96	24.52	10546256	257584864.00
2017/04/21	24.49	24.64	24.15	24.39	6020277	146974480.00
2017/04/24	24.02	24.20	23.28	23.92	6085894	145316432.00
2017/04/25	23.95	24.15	23.65	24.07	5074148	121485376.00
2017/04/26	24.05	25.08	23.81	24.43	8241278	201514432.00
2017/04/27	24.39	24.95	23.75	24.92	6330604	154395264.00
2017/04/28	24.80	24.95	24.36	24.49	6263955	153956688.00
2017/05/02	24.25	24.59	24.21	24.42	4735891	115476216.00
2017/05/03	24.42	24.42	23.99	24.11	5511635	133107048.00
2017/05/04	24.02	24.52	23.94	24.48	4859746	117867504.00
2017/05/05	24.48	24.69	24.27	24.53	4762741	116819568.00
2017/05/08	24.40	24.40	23.21	23.64	9641628	229848784.00
2017/05/09	23.59	23.70	22.92	23.56	6646226	154725376.00
2017/05/10	23.53	24.08	23.41	23.80	4940473	118100632.00
2017/05/11	23.75	24.28	23.56	24.27	5965712	142793360.00
2017/05/12	24.27	24.47	24.09	24.19	2295754	55697904.00
2017/05/15	24.29	25.23	24.20	25.16	7534190	187863152.00
2017/05/16	25.10	25.45	24.73	25.29	6634449	167210128.00
2017/05/17	25.29	25.65	25.11	25.48	6178020	157005920.00
2017/05/18	25.33	25.68	24.90	25.07	5152740	130586720.00
2017/05/19	25.18	25.29	24.75	25.22	4652360	116686888.00
2017/05/22	25.00	25.58	24.97	25.56	3327029	84470000.00
2017/05/23	25.69	25.88	25.20	25.58	4477936	114384976.00
2017/05/24	25.34	25.45	24.65	25.11	6055392	151025904.00
2017/05/25	25.00	25.30	24.75	25.00	5115536	127755104.00
2017/05/26	25.00	25.20	24.58	24.85	5166194	128690288.00
2017/05/31	24.98	25.15	24.75	25.08	4767766	118876304.00
2017/06/01	25.15	25.15	24.85	25.04	4345062	108686624.00
2017/06/02	25.00	25.07	23.71	24.40	10493184	255149712.00
2017/06/05	24.30	24.36	23.91	24.14	6740132	162378320.00
2017/06/06	24.10	24.66	24.00	24.64	5775229	140915648.00
2017/06/07	24.73	25.44	24.51	25.20	7394672	185410768.00
2017/06/08	25.30	25.83	25.29	25.69	7496455	191720416.00
2017/06/09	25.71	25.98	25.55	25.68	4778132	123111120.00
2017/06/12	25.51	26.10	25.50	26.08	6883479	178368896.00
2017/06/13	25.97	26.08	25.68	25.92	3883688	100419960.00
2017/06/14	25.68	25.68	24.85	25.00	5150564	129246672.00
2017/06/15	24.89	25.09	24.55	24.97	6335111	156998736.00
2017/06/16	24.95	24.97	24.68	24.81	3651797	90625160.00
2017/06/19	24.75	25.42	24.75	25.42	4302659	108103920.00
2017/06/20	25.44	25.56	25.10	25.21	3865252	98145680.00
2017/06/21	25.26	25.60	24.98	25.57	5041549	127436632.00
2017/06/22	25.55	25.57	24.96	24.97	6241906	157507376.00
2017/06/23	24.91	25.18	24.65	25.04	6114517	152187184.00
2017/06/26	25.00	25.85	24.88	25.81	9093893	230438512.00
2017/06/27	25.71	25.85	25.40	25.80	5664265	145212896.00
2017/06/28	25.68	25.76	25.38	25.44	3107137	79352840.00
2017/06/29	25.41	26.13	25.35	25.97	8038674	207727040.00
2017/06/30	25.93	26.12	25.61	25.95	5771908	149509200.00
2017/07/03	25.90	26.23	25.72	25.78	6269903	162830496.00
2017/07/04	25.61	25.80	25.00	25.55	5317339	134829024.00
2017/07/05	25.50	26.19	25.41	26.14	6951167	180343520.00
2017/07/06	26.15	26.19	25.52	25.91	5478208	141154496.00
2017/07/07	25.74	25.93	25.49	25.64	3633848	93313240.00
2017/07/10	25.61	25.61	24.36	24.90	13761576	341512384.00
2017/07/11	24.80	25.14	24.48	24.86	5579053	138517440.00
2017/07/12	24.83	25.09	24.52	24.86	3438337	85118816.00
2017/07/13	24.84	25.20	24.71	25.02	3381449	84551264.00
2017/07/14	25.00	25.10	24.81	24.87	2332403	58051568.00
2017/07/17	24.78	24.93	23.72	24.41	6106709	149235136.00
2017/07/18	24.25	24.64	24.07	24.39	3377305	82125344.00
2017/07/19	24.25	24.45	24.02	24.43	3594257	87150304.00
2017/07/20	24.44	24.65	24.19	24.52	4244586	103821984.00
2017/07/21	24.43	24.85	24.35	24.53	3932128	96670688.00
2017/07/24	24.54	24.66	24.30	24.60	3658119	89604320.00
2017/07/25	24.60	24.84	24.42	24.78	3363506	83125488.00
2017/07/26	24.62	24.80	24.02	24.44	4385563	106625328.00
2017/07/27	24.35	24.35	23.71	24.07	6454521	154841328.00
2017/07/28	24.05	24.18	23.95	24.07	3792158	91308000.00
2017/07/31	24.07	24.27	23.81	24.19	3276023	78894320.00
2017/08/01	24.13	24.20	23.95	23.99	4137329	99485256.00
2017/08/02	24.01	24.09	23.70	23.76	4451631	106024096.00
2017/08/03	23.71	23.88	23.38	23.65	5004392	118248656.00
2017/08/04	23.50	23.80	23.48	23.53	3293796	77965832.00
2017/08/07	23.62	24.44	23.62	24.37	8503853	205328560.00
2017/08/08	24.38	25.09	24.38	24.89	7521413	186558144.00
2017/08/09	24.89	24.99	24.56	24.85	4350158	107866864.00
2017/08/10	24.80	25.11	24.52	24.87	4159221	103417376.00
2017/08/11	24.90	25.38	24.68	24.86	5146728	129121120.00
2017/08/14	24.95	25.45	24.91	25.12	5541703	139489504.00
2017/08/15	24.93	25.10	24.67	24.69	3384357	83855280.00
2017/08/16	24.74	25.18	24.60	25.15	4850726	120977696.00
2017/08/17	25.01	25.58	25.01	25.27	5182516	131103792.00
2017/08/18	25.20	25.41	24.92	25.18	3588338	90163264.00
2017/08/21	25.18	25.36	24.89	24.90	4454808	111346344.00
2017/08/22	24.90	25.12	24.72	24.91	2737292	68238912.00
2017/08/23	24.83	24.99	24.50	24.61	3211978	79349552.00
2017/08/24	24.78	24.82	24.37	24.48	2827374	69415712.00
2017/08/25	24.48	24.64	24.29	24.48	4717472	115401800.00
2017/08/28	24.48	24.88	24.31	24.78	7090770	174922800.00
2017/08/29	24.78	24.83	23.81	24.01	7684625	186040080.00
2017/08/30	24.02	24.15	23.60	23.84	7859264	187077520.00
2017/08/31	23.84	24.00	23.72	23.94	4049699	96598928.00
2017/09/01	23.84	23.94	23.45	23.65	7079357	167077632.00
2017/09/04	23.53	23.99	23.53	23.95	5181038	123391880.00
2017/09/05	23.80	24.10	23.38	23.53	8126875	192490208.00
2017/09/06	23.50	23.65	22.80	22.98	12914911	297585856.00
2017/09/07	22.98	23.18	22.94	23.05	6110823	141171232.00
2017/09/08	23.05	23.61	23.01	23.59	7074621	165893680.00
2017/09/11	23.72	24.00	23.36	23.50	4573286	108234032.00
2017/09/12	23.45	23.71	23.24	23.34	3500288	82169656.00
2017/09/13	23.34	23.45	22.95	23.25	4153117	96043008.00
2017/09/14	23.25	23.55	23.09	23.54	3905934	91188536.00
2017/09/15	23.50	23.84	23.36	23.70	5507445	130413848.00
2017/09/18	23.70	23.85	23.54	23.72	3455723	81945816.00
2017/09/19	23.80	23.87	23.50	23.51	2801131	66074932.00
2017/09/20	23.58	23.60	23.25	23.44	4098665	95930520.00
2017/09/21	23.55	23.57	23.08	23.27	3710517	86205992.00
2017/09/22	23.24	23.50	23.24	23.45	3498594	81991904.00
2017/09/25	23.46	24.30	23.37	24.05	7472679	179357728.00
2017/09/26	24.07	24.20	23.85	24.09	3644094	87582424.00
2017/09/27	24.10	24.21	23.77	23.95	3656169	87521192.00
2017/09/28	23.95	24.15	23.91	23.99	2952222	70914440.00
2017/09/29	24.04	24.60	24.04	24.46	5761339	140809648.00
2017/10/09	24.58	25.25	24.57	24.75	6217293	154987392.00
2017/10/10	24.75	25.08	24.60	25.02	5332091	132747800.00
2017/10/11	25.08	25.67	24.86	25.43	8927553	227236592.00
2017/10/12	25.52	25.61	25.22	25.44	2740995	69645560.00
2017/10/13	25.41	25.48	24.74	25.26	5366782	134538048.00
2017/10/16	25.20	25.20	24.66	24.93	4491188	111933640.00
2017/10/17	24.85	25.05	24.80	24.94	3295797	82131768.00
2017/10/18	24.81	26.20	24.81	25.98	11115978	285938304.00
2017/10/19	25.94	26.57	25.88	26.34	8496622	222962464.00
2017/10/20	26.45	26.45	26.03	26.16	3356928	88228144.00
2017/10/23	26.08	27.25	26.08	27.22	9397640	252627632.00
2017/10/24	27.20	27.29	26.89	27.27	4850251	131716920.00
2017/10/25	27.27	27.32	26.87	27.23	4836110	131174112.00
2017/10/26	27.10	27.67	26.76	27.17	5863969	159237200.00
2017/10/27	27.16	27.25	26.66	27.20	5599264	150955344.00
2017/10/30	27.02	28.25	26.90	27.96	8915353	247614048.00
2017/10/31	27.76	27.98	27.00	27.57	5950749	163510912.00
2017/11/01	27.54	27.58	26.94	27.17	5272473	143528576.00
2017/11/02	27.12	27.13	26.60	26.96	4847383	129895624.00
2017/11/03	26.96	27.22	25.70	25.92	7036253	186013072.00
2017/11/06	26.09	28.49	25.77	28.42	12518322	342977536.00
2017/11/07	28.55	29.26	27.96	28.42	11231930	320974944.00
2017/11/08	28.66	28.70	27.62	27.88	7327882	206160304.00
2017/11/09	28.05	28.40	26.95	28.04	12000871	329961888.00
2017/11/10	27.75	28.21	27.33	27.94	10072985	280603808.00
2017/11/13	28.00	28.00	27.27	27.46	7838211	215247328.00
2017/11/14	27.38	28.07	27.30	27.36	8243695	228170560.00
2017/11/15	27.33	27.44	26.50	27.04	8605057	231370368.00
2017/11/16	27.00	27.79	26.55	27.65	9555243	260181200.00
2017/11/17	27.70	27.76	26.81	27.06	7951030	217327728.00
2017/11/20	26.80	28.35	26.80	28.16	7015076	193462320.00
2017/11/21	28.03	28.59	27.84	28.05	8262416	232643168.00
2017/11/22	28.05	28.15	26.66	27.06	10556724	288308672.00
2017/11/23	26.99	26.99	25.61	25.74	9902060	258750624.00
2017/11/24	25.59	25.95	25.14	25.59	5269594	134431296.00
2017/11/27	25.55	25.92	24.90	25.37	3866562	98129728.00
2017/11/28	25.40	25.65	25.06	25.35	5086549	128502736.00
2017/11/29	25.43	25.54	24.56	24.84	7383283	183546624.00
2017/11/30	24.65	24.77	24.32	24.43	4759550	116592064.00
2017/12/01	24.43	24.78	24.35	24.55	3313111	81387320.00
2017/12/04	24.48	25.13	24.43	24.84	5137806	127909344.00
2017/12/05	24.85	25.09	24.38	24.42	4690762	116307624.00
2017/12/06	24.42	24.64	23.53	24.17	6200027	148482288.00
2017/12/07	24.05	24.21	23.50	23.62	6185126	146457056.00
2017/12/08	23.70	24.05	23.64	23.81	4728828	112827064.00
2017/12/11	23.96	25.55	23.96	25.47	13067365	325566784.00
2017/12/12	25.46	25.46	24.50	24.87	5026153	126093144.00
2017/12/13	24.98	25.25	24.82	25.00	3934250	98555520.00
2017/12/14	25.02	25.22	24.68	25.12	3379373	84423648.00
2017/12/15	24.99	25.54	24.90	25.40	4949640	124996368.00
2017/12/18	25.40	25.66	24.98	25.47	3718852	94096336.00
2017/12/19	25.31	26.08	25.28	25.92	5854963	151382976.00
2017/12/20	26.00	26.05	25.64	25.90	3465714	89433152.00
2017/12/21	25.87	26.29	25.68	26.08	4103124	106651288.00
2017/12/22	26.08	26.47	25.76	25.86	4069122	106232768.00
2017/12/25	25.81	25.83	25.21	25.49	4675659	119107808.00
2017/12/26	25.43	25.51	25.13	25.30	4150732	104845208.00
2017/12/27	25.40	25.41	24.28	24.40	7338518	182409328.00
2017/12/28	24.30	24.80	24.18	24.68	6507134	160221776.00
2017/12/29	24.79	25.18	24.43	24.89	4528122	112422488.00
2018/01/02	24.91	25.18	24.79	24.83	5429158	135659232.00
2018/01/03	24.94	25.32	24.79	25.23	8070672	202843808.00
2018/01/04	25.23	26.07	25.20	25.73	8904788	228832512.00
2018/01/05	25.71	25.96	25.42	25.69	4572003	117374024.00
2018/01/08	25.50	26.20	25.28	26.19	7573564	194771152.00
2018/01/09	26.14	26.14	25.39	25.77	11421717	294056352.00
2018/01/10	25.60	25.62	24.45	24.61	18025530	447038112.00
2018/01/11	24.69	24.74	24.32	24.61	6418694	157724976.00
2018/01/12	24.61	24.69	24.26	24.36	7083762	173096512.00
2018/01/15	24.41	24.41	23.08	23.33	19603523	462694880.00
2018/01/16	23.30	23.85	23.30	23.56	8818722	208377344.00
2018/01/17	23.65	23.77	23.28	23.46	6057483	141957088.00
2018/01/18	23.45	23.56	22.95	23.03	9839552	228547280.00
2018/01/19	23.08	23.14	21.99	22.53	26619583	597201408.00
2018/01/22	22.43	22.65	22.00	22.61	13521035	301505728.00
2018/01/23	22.52	22.69	22.34	22.49	7892858	177561600.00
2018/01/24	22.55	22.58	22.18	22.50	13053988	291564256.00
2018/01/25	22.50	23.09	22.41	23.05	14621372	332969376.00
2018/01/26	23.06	23.27	22.80	22.94	10044088	231126384.00
2018/01/29	22.95	23.17	22.21	22.41	10794399	244332912.00
2018/01/30	22.25	22.68	22.20	22.34	6712161	150011616.00
2018/01/31	22.26	22.68	22.21	22.54	8059575	180925264.00
2018/02/01	22.56	22.77	22.02	22.18	8777498	196149632.00
2018/02/02	22.07	22.18	21.02	21.25	17475227	375117120.00
2018/02/05	21.00	22.02	20.80	21.84	11467382	247604976.00
2018/02/06	21.50	22.25	21.33	21.55	9085411	196924480.00
2018/02/07	21.88	21.99	20.50	20.76	11909451	252336352.00
2018/02/08	20.72	21.25	20.72	21.08	6075271	127700424.00
2018/02/09	20.60	20.60	19.28	20.12	11063674	221464656.00
2018/02/12	20.15	20.85	19.91	20.73	7873754	161552864.00
2018/02/13	20.94	21.74	20.74	21.64	9427719	202657664.00
2018/02/14	21.58	21.99	21.30	21.83	5640466	122728240.00
2018/02/22	22.40	22.40	21.78	21.85	6359120	140149456.00
2018/02/23	21.94	22.08	21.81	21.89	3631573	79622704.00
2018/02/26	21.91	21.99	21.73	21.97	8896428	194569984.00
2018/02/27	22.03	22.93	21.90	22.72	14751001	333959360.00
2018/02/28	22.60	23.09	22.26	22.69	8582466	195829280.00
2018/03/01	22.75	23.00	22.56	22.87	6623091	151269712.00
2018/03/02	22.69	23.00	22.62	22.78	4314589	98471160.00
2018/03/05	22.88	22.96	22.50	22.82	4648265	105895416.00
2018/03/06	22.85	24.02	22.71	23.60	12493517	294847584.00
2018/03/07	23.80	23.93	23.45	23.63	4907901	116105608.00
2018/03/08	23.56	24.26	23.36	24.05	8153664	195486928.00
2018/03/09	24.07	24.50	24.01	24.18	6088592	147675008.00
2018/03/12	24.27	24.48	23.82	24.35	7420941	179313520.00
2018/03/13	24.20	24.20	23.57	23.70	5532678	131829280.00
2018/03/14	23.68	23.83	23.06	23.22	5734689	134022792.00
2018/03/15	23.08	23.50	23.02	23.33	4359592	101371000.00
2018/03/16	23.34	23.69	23.19	23.21	3448767	80892312.00
2018/03/19	23.15	23.41	22.60	23.28	4749093	109674488.00
2018/03/20	23.11	24.36	22.99	24.34	11399743	273436512.00
2018/03/21	24.35	24.55	23.90	23.96	9938531	240028208.00
2018/03/22	23.96	24.19	23.48	23.77	5196570	123447048.00
2018/03/23	22.72	23.32	21.95	22.35	9008278	204654160.00
2018/03/26	21.90	23.03	21.86	22.68	6030783	136105152.00
2018/03/27	22.88	23.50	22.88	23.35	6880039	159551088.00
2018/03/28	23.12	23.74	22.98	23.30	5272656	123275496.00
2018/03/29	23.31	23.57	22.97	23.11	6297100	146089936.00
2018/03/30	23.14	24.02	23.14	23.77	8460415	200796544.00
2018/04/02	23.99	24.58	23.89	24.26	9499867	230770976.00
2018/04/03	24.00	24.55	23.62	24.01	8273887	198936624.00
2018/04/04	24.49	24.88	23.75	23.95	11254104	274564736.00
2018/04/09	24.00	24.88	24.00	24.76	12808711	314309120.00
2018/04/10	24.65	25.22	24.58	24.89	9298392	231964352.00
2018/04/11	24.90	24.94	24.30	24.77	13281040	326735616.00
2018/04/12	24.20	24.64	23.99	24.23	8495735	206410688.00
2018/04/13	24.55	24.69	23.90	24.09	7226367	175888576.00
2018/04/16	24.15	24.15	21.68	21.95	33452355	746027520.00
2018/04/17	21.70	21.83	20.82	21.10	23670173	500689920.00
2018/04/18	21.20	21.25	20.05	20.57	17747843	363853472.00
2018/04/19	20.59	20.85	20.45	20.75	10824938	224085184.00
2018/04/20	20.70	21.18	20.53	20.83	10319307	215633472.00
2018/04/23	20.79	20.83	20.06	20.47	9511615	193286912.00
2018/04/24	20.34	21.10	20.34	20.95	8837293	183858080.00
2018/04/25	20.90	21.37	20.80	21.29	6248206	132284272.00
数据来源:通达信
