600080 金花股份 日线 不复权
      日期	    开盘	    最高	    最低	    收盘	    成交量	    成交额
2017/03/27	11.58	11.66	11.46	11.47	3288483	37999324.00
2017/03/28	11.49	11.72	11.48	11.68	5174066	60044640.00
2017/03/29	11.65	11.74	11.48	11.66	5169678	60169736.00
2017/03/30	11.56	11.62	11.10	11.22	8372950	94274968.00
2017/03/31	11.22	11.98	11.18	11.58	8679652	99612968.00
2017/04/05	11.50	11.52	11.22	11.37	10747148	121460040.00
2017/04/06	11.35	11.36	11.25	11.29	4581586	51775712.00
2017/04/07	11.16	11.43	11.16	11.35	5026931	56923184.00
2017/04/10	11.22	11.41	11.21	11.22	3617045	40870600.00
2017/04/11	11.19	11.30	11.11	11.27	2959479	33143304.00
2017/04/12	11.30	11.43	11.19	11.29	4107681	46604676.00
2017/04/13	11.30	11.30	11.18	11.21	2740108	30754874.00
2017/04/14	11.25	11.28	10.85	10.88	3796408	42007960.00
2017/04/17	10.81	10.92	10.40	10.46	5678528	60378392.00
2017/04/18	10.48	10.69	10.23	10.37	3203280	33788524.00
2017/04/19	10.36	10.43	10.11	10.23	4182403	42845252.00
2017/04/20	10.20	10.30	10.06	10.17	2852233	29005668.00
2017/04/21	10.18	10.26	10.13	10.23	2473263	25241744.00
2017/04/24	10.23	10.23	9.72	9.75	4235719	41673240.00
2017/04/25	9.73	9.90	9.56	9.59	3651752	35470324.00
2017/04/26	9.60	9.82	9.59	9.81	2425048	23597892.00
2017/04/27	9.79	9.79	9.50	9.72	5335349	51529856.00
2017/04/28	9.70	9.91	9.61	9.89	3409857	33358688.00
2017/05/02	9.87	10.04	9.80	9.92	2871570	28500354.00
2017/05/03	9.90	9.99	9.85	9.96	2045821	20312620.00
2017/05/04	9.94	10.08	9.88	9.93	2152876	21468384.00
2017/05/05	9.93	9.98	9.51	9.80	2020534	19855156.00
2017/05/08	9.82	9.82	9.58	9.61	1884243	18174774.00
2017/05/09	9.56	9.68	9.39	9.62	2660263	25287290.00
2017/05/10	9.61	9.68	9.40	9.40	1728161	16526720.00
2017/05/11	9.41	9.41	9.03	9.28	2708210	24966092.00
2017/05/12	9.28	9.45	9.03	9.40	4369513	40497840.00
2017/05/15	9.32	9.40	9.23	9.34	2215357	20634582.00
2017/05/16	9.31	9.50	9.16	9.48	3066228	28614848.00
2017/05/17	9.47	9.68	9.45	9.60	3423400	32769468.00
2017/05/18	9.51	10.14	9.42	10.07	8415855	83448648.00
2017/05/19	9.99	10.05	9.73	9.80	4639948	45632232.00
2017/05/22	9.72	9.77	9.46	9.49	3355488	32206556.00
2017/05/23	9.55	9.55	8.98	9.46	4524077	41808764.00
2017/05/24	9.26	9.61	9.25	9.41	4039400	37946132.00
2017/05/25	9.43	9.51	9.10	9.30	4856001	45043260.00
2017/05/26	9.31	9.75	9.22	9.72	5382994	51074920.00
2017/05/31	9.98	9.98	9.20	9.23	7880091	74842224.00
2017/06/01	9.00	9.25	8.92	9.07	3205593	29249896.00
2017/06/02	9.09	9.25	8.97	9.18	2841815	25889200.00
2017/06/05	9.22	9.30	9.17	9.26	1713946	15847279.00
2017/06/06	9.27	9.27	9.15	9.24	1312201	12081521.00
2017/06/07	9.26	9.48	9.15	9.41	4169417	39080720.00
2017/06/08	9.41	9.52	9.34	9.37	2609341	24575160.00
2017/06/09	9.37	9.40	9.23	9.30	1664217	15484603.00
2017/06/12	9.35	9.77	9.28	9.52	12324502	118106736.00
2017/06/13	9.30	9.99	9.30	9.83	10004983	97555576.00
2017/06/14	9.78	10.01	9.72	9.88	5723279	56637536.00
2017/06/15	9.84	10.01	9.83	9.94	2902491	28876168.00
2017/06/16	9.98	10.08	9.90	9.95	2348354	23436388.00
2017/06/19	9.93	10.02	9.86	9.99	2982090	29633300.00
2017/06/20	10.07	10.07	9.84	9.92	3029854	30026792.00
2017/06/21	9.96	10.08	9.80	10.07	6235774	61982948.00
2017/06/22	10.03	10.08	9.88	9.92	2997499	29803584.00
2017/06/23	9.92	9.98	9.80	9.92	2435063	24026756.00
2017/06/26	9.92	9.94	9.73	9.93	6268001	61586632.00
2017/06/27	9.87	9.95	9.81	9.85	1612703	15932985.00
2017/06/28	9.85	10.08	9.80	10.04	3623291	36103000.00
2017/06/29	10.00	10.06	9.88	9.93	3539619	35195424.00
2017/06/30	9.89	10.13	9.88	10.08	2953996	29568100.00
2017/07/03	10.14	10.52	10.06	10.42	6700118	69635240.00
2017/07/04	10.40	10.58	10.31	10.47	3901543	40805864.00
2017/07/05	10.49	10.49	10.36	10.44	2763469	28817696.00
2017/07/06	10.45	10.54	10.37	10.52	2669458	27958556.00
2017/07/07	10.46	10.60	10.46	10.55	2813002	29608520.00
2017/07/10	10.51	10.65	10.19	10.55	4160077	43493512.00
2017/07/11	10.55	10.62	10.46	10.51	1821078	19170652.00
2017/07/12	10.51	10.51	10.29	10.40	4248302	44122236.00
2017/07/13	10.40	10.90	10.38	10.83	6803276	72693488.00
2017/07/14	10.78	10.83	10.60	10.74	2862270	30630848.00
2017/07/17	10.74	10.74	10.34	10.48	4983967	52306484.00
2017/07/18	10.42	11.09	10.40	10.97	6878375	74469744.00
2017/07/19	10.96	11.11	10.85	11.06	3830661	42153968.00
2017/07/20	11.13	11.13	10.80	10.83	3568041	38937864.00
2017/07/21	10.85	10.91	10.71	10.89	5086151	55042416.00
2017/07/24	10.83	10.95	10.77	10.89	1953500	21201880.00
2017/07/25	10.88	10.89	10.60	10.80	5842602	62879232.00
2017/07/26	10.87	10.87	10.68	10.79	2523564	27074504.00
2017/07/27	10.78	10.96	10.69	10.91	2499939	26990672.00
2017/07/28	10.92	10.95	10.75	10.76	1728323	18722360.00
2017/07/31	10.80	10.86	10.60	10.72	3022687	32250790.00
2017/08/01	10.72	10.83	10.65	10.70	2352580	25200988.00
2017/08/02	10.68	10.78	10.56	10.68	2080169	22173384.00
2017/08/03	10.66	10.77	10.62	10.72	1741575	18629070.00
2017/08/04	10.68	10.74	10.63	10.69	1706445	18207152.00
2017/08/07	10.70	11.20	10.68	11.10	6902295	76308992.00
2017/08/08	11.09	11.33	10.99	11.31	5157318	57921248.00
2017/08/09	11.30	11.36	11.13	11.19	2888108	32451854.00
2017/08/10	11.55	11.96	11.37	11.47	13764801	160533008.00
2017/08/11	11.42	11.42	11.07	11.16	3552328	39957236.00
2017/08/14	11.05	11.28	11.05	11.21	1362600	15284294.00
2017/08/15	11.24	11.27	11.13	11.24	2594060	29070612.00
2017/08/16	11.24	11.29	11.15	11.24	1127500	12629080.00
2017/08/17	11.24	11.25	10.95	11.12	3564700	39438888.00
2017/08/18	10.96	11.06	10.80	11.02	4648532	50625636.00
2017/08/21	10.99	11.06	10.94	11.06	1267101	13943035.00
2017/08/22	10.97	11.06	10.94	10.99	1115000	12246570.00
2017/08/23	10.93	11.05	10.80	11.00	1685201	18399396.00
2017/08/24	11.08	11.08	10.85	10.95	1474902	16108196.00
2017/08/25	10.98	11.07	10.90	11.04	1479036	16244021.00
2017/08/28	11.03	11.32	11.01	11.24	3891176	43431144.00
2017/08/29	11.24	11.37	11.19	11.25	1493901	16836512.00
2017/08/30	11.20	11.31	11.11	11.15	2055766	23030636.00
2017/08/31	11.20	11.23	11.08	11.12	1749250	19430120.00
2017/09/01	11.20	11.42	11.10	11.33	2829571	31842680.00
2017/09/04	11.30	11.32	11.14	11.16	1992800	22368880.00
2017/09/05	11.17	11.21	10.88	11.00	3726246	41014268.00
2017/09/06	10.98	11.05	10.90	10.97	1530270	16758888.00
2017/09/07	11.02	11.02	10.89	10.98	3099602	33897728.00
2017/09/08	10.98	10.98	10.85	10.94	1623101	17753416.00
2017/09/11	10.99	11.43	10.99	11.19	3798335	42665604.00
2017/09/12	11.17	11.40	11.15	11.39	3657153	41246632.00
2017/09/13	11.39	11.51	11.31	11.46	2611739	29846200.00
2017/09/14	11.46	11.51	11.30	11.36	2194030	25069060.00
2017/09/15	11.38	11.45	11.24	11.32	1581402	17897576.00
2017/09/18	11.28	11.36	11.22	11.31	1368145	15429596.00
2017/09/19	11.30	11.30	11.23	11.28	1542527	17374756.00
2017/09/20	11.33	11.33	11.21	11.29	1303837	14708972.00
2017/09/21	11.29	11.31	11.20	11.28	1870800	21027296.00
2017/09/22	11.30	11.30	11.15	11.15	785436	8787309.00
2017/09/25	11.21	11.23	10.90	10.99	3197792	35212540.00
2017/09/26	11.18	11.30	10.98	11.08	2216645	24628382.00
2017/09/27	11.15	11.45	10.97	11.37	3107057	34941512.00
2017/09/28	11.30	11.63	11.30	11.52	5786647	66556060.00
2017/09/29	11.60	11.88	11.54	11.81	5215588	61297544.00
2017/10/09	11.82	11.88	11.61	11.84	3417034	40125704.00
2017/10/10	11.84	11.85	11.67	11.71	3233673	37985864.00
2017/10/11	11.67	12.07	11.67	11.79	3535100	42073040.00
2017/10/12	11.85	11.85	11.70	11.79	1586912	18672442.00
2017/10/13	11.79	11.89	11.74	11.85	1704498	20154044.00
2017/10/16	11.90	11.92	11.65	11.80	2086899	24535204.00
2017/10/17	11.82	11.82	11.43	11.65	2423001	28049444.00
2017/10/18	11.61	11.72	11.35	11.39	1996748	22990430.00
2017/10/19	11.47	11.63	11.43	11.48	3659767	42219688.00
2017/10/20	11.54	11.63	11.42	11.62	2029869	23420520.00
2017/10/23	11.50	12.01	11.50	11.96	3453710	40912484.00
2017/10/24	11.98	12.18	11.88	11.96	4776389	57587608.00
2017/10/25	11.98	12.20	11.94	12.01	3461903	41841220.00
2017/10/26	12.13	12.19	11.98	12.10	2034632	24582864.00
2017/10/27	12.10	12.18	11.92	11.95	2557700	30680166.00
2017/10/30	11.94	11.94	11.00	11.38	7267657	82548488.00
2017/10/31	11.35	11.48	11.22	11.37	2389749	27103116.00
2017/11/01	11.44	11.44	11.22	11.23	2209669	25009412.00
2017/11/02	11.29	11.40	10.98	11.30	2256302	25262844.00
2017/11/03	11.30	11.35	11.12	11.34	1979400	22224800.00
2017/11/06	11.21	11.39	11.13	11.19	2432236	27254260.00
2017/11/07	11.18	11.25	10.94	11.04	3673508	40584360.00
2017/11/08	11.08	11.09	10.81	10.94	5746061	62796212.00
2017/11/09	10.90	10.92	10.60	10.73	5259929	56497192.00
2017/11/10	10.74	10.96	10.68	10.87	4189260	45389228.00
2017/11/13	10.91	10.96	10.75	10.84	2518647	27295012.00
2017/11/14	10.85	10.87	10.71	10.77	1912454	20628668.00
2017/11/15	10.85	10.92	10.78	10.85	1814138	19696024.00
2017/11/16	10.88	10.90	10.70	10.80	1458803	15802883.00
2017/11/17	10.83	10.86	9.72	9.72	16754478	164885232.00
2017/11/20	9.48	9.48	8.91	9.31	8353630	76873008.00
2017/11/21	9.28	9.70	9.21	9.64	4858243	46186244.00
2017/11/22	9.58	9.76	9.40	9.68	3531584	33870172.00
2017/11/23	9.68	9.68	9.40	9.58	2693649	25649598.00
2017/11/24	9.56	9.61	9.43	9.52	1576028	14953733.00
2017/11/27	9.55	9.55	9.10	9.20	2091289	19443332.00
2017/11/28	9.19	9.36	9.15	9.19	1593728	14719798.00
2017/11/29	9.22	9.27	9.08	9.12	1729900	15831039.00
2017/11/30	9.17	9.19	9.00	9.11	1031570	9410362.00
2017/12/01	9.30	9.30	9.10	9.13	1680340	15365690.00
2017/12/04	9.12	9.14	8.60	8.84	1935239	17398952.00
2017/12/05	8.85	8.96	8.50	8.58	2290803	19992426.00
2017/12/06	8.58	8.75	8.31	8.61	3278612	27795532.00
2017/12/07	8.57	8.69	8.49	8.61	2174200	18664188.00
2017/12/08	8.55	8.80	8.55	8.74	1888603	16445021.00
2017/12/11	8.77	8.86	8.70	8.76	1703001	14952269.00
2017/12/12	8.81	8.81	8.46	8.52	2497392	21419928.00
2017/12/13	8.59	8.68	8.48	8.64	1284701	11005930.00
2017/12/14	8.64	8.68	8.46	8.53	1611967	13726675.00
2017/12/15	8.54	8.57	8.45	8.50	1304322	11088631.00
2017/12/18	8.47	8.57	8.42	8.43	1551592	13171083.00
2017/12/19	8.49	8.58	8.41	8.54	2334948	19879040.00
2017/12/20	8.56	8.57	8.42	8.46	1529900	13029526.00
2017/12/21	8.44	8.56	8.28	8.42	1755689	14773469.00
2017/12/22	8.41	8.43	8.31	8.39	1340310	11225462.00
2017/12/25	8.38	8.38	8.10	8.15	1346562	11171295.00
2017/12/26	8.17	8.27	8.14	8.19	2296954	18804034.00
2017/12/27	8.21	8.27	8.03	8.03	2758674	22389318.00
2017/12/28	7.98	8.07	7.94	7.98	2982750	23869806.00
2017/12/29	8.07	8.21	7.91	8.17	6955348	56224280.00
2018/01/02	8.12	8.25	8.07	8.20	2970800	24241340.00
2018/01/03	8.23	8.48	8.07	8.37	5634994	46668628.00
2018/01/04	8.33	9.20	8.31	9.02	8669105	75934496.00
2018/01/05	8.88	8.88	8.66	8.73	5305696	46528624.00
2018/01/08	8.77	8.96	8.65	8.88	4535435	39878816.00
2018/01/09	8.88	9.35	8.74	9.19	6464364	58647168.00
2018/01/10	9.10	9.25	9.00	9.06	3453798	31394310.00
2018/01/11	9.05	9.05	8.73	8.93	3694707	32844600.00
2018/01/12	8.93	8.94	8.79	8.83	1986527	17552876.00
2018/01/15	8.82	8.83	8.60	8.63	2989312	25983796.00
2018/01/16	8.55	8.85	8.51	8.62	2590763	22413472.00
2018/01/17	8.67	8.72	8.51	8.55	2254337	19369346.00
2018/01/18	8.55	8.61	8.43	8.48	3554938	30250048.00
2018/01/19	8.49	8.75	8.41	8.60	5614406	48140528.00
2018/01/22	8.50	8.62	8.32	8.55	3173474	26941138.00
2018/01/23	8.57	8.62	8.40	8.47	2659128	22617508.00
2018/01/24	8.51	8.51	8.40	8.49	3116817	26320204.00
2018/01/25	8.48	8.70	8.40	8.48	5899592	50193908.00
2018/01/26	8.45	8.61	8.41	8.53	3832726	32628064.00
2018/01/29	8.56	8.60	7.80	8.56	6421757	53573324.00
2018/01/30	8.69	8.69	8.42	8.50	3316273	28321116.00
2018/01/31	8.41	8.64	8.31	8.58	6637601	56207028.00
2018/02/01	8.55	8.60	8.39	8.50	4927966	41733360.00
2018/02/02	8.53	8.65	7.65	8.59	11935580	98435648.00
2018/02/05	8.25	8.48	8.16	8.35	4239078	35474664.00
2018/02/06	7.52	7.99	7.52	7.52	18448200	139456000.00
2018/02/13	7.33	7.95	7.33	7.87	8654873	66890320.00
2018/02/14	7.80	8.40	7.80	8.36	4801552	38956032.00
2018/02/22	8.38	8.41	8.26	8.36	3166489	26386006.00
2018/02/23	8.36	8.41	8.24	8.38	2384086	19802400.00
2018/02/26	8.31	8.52	8.31	8.47	3256757	27411124.00
2018/02/27	8.49	8.64	8.42	8.54	3651757	31115226.00
2018/02/28	8.56	8.58	8.44	8.48	1846857	15684659.00
2018/03/01	8.49	8.53	8.41	8.50	1765257	14948891.00
2018/03/02	8.50	8.85	8.49	8.74	6136991	53513736.00
2018/03/05	8.80	9.16	8.80	9.11	9123001	82408480.00
2018/03/06	9.11	9.16	8.93	9.07	4101130	37145724.00
2018/03/07	9.06	9.15	8.97	9.08	2616165	23747536.00
2018/03/08	9.04	9.14	8.79	9.00	5322450	47767632.00
2018/03/09	9.02	9.08	8.81	8.99	4096276	36602944.00
2018/03/12	9.00	9.04	8.90	8.99	3076271	27620088.00
2018/03/13	8.99	9.12	8.93	8.94	2880500	25988944.00
2018/03/14	8.96	9.05	8.85	8.88	2663817	23746378.00
2018/03/15	8.91	8.94	8.81	8.92	1977257	17552250.00
2018/03/16	8.93	8.95	8.78	8.83	1779200	15793270.00
2018/03/19	8.86	9.13	8.83	9.12	5800561	52489488.00
2018/03/20	9.05	9.24	9.01	9.21	5636083	51705232.00
2018/03/21	9.17	9.29	9.05	9.14	4905236	44905444.00
2018/03/22	9.09	9.80	9.09	9.63	13944401	132529856.00
2018/03/23	9.58	9.67	9.22	9.66	13492893	128351824.00
2018/03/26	9.50	9.84	9.41	9.78	7657897	73590368.00
2018/03/27	9.90	9.95	9.70	9.80	6883716	67564728.00
2018/03/28	9.76	9.88	9.56	9.63	3974342	38449636.00
2018/03/29	9.64	10.29	9.64	10.01	8284373	82978528.00
2018/03/30	10.20	10.38	9.86	9.88	9413896	94734928.00
2018/04/02	9.88	9.95	9.69	9.86	5104950	50027672.00
2018/04/03	9.75	9.83	9.70	9.81	3372700	32967472.00
2018/04/04	9.89	9.98	9.71	9.76	3578400	35196204.00
2018/04/09	9.68	9.76	9.52	9.56	3650000	35012740.00
2018/04/10	9.61	9.69	9.51	9.62	2779939	26657430.00
2018/04/11	9.63	9.72	9.55	9.66	7390338	71189664.00
2018/04/12	9.66	9.71	9.58	9.63	3619200	34879868.00
2018/04/13	9.70	9.95	9.66	9.78	3614647	35432128.00
2018/04/16	9.84	9.85	9.66	9.77	3080424	29981424.00
2018/04/17	9.85	9.88	9.70	9.75	2706308	26435592.00
2018/04/18	9.95	9.95	9.61	9.78	3773786	36888884.00
2018/04/19	9.78	9.85	9.55	9.74	3569596	34553192.00
2018/04/20	9.73	9.78	9.47	9.72	3506273	33703704.00
2018/04/23	9.75	9.96	9.71	9.95	4765898	46867192.00
2018/04/24	9.99	10.26	9.90	10.23	5109413	51843064.00
2018/04/25	10.30	10.90	10.19	10.73	14962025	159372224.00
数据来源:通达信
