600089 特变电工 日线 不复权
      日期	    开盘	    最高	    最低	    收盘	    成交量	    成交额
2017/03/27	11.43	11.84	11.36	11.52	64576264	750309312.00
2017/03/28	11.41	11.46	11.19	11.26	54070281	610929216.00
2017/03/29	11.33	11.80	11.27	11.45	61465503	709476928.00
2017/03/30	11.48	11.67	11.27	11.39	56201411	641287552.00
2017/03/31	11.39	11.45	11.04	11.19	43639852	487471744.00
2017/04/05	11.19	11.45	11.16	11.40	35425273	402210368.00
2017/04/06	11.40	11.66	11.37	11.57	50022017	576612416.00
2017/04/07	11.58	11.77	11.42	11.45	46338659	536779264.00
2017/04/10	11.45	11.46	11.26	11.35	35689197	404544384.00
2017/04/11	11.34	11.57	11.27	11.56	44519514	510113024.00
2017/04/12	11.56	11.66	11.31	11.44	36212080	416089280.00
2017/04/13	11.35	11.54	11.30	11.51	24413025	278813344.00
2017/04/14	11.51	11.58	11.34	11.47	25398278	290204064.00
2017/04/17	11.42	11.80	11.37	11.77	60463478	706296768.00
2017/04/18	11.74	11.95	11.61	11.79	52079558	615958720.00
2017/04/19	11.78	12.07	11.70	12.00	69669173	830045952.00
2017/04/20	11.98	12.44	11.88	12.38	82658184	1016394688.00
2017/04/21	12.36	12.36	11.41	11.57	133871154	1583600512.00
2017/04/24	11.35	11.44	10.61	11.13	97491877	1070540928.00
2017/04/25	11.00	11.22	10.82	11.04	35428391	391513120.00
2017/04/26	11.00	11.20	10.91	10.98	33056781	365252160.00
2017/04/27	11.00	11.37	10.84	11.31	45923086	512656864.00
2017/04/28	11.32	11.37	11.18	11.33	26426715	298023360.00
2017/05/02	11.37	11.51	11.05	11.19	37793042	426301696.00
2017/05/03	11.15	11.39	11.05	11.22	37921690	426236000.00
2017/05/04	11.18	11.23	10.92	11.13	37522029	414493504.00
2017/05/05	11.03	11.15	10.76	11.12	50804955	558543744.00
2017/05/08	11.06	11.08	10.12	10.18	65907200	697714880.00
2017/05/09	10.12	10.39	10.05	10.23	34792779	355809600.00
2017/05/10	10.29	10.45	9.93	9.94	45285469	460408736.00
2017/05/11	9.93	10.26	9.83	10.25	42060888	422659904.00
2017/05/12	10.25	10.45	10.16	10.21	34584791	356289952.00
2017/05/15	10.34	10.45	9.99	10.04	39013685	396609920.00
2017/05/16	10.00	10.20	9.66	10.19	53953110	532320992.00
2017/05/17	10.21	10.32	10.09	10.27	39084539	399726464.00
2017/05/18	10.18	10.25	10.03	10.09	28565056	289424320.00
2017/05/19	10.13	10.16	10.02	10.12	19713448	198862816.00
2017/05/22	9.87	9.89	9.58	9.65	27048777	263996384.00
2017/05/23	9.65	9.73	9.35	9.48	25179411	240907072.00
2017/05/24	9.46	9.62	9.32	9.61	20776747	197277920.00
2017/05/25	9.55	9.66	9.35	9.63	45311646	430819744.00
2017/05/26	9.65	9.86	9.61	9.67	57740309	563863488.00
2017/05/31	9.74	9.82	9.60	9.66	59135619	574011136.00
2017/06/09	9.62	10.05	9.53	9.97	84109737	826202752.00
2017/06/12	9.88	9.94	9.73	9.81	39765107	390604768.00
2017/06/13	9.81	9.93	9.76	9.86	26102431	257636224.00
2017/06/14	9.83	9.93	9.79	9.82	21109820	207999136.00
2017/06/15	9.82	9.89	9.68	9.75	30558687	298140480.00
2017/06/16	9.73	9.82	9.71	9.74	14900321	145383200.00
2017/06/19	9.77	9.86	9.70	9.86	21234522	207962944.00
2017/06/20	9.89	9.93	9.80	9.83	23528172	231898080.00
2017/06/21	9.91	9.92	9.81	9.89	24082808	237636448.00
2017/06/22	9.86	10.09	9.81	9.89	57457805	573183296.00
2017/06/23	9.87	9.93	9.69	9.77	36818686	360967488.00
2017/06/26	9.80	10.18	9.77	10.17	75437801	758359488.00
2017/06/27	10.18	10.39	10.15	10.26	61811468	634544704.00
2017/06/28	10.25	10.43	10.11	10.30	46667176	479423520.00
2017/06/29	10.26	10.37	10.21	10.34	35734207	367528032.00
2017/06/30	10.27	10.43	10.25	10.33	30754857	317954304.00
2017/07/03	10.33	10.37	10.17	10.23	41860206	427628288.00
2017/07/04	10.22	10.31	10.17	10.20	30673220	313683456.00
2017/07/05	10.20	10.26	10.18	10.24	33696651	344137280.00
2017/07/06	10.24	10.31	10.04	10.10	49978179	506809024.00
2017/07/07	10.11	10.15	10.04	10.15	27891208	282030048.00
2017/07/10	10.14	10.19	10.08	10.15	28702708	290653248.00
2017/07/11	10.14	10.30	10.08	10.23	44490525	454137088.00
2017/07/12	10.23	10.24	9.90	9.98	53195028	532962080.00
2017/07/13	9.98	10.12	9.93	10.07	32854935	329506528.00
2017/07/14	10.08	10.09	9.94	9.97	26906872	268845440.00
2017/07/17	9.97	10.02	9.54	9.58	45907217	446130560.00
2017/07/18	9.55	9.70	9.55	9.68	24371909	234705616.00
2017/07/19	9.66	9.95	9.65	9.94	36495148	358700672.00
2017/07/20	10.00	10.05	9.88	9.91	33239855	330409728.00
2017/07/21	9.90	10.24	9.83	10.21	65671761	664093312.00
2017/07/24	10.25	10.40	10.15	10.31	65114293	670146240.00
2017/07/25	10.31	10.38	10.15	10.26	36720352	375596800.00
2017/07/26	10.26	10.30	10.07	10.16	33911791	344407936.00
2017/07/27	10.16	10.38	10.05	10.36	47542801	485004384.00
2017/07/28	10.36	10.42	10.16	10.19	44487168	457846176.00
2017/07/31	10.16	10.56	10.12	10.51	72273309	747572352.00
2017/08/01	10.58	10.66	10.45	10.58	70479460	743414336.00
2017/08/02	10.54	10.57	10.32	10.33	55297581	576916288.00
2017/08/03	10.36	10.72	10.36	10.66	89625412	950348288.00
2017/08/04	10.68	10.70	10.53	10.55	57633487	611641344.00
2017/08/07	10.51	10.60	10.35	10.47	47135548	491950720.00
2017/08/08	10.44	10.74	10.42	10.58	56103633	595913920.00
2017/08/09	10.55	10.55	10.30	10.40	56863403	590419520.00
2017/08/10	10.38	10.38	10.11	10.15	51145885	522470912.00
2017/08/11	10.05	10.13	9.80	9.85	66049968	657371840.00
2017/08/14	9.86	10.03	9.83	10.01	28510393	283512256.00
2017/08/15	10.01	10.05	9.86	9.94	39079748	389136032.00
2017/08/16	9.91	9.92	9.81	9.90	28511192	281146304.00
2017/08/17	9.92	10.00	9.88	9.99	28667225	284804128.00
2017/08/18	9.93	9.99	9.91	9.96	21510611	213924816.00
2017/08/21	9.97	10.03	9.92	9.98	27102434	269860640.00
2017/08/22	9.98	10.00	9.83	9.86	35806507	354084288.00
2017/08/23	9.87	9.89	9.73	9.75	31502469	308051488.00
2017/08/24	9.75	9.77	9.62	9.66	25742001	249154608.00
2017/08/25	9.68	9.85	9.63	9.82	35647858	347827168.00
2017/08/28	9.83	9.93	9.80	9.91	37378825	369549344.00
2017/08/29	10.01	10.05	9.93	9.97	40127470	400618816.00
2017/08/30	9.95	10.02	9.94	10.00	27176776	271050208.00
2017/08/31	10.00	10.12	9.95	10.04	33376213	334571552.00
2017/09/01	10.05	10.10	9.99	10.02	28584818	286708640.00
2017/09/04	10.01	10.03	9.94	9.96	34647755	345882144.00
2017/09/05	9.97	10.02	9.94	9.97	25874461	258025616.00
2017/09/06	9.95	10.06	9.88	10.04	42031956	418893056.00
2017/09/07	10.04	10.04	9.96	9.97	27118572	271075968.00
2017/09/08	9.96	10.03	9.93	9.94	30890819	308151712.00
2017/09/11	9.97	10.16	9.91	10.15	49410751	497457568.00
2017/09/12	10.19	10.26	10.10	10.15	58751439	597597568.00
2017/09/13	10.12	10.29	10.10	10.28	51509579	524941568.00
2017/09/14	10.32	10.55	10.29	10.36	122809623	1281198592.00
2017/09/15	10.33	10.39	10.18	10.21	42502242	436140480.00
2017/09/18	10.23	10.28	10.19	10.22	25973722	265694272.00
2017/09/19	10.22	10.39	10.20	10.28	42680015	440733312.00
2017/09/20	10.25	10.28	10.16	10.23	30955175	316433088.00
2017/09/21	10.28	10.40	10.19	10.20	41007885	421349024.00
2017/09/22	10.17	10.20	10.06	10.11	30611174	309898624.00
2017/09/25	10.07	10.09	9.85	9.89	42913000	427792224.00
2017/09/26	9.87	9.93	9.85	9.93	18993459	187882912.00
2017/09/27	9.93	9.93	9.85	9.89	23331901	230665472.00
2017/09/28	9.89	9.90	9.78	9.80	26481263	260380224.00
2017/09/29	9.80	9.91	9.80	9.86	18853453	185759536.00
2017/10/09	9.99	10.01	9.90	9.94	29389766	292645280.00
2017/10/10	9.94	9.97	9.88	9.96	28713943	284964800.00
2017/10/11	9.95	10.18	9.94	10.13	51557642	520490592.00
2017/10/12	10.10	10.15	9.99	10.08	26503387	266857328.00
2017/10/13	10.08	10.12	10.01	10.11	22609353	227588160.00
2017/10/16	10.13	10.16	9.90	9.91	33802389	337980192.00
2017/10/17	9.92	9.94	9.86	9.90	19750689	195541888.00
2017/10/18	9.91	9.94	9.85	9.87	19398074	192109408.00
2017/10/19	9.86	9.90	9.71	9.75	26200256	256913280.00
2017/10/20	9.70	9.89	9.70	9.87	16823294	164843792.00
2017/10/23	9.86	9.92	9.82	9.85	15849910	156267616.00
2017/10/24	9.86	10.04	9.82	10.03	45255875	450855744.00
2017/10/25	10.02	10.02	9.93	10.00	26056985	259825360.00
2017/10/26	9.98	10.16	9.95	10.12	52668184	531576896.00
2017/10/27	10.10	10.16	10.01	10.11	36674181	369537120.00
2017/10/30	9.96	10.09	9.74	10.07	81089592	800203264.00
2017/10/31	9.97	10.13	9.96	10.04	32867338	329931552.00
2017/11/01	10.00	10.30	9.97	10.22	89244962	907992896.00
2017/11/02	10.17	10.33	10.11	10.22	67015203	685469888.00
2017/11/03	10.19	10.24	9.85	10.16	72083632	725248064.00
2017/11/06	10.10	10.25	10.03	10.24	39920272	404749056.00
2017/11/07	10.25	10.44	10.14	10.21	85827923	884821312.00
2017/11/08	10.19	10.53	10.08	10.48	111408372	1153133568.00
2017/11/09	10.46	10.56	10.37	10.51	77856963	815330880.00
2017/11/10	10.47	11.24	10.44	11.12	218926869	2387101952.00
2017/11/13	11.17	11.32	10.92	11.24	152377215	1697022336.00
2017/11/14	11.19	11.43	10.97	11.01	141899236	1586612992.00
2017/11/15	10.98	11.09	10.67	10.74	133655220	1445298432.00
2017/11/16	10.72	10.91	10.67	10.85	82871463	895621568.00
2017/11/17	10.82	10.92	10.47	10.59	124067033	1322775040.00
2017/11/20	10.51	10.77	10.45	10.73	76226716	808859136.00
2017/11/21	10.68	10.99	10.66	10.87	107069857	1159845632.00
2017/11/22	10.90	10.98	10.52	10.69	93806219	1009046464.00
2017/11/23	10.67	10.82	10.24	10.32	102839063	1081854976.00
2017/11/24	10.25	10.34	10.18	10.28	45652384	468465184.00
2017/11/27	10.23	10.28	9.95	9.97	54620078	550139008.00
2017/11/28	9.98	10.20	9.98	10.16	37849319	381897728.00
2017/11/29	10.17	10.20	9.95	10.16	43013301	432992544.00
2017/11/30	10.10	10.13	9.96	10.00	28746270	288704576.00
2017/12/01	10.00	10.10	9.95	10.01	23084275	231389984.00
2017/12/04	10.01	10.03	9.88	9.89	32059200	318849024.00
2017/12/05	9.89	9.93	9.58	9.69	56274694	548629056.00
2017/12/06	9.67	9.75	9.58	9.74	28546598	276032352.00
2017/12/07	9.75	9.76	9.65	9.66	19734324	191227440.00
2017/12/08	9.64	9.82	9.62	9.79	26793917	261178416.00
2017/12/11	9.79	9.88	9.75	9.86	29186541	286815872.00
2017/12/12	9.87	9.88	9.66	9.67	24541580	239258416.00
2017/12/13	9.65	9.72	9.61	9.71	22609702	218716960.00
2017/12/14	9.70	9.73	9.66	9.68	17784972	172342752.00
2017/12/15	9.69	9.70	9.49	9.59	33652719	322090656.00
2017/12/18	9.55	9.62	9.52	9.56	12744644	121944608.00
2017/12/19	9.58	9.75	9.56	9.74	20759347	201389824.00
2017/12/20	9.71	9.73	9.61	9.66	14540955	140673376.00
2017/12/21	9.65	9.81	9.55	9.75	30342059	294697984.00
2017/12/22	9.75	10.01	9.72	9.89	47088380	466713696.00
2017/12/25	9.92	9.99	9.73	9.80	35038260	345814176.00
2017/12/26	9.76	10.02	9.75	9.97	32722206	323777536.00
2017/12/27	9.93	9.95	9.79	9.82	23484226	231820816.00
2017/12/28	9.80	9.95	9.78	9.87	22997113	227315808.00
2017/12/29	9.90	9.94	9.84	9.91	17295906	171017216.00
2018/01/02	9.91	10.07	9.86	10.05	38295844	382708032.00
2018/01/03	10.03	10.23	10.01	10.16	50935107	516941536.00
2018/01/04	10.17	10.19	10.07	10.16	31159824	315181280.00
2018/01/05	10.13	10.13	10.00	10.03	38560733	387385344.00
2018/01/08	10.01	10.25	10.00	10.24	49849173	505823456.00
2018/01/09	10.20	10.30	10.03	10.11	43433552	439280160.00
2018/01/10	10.10	10.15	9.89	9.93	50687441	505730176.00
2018/01/11	9.92	9.99	9.89	9.95	26042484	258675920.00
2018/01/12	9.94	9.94	9.80	9.90	41250549	406566400.00
2018/01/15	9.84	9.85	9.62	9.66	41698873	404900352.00
2018/01/16	9.64	9.72	9.62	9.72	26907386	260116736.00
2018/01/17	9.72	9.92	9.63	9.83	38820529	380025536.00
2018/01/18	9.81	9.87	9.77	9.84	23501646	230704448.00
2018/01/19	9.84	10.20	9.80	10.11	88415972	886522240.00
2018/01/22	10.22	10.23	10.02	10.14	54514791	551611968.00
2018/01/23	10.13	10.21	10.05	10.12	35807846	361745088.00
2018/01/24	10.08	10.36	10.04	10.25	71987971	733122880.00
2018/01/25	10.22	10.23	10.08	10.09	48894872	495941376.00
2018/01/26	10.06	10.19	10.05	10.08	39113686	395787552.00
2018/01/29	10.11	10.18	9.89	9.92	51061810	512962304.00
2018/01/30	9.92	9.96	9.78	9.81	40096721	394680672.00
2018/01/31	9.78	9.83	9.72	9.81	28832044	281858432.00
2018/02/01	9.80	9.91	9.52	9.54	52665990	510068992.00
2018/02/02	9.50	9.62	9.36	9.61	31148402	296453184.00
2018/02/05	9.50	9.64	9.45	9.58	29565973	282916960.00
2018/02/06	9.39	9.48	9.02	9.04	51766437	478564512.00
2018/02/07	9.21	9.23	8.88	9.01	30501270	276752736.00
2018/02/08	8.98	9.11	8.93	9.05	18670890	168921520.00
2018/02/09	8.88	8.92	8.51	8.60	39028054	339352512.00
2018/02/12	8.60	8.74	8.60	8.69	21146385	183691232.00
2018/02/13	8.78	8.82	8.66	8.67	21809336	190857328.00
2018/02/14	8.69	8.75	8.61	8.73	13705140	119241176.00
2018/02/22	8.81	8.92	8.77	8.88	19638707	173958320.00
2018/02/23	8.90	8.95	8.85	8.90	15930719	141768848.00
2018/02/26	8.93	9.08	8.88	9.07	22264948	200253568.00
2018/02/27	9.07	9.09	8.96	9.00	15877056	143097328.00
2018/02/28	8.99	9.04	8.93	9.01	16218123	145906928.00
2018/03/01	8.97	9.19	8.93	9.11	31098652	282672096.00
2018/03/02	9.08	9.08	8.98	9.02	17402217	157155840.00
2018/03/05	9.02	9.08	9.00	9.04	11527211	104042224.00
2018/03/06	9.04	9.16	8.99	9.15	24725796	224539040.00
2018/03/07	9.13	9.14	8.99	9.01	19459156	176563424.00
2018/03/08	9.02	9.08	8.98	9.08	19522852	176072560.00
2018/03/09	9.09	9.14	9.02	9.13	28280235	256934400.00
2018/03/12	9.15	9.23	9.12	9.21	31809884	291910528.00
2018/03/13	9.21	9.21	9.13	9.14	17722189	162191472.00
2018/03/14	9.13	9.18	9.08	9.09	19757840	180179696.00
2018/03/15	9.06	9.08	8.98	9.05	17450848	157421152.00
2018/03/16	9.05	9.07	8.97	8.98	12150195	109560440.00
2018/03/19	8.95	8.98	8.89	8.91	15238952	136057072.00
2018/03/20	8.87	8.98	8.85	8.95	13548124	120975440.00
2018/03/21	8.98	9.13	8.96	8.99	24441731	221489216.00
2018/03/22	8.99	9.08	8.88	9.04	19324284	173522560.00
2018/03/23	8.85	8.86	8.39	8.73	40055948	347848704.00
2018/03/26	8.61	8.78	8.45	8.75	19366316	167092480.00
2018/03/27	8.84	8.86	8.74	8.81	19280047	169854944.00
2018/03/28	8.72	8.79	8.68	8.73	14694268	128168848.00
2018/03/29	8.81	8.84	8.73	8.81	16978260	149191008.00
2018/03/30	8.82	8.84	8.76	8.82	18089992	159048032.00
2018/04/02	8.84	8.92	8.79	8.85	21692608	192273792.00
2018/04/03	8.77	8.81	8.71	8.73	16588233	145070800.00
2018/04/04	8.76	8.84	8.70	8.72	14859731	130298800.00
2018/04/09	8.68	8.72	8.61	8.65	13629887	117921600.00
2018/04/10	8.65	8.76	8.62	8.76	15382731	133581096.00
2018/04/11	8.77	8.81	8.73	8.75	14150647	124042824.00
2018/04/12	8.73	8.76	8.65	8.67	12470609	108378872.00
2018/04/13	8.73	8.74	8.66	8.67	8212932	71411504.00
2018/04/16	8.75	8.75	8.60	8.67	12317752	106715528.00
2018/04/17	8.64	8.64	8.45	8.49	23017944	196592096.00
2018/04/18	8.51	8.55	8.22	8.37	25901253	216993472.00
2018/04/19	8.38	8.44	8.30	8.41	14711284	123469416.00
2018/04/20	8.41	8.41	8.13	8.14	22582605	186153984.00
2018/04/23	8.08	8.14	7.97	8.02	21710404	174479312.00
2018/04/24	8.00	8.19	7.99	8.17	18071339	147027792.00
2018/04/25	8.14	8.19	8.10	8.14	9497704	77310776.00
数据来源:通达信
