600063 皖维高新 日线 不复权
      日期	    开盘	    最高	    最低	    收盘	    成交量	    成交额
2017/03/27	5.02	5.07	4.97	4.99	15373796	76951280.00
2017/03/28	4.99	5.00	4.92	4.94	11239231	55645608.00
2017/03/29	4.95	5.01	4.89	4.92	19352248	95780904.00
2017/03/30	4.92	4.94	4.82	4.89	20794444	101339288.00
2017/03/31	4.89	4.93	4.85	4.88	10855917	53083288.00
2017/04/05	4.88	4.99	4.88	4.98	25821118	127893016.00
2017/04/06	4.98	5.03	4.96	5.01	20878994	104353744.00
2017/04/07	5.00	5.05	4.97	5.04	22434183	112797488.00
2017/04/10	5.04	5.04	4.98	5.01	16788261	84018896.00
2017/04/11	5.02	5.03	4.94	5.02	21769052	108575808.00
2017/04/12	5.00	5.00	4.92	4.98	18936702	94069104.00
2017/04/13	4.97	5.07	4.94	5.06	26788474	134933360.00
2017/04/14	5.05	5.06	4.86	4.92	23447970	116698328.00
2017/04/17	4.91	4.97	4.85	4.89	17645033	86652192.00
2017/04/18	4.89	4.95	4.72	4.74	25838812	124997152.00
2017/04/19	4.70	4.74	4.61	4.71	19471981	90998832.00
2017/04/20	4.71	4.76	4.63	4.68	15320152	72108280.00
2017/04/21	4.69	4.73	4.68	4.70	6132601	28831978.00
2017/04/24	4.70	4.71	4.57	4.58	13832525	63971396.00
2017/04/25	4.58	4.64	4.58	4.60	7601200	35025884.00
2017/04/26	4.58	4.62	4.55	4.55	8712577	39954160.00
2017/04/27	4.55	4.59	4.38	4.58	16537439	74280952.00
2017/04/28	4.56	4.58	4.53	4.56	7141610	32587844.00
2017/05/02	4.52	4.61	4.49	4.58	6959360	31748472.00
2017/05/03	4.58	4.61	4.55	4.60	6727507	30827674.00
2017/05/04	4.60	4.60	4.52	4.54	8923700	40682224.00
2017/05/05	4.51	4.54	4.41	4.53	11303344	50837620.00
2017/05/08	4.49	4.51	4.19	4.22	18724632	81803248.00
2017/05/09	4.29	4.37	4.25	4.33	9316261	40159740.00
2017/05/10	4.30	4.34	4.18	4.20	12728715	54178824.00
2017/05/11	4.17	4.21	4.08	4.19	12243806	50775008.00
2017/05/12	4.18	4.21	4.15	4.18	5722003	23934436.00
2017/05/15	4.20	4.22	4.16	4.17	4547500	19016508.00
2017/05/16	4.15	4.25	4.09	4.24	14817074	61587952.00
2017/05/17	4.23	4.28	4.21	4.23	8767654	37213000.00
2017/05/18	4.18	4.24	4.13	4.21	5851959	24575872.00
2017/05/19	4.21	4.24	4.20	4.23	5370381	22657732.00
2017/05/22	4.22	4.23	4.13	4.15	7098640	29687710.00
2017/05/23	4.17	4.20	3.99	4.00	11393841	46552384.00
2017/05/24	4.00	4.01	3.91	4.01	8365192	33143036.00
2017/05/25	3.98	4.08	3.90	4.05	12846039	51348000.00
2017/05/26	4.03	4.08	4.02	4.04	5888642	23868452.00
2017/05/31	4.08	4.13	4.03	4.04	9761000	39834560.00
2017/06/01	4.05	4.06	3.91	3.96	6330330	25278930.00
2017/06/02	3.92	4.06	3.92	4.03	6870654	27345906.00
2017/06/05	4.04	4.08	4.02	4.05	4324981	17514080.00
2017/06/06	4.06	4.08	4.03	4.07	4991800	20247764.00
2017/06/07	4.07	4.14	4.06	4.14	10090820	41434736.00
2017/06/08	4.13	4.14	4.10	4.13	6099944	25129850.00
2017/06/09	4.13	4.13	4.05	4.10	8097310	33032336.00
2017/06/12	4.07	4.08	4.01	4.01	6494358	26230084.00
2017/06/13	4.00	4.08	4.00	4.06	7752173	31392720.00
2017/06/14	4.06	4.08	4.04	4.07	4907401	19908164.00
2017/06/15	4.05	4.13	4.05	4.11	10035229	41119984.00
2017/06/16	4.10	4.11	4.06	4.07	7953485	32500384.00
2017/06/19	4.07	4.14	4.07	4.13	10171094	41780628.00
2017/06/20	4.13	4.17	4.10	4.14	8827966	36527552.00
2017/06/21	4.14	4.19	4.14	4.16	8391294	34889652.00
2017/06/22	4.15	4.16	4.07	4.07	8108379	33407756.00
2017/06/23	4.06	4.10	4.03	4.09	6180160	25128324.00
2017/06/26	4.07	4.13	4.04	4.13	7277564	29809360.00
2017/06/27	4.13	4.15	4.10	4.13	8539333	35217512.00
2017/06/28	4.11	4.14	4.10	4.12	6904400	28426718.00
2017/06/29	4.11	4.16	4.11	4.15	8521815	35282064.00
2017/06/30	4.15	4.15	4.12	4.13	5142332	21270420.00
2017/07/03	4.14	4.17	4.12	4.17	9226517	38264012.00
2017/07/04	4.17	4.21	4.15	4.18	11326736	47367680.00
2017/07/05	4.18	4.24	4.16	4.23	11663446	49074240.00
2017/07/06	4.22	4.36	4.22	4.30	26198883	112462128.00
2017/07/07	4.28	4.37	4.24	4.33	13612700	58538212.00
2017/07/10	4.34	4.43	4.32	4.35	14281685	62389640.00
2017/07/11	4.34	4.40	4.27	4.28	11277800	48610728.00
2017/07/12	4.27	4.32	4.20	4.27	12081269	51405356.00
2017/07/13	4.25	4.33	4.25	4.29	9859179	42403324.00
2017/07/14	4.29	4.30	4.24	4.26	6214770	26510518.00
2017/07/17	4.24	4.26	4.00	4.00	24658796	100807880.00
2017/07/18	3.99	4.09	3.97	4.07	10711774	43130644.00
2017/07/19	4.07	4.18	4.05	4.16	16718656	69087024.00
2017/07/20	4.17	4.33	4.17	4.27	25087253	107123616.00
2017/07/21	4.28	4.32	4.21	4.31	18108724	77255568.00
2017/07/24	4.30	4.32	4.26	4.30	16983458	72836360.00
2017/07/25	4.36	4.36	4.22	4.27	15796403	67425584.00
2017/07/26	4.25	4.48	4.22	4.43	39672657	172752224.00
2017/07/27	4.37	4.41	4.28	4.37	25583038	111436584.00
2017/07/28	4.34	4.38	4.31	4.35	15576203	67744448.00
2017/07/31	4.35	4.43	4.33	4.43	20341402	89423400.00
2017/08/01	4.44	4.46	4.36	4.41	17751454	78169344.00
2017/08/02	4.42	4.45	4.30	4.34	23321899	102062736.00
2017/08/03	4.34	4.39	4.34	4.35	14186423	61819596.00
2017/08/04	4.36	4.78	4.36	4.59	80623412	369105376.00
2017/08/07	4.58	4.68	4.53	4.65	41201948	189945136.00
2017/08/08	4.63	4.66	4.55	4.60	24924571	114585968.00
2017/08/09	4.61	4.62	4.49	4.57	21818543	99117808.00
2017/08/10	4.55	4.63	4.51	4.58	26777477	122309672.00
2017/08/11	4.55	4.55	4.35	4.36	29464700	131355288.00
2017/08/14	4.37	4.44	4.37	4.44	13192348	58312368.00
2017/08/15	4.45	4.46	4.40	4.44	11075906	48996116.00
2017/08/16	4.44	4.52	4.41	4.47	14103400	63031148.00
2017/08/17	4.47	4.57	4.47	4.55	15521693	70254016.00
2017/08/18	4.54	4.54	4.46	4.48	13471405	60513648.00
2017/08/21	4.49	4.52	4.47	4.50	10271247	46134088.00
2017/08/22	4.51	4.60	4.44	4.57	26614355	120638056.00
2017/08/23	4.55	4.63	4.49	4.54	20347151	92765504.00
2017/08/24	4.52	4.59	4.39	4.42	23848688	106469144.00
2017/08/25	4.40	4.49	4.40	4.46	12082887	53812440.00
2017/08/28	4.45	4.51	4.44	4.49	14108503	63211368.00
2017/08/29	4.48	4.55	4.46	4.51	15973450	71940336.00
2017/08/30	4.49	4.50	4.46	4.48	10015700	44880928.00
2017/08/31	4.47	4.49	4.43	4.48	12137563	54068044.00
2017/09/01	4.47	4.52	4.45	4.48	12599141	56513660.00
2017/09/04	4.48	4.54	4.48	4.51	11831212	53315464.00
2017/09/05	4.51	4.51	4.44	4.46	13120590	58634608.00
2017/09/06	4.47	4.52	4.44	4.48	15245200	68274536.00
2017/09/07	4.49	4.52	4.41	4.41	20451610	91020712.00
2017/09/08	4.43	4.46	4.40	4.42	12375710	54748916.00
2017/09/11	4.43	4.53	4.43	4.52	29049378	130788920.00
2017/09/12	4.52	4.55	4.48	4.49	13772648	62060100.00
2017/09/13	4.57	4.65	4.52	4.64	40822470	187112720.00
2017/09/14	4.69	4.84	4.66	4.68	67803206	321873984.00
2017/09/15	4.67	4.69	4.55	4.59	30152121	138531424.00
2017/09/18	4.59	4.65	4.55	4.64	20895061	96042344.00
2017/09/19	4.62	4.62	4.55	4.58	17079170	78144344.00
2017/09/20	4.58	4.59	4.53	4.57	11052933	50455612.00
2017/09/21	4.56	4.61	4.50	4.51	13881616	63263552.00
2017/09/22	4.52	4.53	4.44	4.52	15868277	71018144.00
2017/09/25	4.52	4.54	4.44	4.46	9306900	41766248.00
2017/09/26	4.46	4.50	4.45	4.48	6902100	30899360.00
2017/09/27	4.49	4.50	4.44	4.45	9808168	43866380.00
2017/09/28	4.46	4.47	4.42	4.43	8868463	39414900.00
2017/09/29	4.42	4.48	4.41	4.47	7670662	34162488.00
2017/10/09	4.51	4.55	4.50	4.53	13531285	61184932.00
2017/10/10	4.53	4.55	4.49	4.55	9619873	43448748.00
2017/10/11	4.55	4.55	4.50	4.52	8604462	38879364.00
2017/10/12	4.52	4.56	4.51	4.55	11396759	51665168.00
2017/10/13	4.55	4.57	4.52	4.53	9695250	44018840.00
2017/10/16	4.52	4.53	4.42	4.43	15801424	70475736.00
2017/10/17	4.43	4.45	4.40	4.42	7885184	34920564.00
2017/10/18	4.42	4.44	4.33	4.34	16357304	71592080.00
2017/10/19	4.33	4.35	4.21	4.23	14426304	61440064.00
2017/10/20	4.26	4.27	4.22	4.27	5445212	23163036.00
2017/10/23	4.28	4.29	4.23	4.27	10631084	45212716.00
2017/10/24	4.27	4.29	4.24	4.28	7670626	32662716.00
2017/10/25	4.26	4.27	4.23	4.26	10301988	43830060.00
2017/10/26	4.26	4.29	4.24	4.28	10397230	44424956.00
2017/10/27	4.28	4.30	4.23	4.25	8218914	35067940.00
2017/10/30	4.24	4.24	4.09	4.10	14670113	60661768.00
2017/10/31	4.11	4.18	4.09	4.16	9123791	37719240.00
2017/11/01	4.16	4.18	4.12	4.13	7098400	29464844.00
2017/11/02	4.12	4.14	4.05	4.05	8133896	33262900.00
2017/11/03	4.12	4.19	4.07	4.10	15191432	62879564.00
2017/11/06	4.05	4.12	4.04	4.11	7645113	31210632.00
2017/11/07	4.12	4.14	4.08	4.12	6703286	27544716.00
2017/11/08	4.11	4.16	4.10	4.13	8391260	34723104.00
2017/11/09	4.13	4.15	4.11	4.13	6713133	27692398.00
2017/11/10	4.13	4.14	4.08	4.10	8393256	34418480.00
2017/11/13	4.09	4.10	4.06	4.07	8061399	32872366.00
2017/11/14	4.06	4.09	4.05	4.07	6160196	25030588.00
2017/11/15	4.07	4.12	4.05	4.06	10209664	41694180.00
2017/11/16	4.08	4.12	4.07	4.08	10108343	41433884.00
2017/11/17	4.07	4.08	3.94	3.96	14313600	57316400.00
2017/11/20	3.94	3.99	3.86	3.97	8648941	33867980.00
2017/11/21	3.96	3.99	3.95	3.98	7263089	28825888.00
2017/11/22	3.98	4.01	3.90	3.94	9852936	38971168.00
2017/11/23	3.93	3.95	3.86	3.88	7594280	29674386.00
2017/11/24	3.89	3.90	3.84	3.88	5828498	22549592.00
2017/11/27	3.88	3.89	3.85	3.86	4541100	17568162.00
2017/11/28	3.85	3.90	3.85	3.89	4353500	16897204.00
2017/11/29	3.90	3.92	3.87	3.91	6041703	23548114.00
2017/11/30	3.90	3.92	3.87	3.88	5443590	21187328.00
2017/12/01	3.88	3.90	3.86	3.90	4963489	19264636.00
2017/12/04	3.88	3.90	3.84	3.85	6444488	24954440.00
2017/12/05	3.86	3.86	3.70	3.74	8560120	32414972.00
2017/12/06	3.72	3.76	3.69	3.76	6500521	24213126.00
2017/12/07	3.74	3.83	3.72	3.80	9299288	35157080.00
2017/12/08	3.79	3.84	3.79	3.82	6243534	23871476.00
2017/12/11	3.83	3.88	3.81	3.86	6001404	23116440.00
2017/12/12	3.86	3.87	3.78	3.81	7449313	28378936.00
2017/12/13	3.79	3.81	3.77	3.80	4324000	16384673.00
2017/12/14	3.80	3.80	3.75	3.78	4847460	18293428.00
2017/12/15	3.78	3.81	3.74	3.80	5271942	19899244.00
2017/12/18	3.81	3.82	3.76	3.81	4879501	18535664.00
2017/12/19	3.82	3.85	3.80	3.84	4911700	18782800.00
2017/12/20	3.84	3.84	3.78	3.80	4291800	16383340.00
2017/12/21	3.80	3.81	3.75	3.79	3711720	14038188.00
2017/12/22	3.79	3.80	3.75	3.77	4259017	16073697.00
2017/12/25	3.77	3.78	3.71	3.71	5004696	18695734.00
2017/12/26	3.71	3.73	3.69	3.73	6030460	22390156.00
2017/12/27	3.72	3.73	3.70	3.71	5176011	19212366.00
2017/12/28	3.71	3.74	3.70	3.74	5997269	22337060.00
2017/12/29	3.74	3.74	3.71	3.74	4587299	17095964.00
2018/01/02	3.74	3.84	3.73	3.81	9993099	37918256.00
2018/01/03	3.81	3.90	3.81	3.86	10998333	42490336.00
2018/01/04	3.86	3.88	3.83	3.87	7606989	29377212.00
2018/01/05	3.86	3.92	3.84	3.90	8258679	32113422.00
2018/01/08	3.90	3.92	3.88	3.91	5300484	20665492.00
2018/01/09	3.91	3.91	3.85	3.87	6286061	24393674.00
2018/01/10	3.87	3.89	3.83	3.86	5075409	19612436.00
2018/01/11	3.85	3.87	3.83	3.87	3929723	15119258.00
2018/01/12	3.86	3.87	3.83	3.84	4588401	17650506.00
2018/01/15	3.84	3.84	3.72	3.75	7178391	27095192.00
2018/01/16	3.73	3.76	3.72	3.75	6223781	23276048.00
2018/01/17	3.74	3.76	3.71	3.75	5559281	20769064.00
2018/01/18	3.74	3.79	3.73	3.79	5255706	19794120.00
2018/01/19	3.80	3.80	3.74	3.77	5869311	22128532.00
2018/01/22	3.76	3.79	3.73	3.79	6412326	24103840.00
2018/01/23	3.78	3.84	3.77	3.83	7231124	27551668.00
2018/01/24	3.81	3.83	3.78	3.80	9789825	37260720.00
2018/01/25	3.80	3.86	3.75	3.83	17768959	67609656.00
2018/01/26	3.80	3.82	3.78	3.79	8825100	33525142.00
2018/01/29	3.79	3.82	3.77	3.79	6812456	25821964.00
2018/01/30	3.78	3.81	3.77	3.78	5132300	19428776.00
2018/01/31	3.78	3.78	3.62	3.65	11892400	44069364.00
2018/02/01	3.65	3.67	3.46	3.47	13771609	48828652.00
2018/02/02	3.47	3.47	3.30	3.40	9325502	31583954.00
2018/02/05	3.37	3.45	3.34	3.43	6598605	22549886.00
2018/02/06	3.39	3.42	3.16	3.16	16253202	53248460.00
2018/02/07	3.24	3.28	3.11	3.21	9448661	30244552.00
2018/02/08	3.19	3.25	3.18	3.22	7649702	24661668.00
2018/02/09	3.16	3.17	3.04	3.08	11532543	35846632.00
2018/02/12	3.08	3.19	3.08	3.17	8178309	25799412.00
2018/02/13	3.20	3.25	3.16	3.22	9273499	29894222.00
2018/02/14	3.23	3.25	3.20	3.22	4415800	14253511.00
2018/02/22	3.25	3.31	3.24	3.29	5337981	17506968.00
2018/02/23	3.27	3.31	3.27	3.30	4731689	15582799.00
2018/02/26	3.31	3.35	3.28	3.34	7440073	24692046.00
2018/02/27	3.34	3.36	3.30	3.31	5723203	19037064.00
2018/02/28	3.29	3.33	3.28	3.33	4976900	16485598.00
2018/03/01	3.33	3.36	3.30	3.36	6825837	22768492.00
2018/03/02	3.35	3.42	3.33	3.36	8539536	28783536.00
2018/03/05	3.35	3.36	3.31	3.34	6747539	22482310.00
2018/03/06	3.35	3.38	3.32	3.37	5973900	20067540.00
2018/03/07	3.41	3.45	3.37	3.38	11041561	37732356.00
2018/03/08	3.38	3.41	3.36	3.40	6292580	21303924.00
2018/03/09	3.40	3.45	3.38	3.43	8681533	29631066.00
2018/03/12	3.43	3.47	3.42	3.46	8109128	27969446.00
2018/03/13	3.46	3.51	3.44	3.46	9541618	33158088.00
2018/03/14	3.44	3.46	3.41	3.41	5815618	20001230.00
2018/03/15	3.41	3.43	3.37	3.41	5084416	17265850.00
2018/03/16	3.42	3.42	3.38	3.39	4577500	15571135.00
2018/03/19	3.39	3.42	3.38	3.39	4872203	16582192.00
2018/03/20	3.44	3.48	3.42	3.43	7817649	26933616.00
2018/03/21	3.40	3.45	3.39	3.40	7033400	24046212.00
2018/03/22	3.39	3.41	3.36	3.40	6255958	21218178.00
2018/03/23	3.32	3.35	3.06	3.17	12837661	41675752.00
2018/03/26	3.14	3.20	3.09	3.18	6273900	19776836.00
2018/03/27	3.21	3.26	3.21	3.24	7605769	24623070.00
2018/03/28	3.23	3.25	3.21	3.22	4582680	14798480.00
2018/03/29	3.24	3.27	3.21	3.27	4786600	15522757.00
2018/03/30	3.27	3.31	3.26	3.30	5090880	16750177.00
2018/04/02	3.29	3.31	3.28	3.29	7202143	23716060.00
2018/04/03	3.23	3.23	3.16	3.19	10523292	33581184.00
2018/04/04	3.19	3.21	3.15	3.16	9074800	28854384.00
2018/04/09	3.16	3.16	3.10	3.13	6288911	19654068.00
2018/04/10	3.15	3.17	3.11	3.16	7039888	22112816.00
2018/04/11	3.18	3.19	3.15	3.18	6971976	22121984.00
2018/04/12	3.16	3.18	3.13	3.17	7358020	23191466.00
2018/04/13	3.16	3.19	3.13	3.13	5629587	17764878.00
2018/04/16	3.11	3.13	3.09	3.09	4053200	12588695.00
2018/04/17	3.10	3.12	3.06	3.07	5037699	15573536.00
2018/04/18	3.10	3.13	3.05	3.12	5303399	16379523.00
2018/04/19	3.12	3.17	3.10	3.17	8263570	25908622.00
2018/04/20	3.14	3.16	3.10	3.11	7559451	23615164.00
2018/04/23	3.10	3.12	3.07	3.09	5473943	16936176.00
2018/04/24	3.10	3.15	3.08	3.14	6116161	19138908.00
2018/04/25	3.11	3.12	3.08	3.11	8068661	25025264.00
数据来源:通达信
