600090 同济堂 日线 不复权
      日期	    开盘	    最高	    最低	    收盘	    成交量	    成交额
2017/03/27	11.44	11.49	11.35	11.42	5253234	59957052.00
2017/03/28	11.37	11.60	11.35	11.47	5537895	63729832.00
2017/03/29	11.50	11.56	11.19	11.20	5967948	67389024.00
2017/03/30	11.20	11.20	10.78	10.82	5585232	61080420.00
2017/03/31	10.81	10.89	10.71	10.78	2677291	28878672.00
2017/04/05	10.78	11.00	10.78	10.93	3662458	39943476.00
2017/04/06	10.92	10.98	10.87	10.95	2473152	26981852.00
2017/04/07	10.96	10.97	10.89	10.91	2107028	23025248.00
2017/04/10	10.91	10.92	10.69	10.71	3209143	34468552.00
2017/04/11	10.61	10.79	10.61	10.79	2380320	25494618.00
2017/04/12	10.82	10.82	10.70	10.79	3039100	32660224.00
2017/04/13	10.79	10.81	10.73	10.75	2147249	23103804.00
2017/04/14	10.75	10.75	10.53	10.56	3222339	34203056.00
2017/04/17	10.58	10.68	10.44	10.65	2432131	25725528.00
2017/04/18	10.66	10.68	10.50	10.53	2294585	24294184.00
2017/04/19	10.54	10.63	10.23	10.62	3530249	36703288.00
2017/04/20	10.62	10.68	10.53	10.57	2432637	25770556.00
2017/04/21	10.57	10.72	10.42	10.64	1759958	18661576.00
2017/04/24	10.78	10.82	10.35	10.40	2909401	30866772.00
2017/04/25	10.25	10.49	10.25	10.30	2134026	22073636.00
2017/04/26	10.31	10.43	10.10	10.16	3315857	33912672.00
2017/04/27	10.16	10.16	9.81	10.01	4006186	39828900.00
2017/04/28	10.07	10.08	9.91	10.03	2147239	21518884.00
2017/05/02	10.03	10.09	9.92	9.93	2502105	25019288.00
2017/05/03	9.84	9.95	9.81	9.90	2471273	24436744.00
2017/05/04	9.87	9.93	9.80	9.92	2680865	26478834.00
2017/05/05	9.85	9.91	9.68	9.72	2189687	21539040.00
2017/05/08	9.66	9.68	9.38	9.39	3147964	29820970.00
2017/05/09	9.40	9.49	9.22	9.46	2786470	26098118.00
2017/05/10	9.51	9.59	9.12	9.14	2602952	24498988.00
2017/05/11	8.89	9.13	8.61	8.89	3247689	28897256.00
2017/05/12	8.91	8.94	8.73	8.89	2315500	20447860.00
2017/05/15	8.80	8.95	8.72	8.74	2773611	24502908.00
2017/05/16	8.70	8.97	8.51	8.95	3387113	29511668.00
2017/05/17	8.90	9.00	8.88	8.90	2278115	20335764.00
2017/05/18	8.80	9.24	8.78	9.05	4642223	42165688.00
2017/05/19	9.01	9.14	8.88	8.92	2381812	21404700.00
2017/05/22	8.93	9.09	8.87	9.02	2709660	24319842.00
2017/05/23	9.00	9.02	8.72	8.85	2030275	18002976.00
2017/05/24	8.76	8.80	8.59	8.78	2109107	18396272.00
2017/05/25	8.72	8.80	8.25	8.65	5611940	47556172.00
2017/05/26	8.58	8.73	8.46	8.65	3091947	26422492.00
2017/05/31	8.78	8.87	8.64	8.74	4236015	37094468.00
2017/06/01	8.71	8.71	8.38	8.61	3172017	27064634.00
2017/06/02	8.55	8.66	8.41	8.64	2451554	20913940.00
2017/06/05	8.64	8.72	8.57	8.66	2217200	19261098.00
2017/06/06	8.50	8.76	8.50	8.75	2060638	17909968.00
2017/06/07	8.71	9.50	8.70	9.35	13223396	121493856.00
2017/06/08	9.28	9.32	9.20	9.29	5557507	51395892.00
2017/06/09	9.30	9.31	9.21	9.27	4144457	38399196.00
2017/06/12	9.27	9.27	9.01	9.03	6158492	56165560.00
2017/06/13	9.05	9.21	8.97	9.20	6793868	61703668.00
2017/06/14	9.11	9.22	9.11	9.20	2512471	23032052.00
2017/06/15	9.20	9.27	9.13	9.23	2565479	23636196.00
2017/06/16	9.22	9.23	9.13	9.19	3734364	34229584.00
2017/06/19	9.14	9.31	9.13	9.28	3607434	33419796.00
2017/06/20	9.28	9.35	9.21	9.22	2312775	21409610.00
2017/06/21	9.23	9.29	9.14	9.25	1873809	17279204.00
2017/06/22	9.28	9.32	9.07	9.12	2375400	21874302.00
2017/06/23	9.12	9.17	8.98	9.14	2374618	21498424.00
2017/06/26	9.11	9.20	9.08	9.19	1984729	18160012.00
2017/06/27	9.17	9.62	9.14	9.32	7520667	70458488.00
2017/06/28	9.25	9.32	9.19	9.23	3354718	31051400.00
2017/06/29	9.23	9.31	9.21	9.31	2438147	22561672.00
2017/06/30	9.29	9.42	9.26	9.37	3725480	34823760.00
2017/07/03	9.38	9.54	9.38	9.52	5407235	51283424.00
2017/07/04	9.49	9.51	9.38	9.41	3049528	28727944.00
2017/07/05	9.37	9.44	9.32	9.43	2161869	20288712.00
2017/07/06	9.43	9.45	9.30	9.35	2675277	25015572.00
2017/07/07	9.30	9.39	9.24	9.34	3465734	32160984.00
2017/07/10	9.34	9.40	9.26	9.31	2368784	22087396.00
2017/07/11	9.30	9.33	9.15	9.23	2139413	19744896.00
2017/07/12	9.25	9.25	8.84	8.94	3763980	33785268.00
2017/07/13	8.95	8.99	8.85	8.95	1993104	17783256.00
2017/07/14	8.90	9.08	8.88	9.02	1507547	13476646.00
2017/07/17	8.93	8.96	8.43	8.47	2668886	23097208.00
2017/07/18	8.46	8.65	8.42	8.62	2759680	23517722.00
2017/07/19	8.66	8.91	8.56	8.82	2437167	21297920.00
2017/07/20	8.82	8.87	8.72	8.81	2210605	19465364.00
2017/07/21	8.82	8.86	8.47	8.71	6058922	52211380.00
2017/07/24	8.58	8.66	8.53	8.62	4044648	34766776.00
2017/07/25	8.63	9.00	8.55	8.95	6312324	55090136.00
2017/07/26	9.18	9.47	9.01	9.14	15170416	139705472.00
2017/07/27	9.10	9.16	8.91	9.12	6180789	55621004.00
2017/07/28	9.10	9.10	8.98	8.98	3766348	33953628.00
2017/07/31	8.89	8.94	8.73	8.84	6200284	54669176.00
2017/08/01	8.84	8.90	8.78	8.87	4269105	37691976.00
2017/08/02	8.86	8.88	8.66	8.72	3114893	27414016.00
2017/08/03	8.69	8.93	8.68	8.85	3824072	33843340.00
2017/08/04	8.89	9.00	8.78	8.91	4491580	39911760.00
2017/08/07	8.91	8.94	8.83	8.93	2774592	24658766.00
2017/08/08	8.91	8.93	8.85	8.93	2587762	23000824.00
2017/08/09	8.92	8.93	8.85	8.89	2097784	18644772.00
2017/08/10	8.90	8.93	8.72	8.77	2633576	23262810.00
2017/08/11	8.77	8.94	8.71	8.83	4079186	36199932.00
2017/08/14	8.86	8.94	8.75	8.91	2736241	24343076.00
2017/08/15	8.91	9.07	8.88	8.96	3773124	33908896.00
2017/08/16	8.99	9.02	8.89	8.99	2895675	25940382.00
2017/08/17	8.93	9.28	8.93	9.21	6284315	56917636.00
2017/08/18	9.26	9.27	8.93	9.03	9865432	89300120.00
2017/08/21	9.00	9.04	8.96	9.01	2837843	25519206.00
2017/08/22	9.00	9.00	8.92	8.97	3038874	27178928.00
2017/08/23	8.97	8.97	8.85	8.90	2327587	20718920.00
2017/08/24	8.90	8.92	8.80	8.82	2697888	23840376.00
2017/08/25	8.86	8.98	8.82	8.93	3393368	30203724.00
2017/08/28	8.93	9.02	8.91	8.98	3879560	34818980.00
2017/08/29	9.00	9.02	8.90	8.92	4300281	38468480.00
2017/08/30	8.93	8.94	8.83	8.87	4184305	37099200.00
2017/08/31	8.90	8.92	8.84	8.85	2950899	26161176.00
2017/09/01	8.85	8.88	8.82	8.86	3986782	35282752.00
2017/09/04	8.85	8.85	8.79	8.83	4304218	37933380.00
2017/09/05	8.84	8.86	8.80	8.83	3437609	30340332.00
2017/09/06	8.83	8.87	8.78	8.79	5161445	45506520.00
2017/09/07	8.81	8.88	8.80	8.84	5579292	49308512.00
2017/09/08	8.85	9.07	8.85	8.98	12390456	111390720.00
2017/09/11	9.00	9.08	8.95	9.06	7343223	66134932.00
2017/09/12	9.08	9.13	8.97	9.03	9289869	84128520.00
2017/09/13	9.03	9.06	8.93	9.02	4809618	43222208.00
2017/09/14	9.02	9.05	8.96	9.02	4054170	36502368.00
2017/09/15	9.02	9.04	8.92	8.95	3777581	33821200.00
2017/09/18	8.94	9.04	8.92	8.98	3553500	31859938.00
2017/09/19	8.96	9.04	8.93	8.98	3501523	31428204.00
2017/09/20	8.97	9.02	8.94	9.01	4559396	40992160.00
2017/09/21	9.05	9.08	8.94	8.99	4816676	43210012.00
2017/09/22	8.93	8.96	8.82	8.91	3943047	34985404.00
2017/09/25	8.89	8.89	8.72	8.77	3619315	31894736.00
2017/09/26	8.72	8.79	8.72	8.76	2496395	21840118.00
2017/09/27	8.75	8.81	8.72	8.80	2130934	18701060.00
2017/09/28	8.80	8.85	8.72	8.73	2190016	19263810.00
2017/09/29	8.75	8.84	8.74	8.80	1609896	14163179.00
2017/10/09	8.88	8.92	8.82	8.88	2667488	23637782.00
2017/10/10	8.88	9.05	8.86	9.01	9958175	89740944.00
2017/10/11	9.03	9.19	9.00	9.05	13509233	123029384.00
2017/10/12	9.01	9.05	8.90	9.01	5113828	45855832.00
2017/10/13	9.01	9.12	8.98	9.09	7171752	65063576.00
2017/10/16	9.08	9.14	8.91	8.98	6243266	56303252.00
2017/10/17	8.93	8.96	8.85	8.92	3490210	31031816.00
2017/10/18	8.92	8.94	8.85	8.92	4096928	36368600.00
2017/10/19	8.89	8.89	8.74	8.77	4346701	38289688.00
2017/10/20	8.72	8.83	8.72	8.82	1924916	16930390.00
2017/10/23	8.80	8.89	8.80	8.84	2902318	25676260.00
2017/10/24	8.84	8.84	8.72	8.79	2665124	23415916.00
2017/10/25	8.81	8.83	8.77	8.82	2951021	25977538.00
2017/10/26	8.82	8.88	8.81	8.86	4937613	43660204.00
2017/10/27	8.86	8.87	8.75	8.82	3332552	29330800.00
2017/10/30	8.93	9.07	8.88	9.05	19569095	175983840.00
2017/10/31	9.02	9.44	8.99	9.25	27255561	252405472.00
2017/11/01	9.20	9.38	9.14	9.28	16129350	148826000.00
2017/11/02	9.24	9.25	9.00	9.10	12770573	116509136.00
2017/11/03	9.05	9.13	8.94	9.04	9559055	86332624.00
2017/11/06	9.05	9.89	8.98	9.59	27469011	258891552.00
2017/11/07	9.47	9.78	9.46	9.55	22295264	214098608.00
2017/11/08	9.55	9.71	9.43	9.53	15423858	147390656.00
2017/11/09	9.47	9.72	9.47	9.64	13851850	133178064.00
2017/11/10	9.75	9.83	9.58	9.71	12376163	119894200.00
2017/11/13	9.72	9.75	9.47	9.56	11372541	108563376.00
2017/11/14	9.52	9.53	9.26	9.32	12884306	120700920.00
2017/11/15	9.34	9.41	9.28	9.38	7324939	68468424.00
2017/11/16	9.35	9.46	9.23	9.26	7987824	74516416.00
2017/11/17	9.22	9.25	8.73	8.86	13810450	124143064.00
2017/11/20	8.80	8.93	8.65	8.91	8409904	73966088.00
2017/11/21	8.86	8.91	8.74	8.84	7365308	65023416.00
2017/11/22	8.84	8.87	8.56	8.57	10947902	94907640.00
2017/11/23	8.55	8.61	8.24	8.32	7970012	67194872.00
2017/11/24	8.28	8.44	8.27	8.42	3809071	31811588.00
2017/11/27	8.38	8.39	7.96	8.25	7770411	63501712.00
2017/11/28	8.20	8.23	8.08	8.21	3877107	31631274.00
2017/11/29	8.16	8.30	8.15	8.21	3925145	32275604.00
2017/11/30	8.25	8.28	8.12	8.17	3068000	25051020.00
2017/12/01	8.16	8.25	8.14	8.24	3014246	24771928.00
2017/12/04	8.23	8.23	8.05	8.07	2878500	23432934.00
2017/12/05	8.08	8.14	7.74	7.81	5633510	44509296.00
2017/12/06	7.81	8.18	7.71	8.13	5524359	43505944.00
2017/12/07	8.07	8.35	8.05	8.34	7712171	63356108.00
2017/12/08	8.39	8.47	8.31	8.36	5703741	47868228.00
2017/12/11	8.32	8.40	8.26	8.33	3161648	26270424.00
2017/12/12	8.35	8.35	8.21	8.23	2619800	21653384.00
2017/12/13	8.20	8.33	8.17	8.32	2518790	20782276.00
2017/12/14	8.29	8.38	8.25	8.35	2425944	20179986.00
2017/12/15	8.31	8.44	8.25	8.36	3796300	31631760.00
2017/12/18	8.38	8.38	8.21	8.24	2348710	19423416.00
2017/12/19	8.21	8.46	8.21	8.34	4616511	38404704.00
2017/12/20	8.31	8.42	8.19	8.31	5024700	41810360.00
2017/12/21	8.00	8.13	7.78	8.10	8522833	67601848.00
2017/12/22	8.01	8.11	7.88	8.09	3426191	27341738.00
2017/12/25	8.01	8.07	7.94	8.00	2226815	17796880.00
2017/12/26	7.99	8.00	7.93	7.97	1690242	13464616.00
2017/12/27	8.04	8.04	7.89	7.94	2907284	23058726.00
2017/12/28	7.97	7.97	7.84	7.87	2969329	23424400.00
2017/12/29	7.86	7.92	7.80	7.89	2664500	20963428.00
2018/01/02	7.85	7.96	7.78	7.94	3785756	29863156.00
2018/01/03	7.93	8.07	7.89	8.04	4833258	38650880.00
2018/01/04	8.03	8.07	7.99	8.03	2429199	19491002.00
2018/01/05	8.01	8.27	8.01	8.15	5129487	41751344.00
2018/01/08	8.30	8.34	8.13	8.28	4479398	36668104.00
2018/01/09	8.29	8.30	8.17	8.22	2931311	24047108.00
2018/01/10	8.25	8.25	8.03	8.10	3926855	31794600.00
2018/01/11	8.08	8.19	8.03	8.19	3015648	24540404.00
2018/01/12	8.23	8.23	8.12	8.16	2538366	20706304.00
2018/01/15	8.19	8.19	7.82	7.90	2965601	23679164.00
2018/01/16	7.90	7.97	7.62	7.81	6795336	52803480.00
2018/01/17	7.76	7.80	7.62	7.79	6599399	50888584.00
2018/01/18	7.74	7.76	7.68	7.70	4270985	32952224.00
2018/01/19	7.71	7.74	7.66	7.69	3837001	29506552.00
2018/01/22	7.68	7.74	7.66	7.72	4557038	35124040.00
2018/01/23	7.72	7.82	7.70	7.78	4384658	33974568.00
2018/01/24	7.79	7.88	7.73	7.85	4949449	38706140.00
2018/01/25	7.86	7.87	7.79	7.83	3401100	26630404.00
2018/01/26	7.83	7.84	7.77	7.81	2638404	20592280.00
2018/01/29	7.82	7.84	7.67	7.72	3352307	25949344.00
2018/01/30	7.71	7.74	7.67	7.69	2154087	16570341.00
2018/01/31	7.68	7.68	7.42	7.55	5803572	43635700.00
2018/02/01	7.52	7.56	7.10	7.44	7055749	51715040.00
2018/02/02	7.40	7.49	7.20	7.48	4192736	30873692.00
2018/02/05	7.45	7.45	7.21	7.44	4690119	34424208.00
2018/02/06	7.33	7.40	7.01	7.32	10330100	74500560.00
2018/02/07	7.33	7.38	6.96	7.24	11101346	79363976.00
2018/02/08	7.14	7.37	7.12	7.23	4635950	33415756.00
2018/02/09	7.09	7.11	6.98	7.01	5343350	37671916.00
2018/02/12	7.09	7.22	7.01	7.21	5904062	42126408.00
2018/02/13	7.27	7.27	7.18	7.22	3155256	22765336.00
2018/02/14	7.20	7.28	7.16	7.27	3826103	27638798.00
2018/02/22	7.27	7.33	7.22	7.30	3094800	22555764.00
2018/02/23	7.34	7.34	7.24	7.27	2909801	21170338.00
2018/02/26	7.29	7.33	7.24	7.31	5215102	38031560.00
2018/02/27	7.32	7.33	7.25	7.27	4518701	32904266.00
2018/02/28	7.25	7.31	7.20	7.30	6009918	43747184.00
2018/03/01	7.29	7.45	7.27	7.42	9599151	70718152.00
2018/03/02	7.40	7.42	7.32	7.34	3507780	25816064.00
2018/03/05	7.34	7.37	7.30	7.36	2728596	20004766.00
2018/03/06	7.38	7.44	7.34	7.43	4005356	29600528.00
2018/03/07	7.44	7.45	7.32	7.39	6421731	47322308.00
2018/03/08	7.24	7.43	7.24	7.40	4506773	33167264.00
2018/03/09	7.42	7.56	7.37	7.53	7413952	55486956.00
2018/03/12	7.57	7.74	7.55	7.67	9983583	76373888.00
2018/03/13	7.71	7.71	7.55	7.64	6393719	48856528.00
2018/03/14	7.58	7.67	7.48	7.58	5652141	42888556.00
2018/03/15	7.57	7.65	7.49	7.62	5354930	40391008.00
2018/03/16	7.62	7.73	7.61	7.67	4958285	38025808.00
2018/03/19	7.70	7.70	7.52	7.61	3560504	27196722.00
2018/03/20	7.60	7.83	7.52	7.74	19126661	147240576.00
2018/03/21	7.69	7.75	7.42	7.51	10766401	82283328.00
2018/03/22	7.48	7.55	7.37	7.50	7778717	57910448.00
2018/03/23	7.45	7.50	6.97	7.26	13753932	99971632.00
2018/03/26	7.13	7.38	7.11	7.37	8360344	60731456.00
2018/03/27	7.39	7.50	7.37	7.49	7749736	57617096.00
2018/03/28	7.45	7.75	7.41	7.74	15552761	119457232.00
2018/03/29	7.73	7.78	7.65	7.77	7771514	59945432.00
2018/03/30	7.76	7.85	7.73	7.82	5560088	43357912.00
2018/04/02	7.82	7.83	7.65	7.83	4140735	32187484.00
2018/04/03	7.77	7.82	7.70	7.79	4363874	33848904.00
2018/04/04	7.80	8.02	7.73	7.78	8389603	65920760.00
2018/04/09	7.74	7.80	7.70	7.79	4749802	36850112.00
2018/04/10	7.79	7.83	7.72	7.79	5247188	40724068.00
2018/04/11	7.80	7.85	7.76	7.80	3228100	25196858.00
2018/04/12	7.79	7.98	7.75	7.97	7159527	56643440.00
2018/04/13	7.98	8.01	7.88	7.96	4330395	34346372.00
2018/04/16	7.94	7.99	7.80	7.96	6341005	50184076.00
2018/04/17	7.97	7.97	7.81	7.86	5542228	43740664.00
2018/04/18	7.87	8.18	7.81	8.16	10345016	83056104.00
2018/04/19	8.14	8.22	8.06	8.17	7327618	59816920.00
2018/04/20	8.15	8.22	8.10	8.18	6472550	52966728.00
2018/04/23	8.20	8.47	8.06	8.47	11985424	99354712.00
2018/04/24	8.50	8.51	8.32	8.40	12831410	108091856.00
2018/04/25	8.35	8.70	8.30	8.38	17123433	144373280.00
数据来源:通达信
