600093 易见股份 日线 不复权
      日期	    开盘	    最高	    最低	    收盘	    成交量	    成交额
2017/03/27	14.13	14.33	14.05	14.12	3552443	50229384.00
2017/03/28	14.09	14.17	13.87	13.88	4262988	59702408.00
2017/03/29	13.94	14.02	13.81	13.95	2932790	40873544.00
2017/03/30	13.95	13.95	13.60	13.62	3463271	47591088.00
2017/03/31	13.65	13.86	13.56	13.63	2677094	36654736.00
2017/04/05	13.63	13.95	13.60	13.90	2970282	41185748.00
2017/04/06	13.83	13.99	13.83	13.92	2673046	37168528.00
2017/04/07	13.93	14.28	13.90	14.23	4849122	68398240.00
2017/04/10	14.23	14.30	14.07	14.26	4335394	61551304.00
2017/04/11	14.23	14.50	14.07	14.42	6007525	86043992.00
2017/04/12	14.48	14.87	14.27	14.40	7454556	109359136.00
2017/04/13	14.40	14.65	14.12	14.14	5524341	79044048.00
2017/04/14	14.18	14.26	13.92	13.96	3820238	53575568.00
2017/04/17	13.96	14.08	13.75	14.00	2462412	34316108.00
2017/04/18	14.01	14.01	13.71	13.72	2445779	33919848.00
2017/04/19	13.72	13.81	13.10	13.23	4778828	63806888.00
2017/04/20	13.30	13.44	12.97	13.09	2785344	36727948.00
2017/04/21	13.14	13.17	12.70	13.05	4762652	61549456.00
2017/04/24	13.00	13.14	12.62	13.07	2904919	37494840.00
2017/04/25	13.05	13.19	12.91	12.94	2157413	28210304.00
2017/04/26	12.91	13.09	12.80	12.96	2349051	30330396.00
2017/04/27	12.99	13.46	12.96	13.28	3984437	52358512.00
2017/04/28	13.45	13.45	13.16	13.19	3154914	41877156.00
2017/05/02	13.15	13.42	13.06	13.20	3135404	41358692.00
2017/05/03	13.25	13.26	13.01	13.08	2741436	36004256.00
2017/05/04	13.01	13.28	13.01	13.24	2731319	36029800.00
2017/05/05	13.17	13.35	13.10	13.23	2675265	35425696.00
2017/05/08	13.22	13.27	12.96	12.98	2271286	29779800.00
2017/05/09	12.98	13.26	12.60	13.24	2916900	37705404.00
2017/05/10	13.26	13.28	12.40	12.57	3445835	44244744.00
2017/05/11	12.59	12.74	12.41	12.71	3112732	39243860.00
2017/05/12	12.76	12.91	12.63	12.84	1500447	19150974.00
2017/05/15	12.81	13.02	12.81	12.84	2582005	33355730.00
2017/06/12	14.12	14.12	13.51	13.71	17574119	242512864.00
2017/06/13	13.57	13.66	13.34	13.52	7608151	102474144.00
2017/06/14	13.41	13.61	13.35	13.35	4727639	63471328.00
2017/06/15	13.37	13.47	13.23	13.38	3408551	45465824.00
2017/06/16	13.36	13.45	13.23	13.28	2314179	30739780.00
2017/06/19	13.27	13.28	13.15	13.20	3037893	40050084.00
2017/06/20	13.21	13.25	13.06	13.12	3380261	44432548.00
2017/06/21	13.11	13.27	13.06	13.25	2685826	35389164.00
2017/06/22	13.26	13.30	13.12	13.13	3034701	40187988.00
2017/06/23	13.10	13.17	12.89	13.04	2270626	29586676.00
2017/06/26	12.99	13.14	12.98	13.11	2805778	36654152.00
2017/06/27	13.14	13.16	13.08	13.09	1707480	22413636.00
2017/06/28	13.09	13.13	12.96	13.06	2817864	36760628.00
2017/06/29	13.13	13.16	13.06	13.11	2733457	35860096.00
2017/06/30	13.12	13.55	13.09	13.43	6839592	91416480.00
2017/07/03	13.48	13.53	13.24	13.44	2877990	38482892.00
2017/07/04	13.40	13.44	13.30	13.34	2381123	31817588.00
2017/07/05	13.40	13.40	13.31	13.36	2386900	31852356.00
2017/07/06	13.37	13.46	13.31	13.40	2896033	38797488.00
2017/07/07	13.40	13.46	13.33	13.45	2326361	31236304.00
2017/07/10	13.44	13.69	13.38	13.51	4171391	56511380.00
2017/07/11	13.52	13.60	13.37	13.40	2438710	32888028.00
2017/07/12	13.40	13.45	13.11	13.32	2739934	36360160.00
2017/07/13	13.32	13.43	13.27	13.37	1959661	26177280.00
2017/07/14	13.17	13.17	12.88	12.93	3178326	41119036.00
2017/07/17	12.95	12.95	12.35	12.39	8695491	109147376.00
2017/07/18	12.51	12.83	12.37	12.76	6087933	76300064.00
2017/07/19	12.71	12.84	12.60	12.81	3347126	42674036.00
2017/07/20	12.70	12.83	12.65	12.82	2624419	33516136.00
2017/07/21	12.82	12.98	12.72	12.82	2460150	31678416.00
2017/07/24	12.73	13.10	12.73	13.03	4096020	53282656.00
2017/07/25	13.00	13.04	12.78	12.84	2765700	35539184.00
2017/07/26	12.83	12.91	12.68	12.82	2548700	32528134.00
2017/07/27	12.78	13.02	12.75	12.98	2774837	35772348.00
2017/07/28	12.95	13.14	12.83	12.88	3364493	43667112.00
2017/07/31	12.86	12.98	12.69	12.95	3498283	44935884.00
2017/08/01	12.97	13.05	12.75	12.94	5751458	74046472.00
2017/08/02	12.94	12.94	12.75	12.82	3148020	40279528.00
2017/08/03	12.75	12.90	12.72	12.81	2753450	35339920.00
2017/08/04	12.77	12.83	12.72	12.74	2183301	27873698.00
2017/08/07	12.74	12.79	12.67	12.70	2831500	36000472.00
2017/08/08	12.66	12.70	12.62	12.68	2645877	33506450.00
2017/08/09	12.63	12.74	12.63	12.74	1752841	22263366.00
2017/08/10	12.83	12.83	12.55	12.67	4606775	58258056.00
2017/08/11	12.61	12.65	12.35	12.48	5108284	63605216.00
2017/08/14	12.48	12.77	12.42	12.74	3775639	47643024.00
2017/08/15	12.88	12.99	12.74	12.96	8570063	110754472.00
2017/08/16	12.78	12.89	12.72	12.87	4687642	60029400.00
2017/08/17	12.86	12.96	12.78	12.95	3483808	44914288.00
2017/08/18	12.90	13.06	12.85	13.04	4227414	54783852.00
2017/08/21	13.08	13.18	13.05	13.14	6526535	85560808.00
2017/08/22	13.14	13.15	12.89	12.93	4858494	63264600.00
2017/08/23	12.94	13.07	12.89	12.99	3000817	38921600.00
2017/08/24	12.96	13.03	12.83	12.86	3443385	44486464.00
2017/08/25	12.86	13.07	12.86	13.06	4189316	54431712.00
2017/08/28	13.05	13.12	12.93	13.06	6394466	83482888.00
2017/08/29	13.05	13.12	12.90	12.92	4841888	63103340.00
2017/08/30	12.91	13.04	12.91	12.97	3200221	41509960.00
2017/08/31	12.97	13.03	12.89	12.94	2985098	38588264.00
2017/09/01	12.96	13.09	12.90	13.08	5708155	74260792.00
2017/09/04	13.09	13.09	12.97	13.08	4185943	54552948.00
2017/09/05	13.08	13.10	12.70	12.71	7422431	95749576.00
2017/09/06	12.66	12.83	12.54	12.82	5524143	70197088.00
2017/09/07	12.80	12.84	12.60	12.66	5580808	70995920.00
2017/09/08	12.70	12.76	12.55	12.60	3787863	47911580.00
2017/09/11	12.59	12.65	12.45	12.56	5305447	66716856.00
2017/09/12	12.59	12.63	12.48	12.60	4665200	58569264.00
2017/09/13	12.85	12.95	12.61	12.66	5758594	73387992.00
2017/09/14	12.60	12.66	12.47	12.52	5212000	65299992.00
2017/09/15	12.50	12.59	12.48	12.58	2916120	36528456.00
2017/09/18	12.57	12.57	12.42	12.49	5700898	71157296.00
2017/09/19	12.49	12.51	12.35	12.39	4117700	51122008.00
2017/09/20	12.41	12.48	12.38	12.47	2410468	29975568.00
2017/09/21	12.46	12.46	12.37	12.37	2530104	31399480.00
2017/09/22	12.37	12.41	12.28	12.31	2830375	34883816.00
2017/09/25	12.30	12.35	12.03	12.09	2978494	36342848.00
2017/09/26	12.14	12.14	11.89	12.00	2730668	32762246.00
2017/09/27	12.00	12.10	11.97	12.06	1197939	14451958.00
2017/09/28	12.05	12.14	11.99	12.03	1661102	20059108.00
2017/09/29	12.14	12.14	12.01	12.12	2010513	24263968.00
2017/10/09	12.12	12.24	12.11	12.15	2687500	32719176.00
2017/10/10	12.20	12.33	12.13	12.32	3024181	36982816.00
2017/10/11	12.33	12.35	12.20	12.28	2292481	28182446.00
2017/10/12	12.22	12.29	12.00	12.12	2586301	31442876.00
2017/10/13	11.89	12.05	11.77	11.84	8786783	104331128.00
2017/10/16	11.90	12.13	11.78	12.08	9203278	109884608.00
2017/10/17	11.96	12.00	11.79	11.87	5722887	68136936.00
2017/10/18	11.88	11.96	11.49	11.53	6633941	77807808.00
2017/10/19	11.51	11.72	11.28	11.69	6735335	77202528.00
2017/10/20	11.69	11.89	11.64	11.87	6530923	76986848.00
2017/10/23	11.80	11.80	11.63	11.67	3298811	38566368.00
2017/10/24	11.62	11.73	11.52	11.69	3936290	45679724.00
2017/10/25	11.70	12.06	11.60	11.89	6290610	74564016.00
2017/10/26	11.84	11.91	11.79	11.85	3885537	46020152.00
2017/10/27	11.82	11.87	11.60	11.67	3609085	42380524.00
2017/10/30	11.61	11.69	11.38	11.43	3985407	45716824.00
2017/10/31	11.40	11.62	11.40	11.50	3688692	42439096.00
2017/11/01	11.47	11.55	11.36	11.41	3798976	43568540.00
2017/11/02	11.40	11.40	11.13	11.15	4062571	45618992.00
2017/11/03	11.11	11.20	11.06	11.10	2721085	30252188.00
2017/11/06	11.11	11.23	11.09	11.22	1763542	19673672.00
2017/11/07	11.18	11.23	11.09	11.18	2716203	30274500.00
2017/11/08	11.19	11.28	11.18	11.24	2636575	29621642.00
2017/11/09	11.17	11.79	11.17	11.66	9204044	106569352.00
2017/11/10	11.53	11.70	11.48	11.54	4875237	56363740.00
2017/11/13	11.54	11.59	11.33	11.38	4020083	45820552.00
2017/11/14	11.37	11.43	11.25	11.37	2512392	28503248.00
2017/11/15	11.37	11.37	11.27	11.29	2005380	22680706.00
2017/11/16	11.26	11.35	11.22	11.23	2424561	27322286.00
2017/11/17	11.24	11.25	10.50	10.56	6313368	68481200.00
2017/11/20	10.52	10.56	10.17	10.40	3489576	36097328.00
2017/11/21	10.43	10.46	10.19	10.22	3513185	36091208.00
2017/11/22	10.21	10.73	10.20	10.63	5457202	56815468.00
2017/11/23	10.54	10.59	10.36	10.50	3850733	40291032.00
2017/11/24	10.44	10.75	10.40	10.57	2139432	22509876.00
2017/11/27	10.57	10.65	10.44	10.50	1440450	15136893.00
2017/11/28	10.43	10.56	10.43	10.55	1052849	11071201.00
2017/11/29	10.55	10.55	10.36	10.44	1681697	17560420.00
2017/11/30	10.43	10.49	10.38	10.39	969342	10108297.00
2017/12/01	10.41	10.66	10.37	10.59	1915474	20212952.00
2017/12/04	10.60	10.73	10.52	10.55	1892879	20083164.00
2017/12/05	10.51	10.71	10.14	10.59	3499810	36294712.00
2017/12/06	10.42	10.49	10.28	10.47	1859014	19286964.00
2017/12/07	10.40	10.47	10.36	10.39	1311414	13649904.00
2017/12/08	10.32	10.73	10.32	10.64	3819212	40658864.00
2017/12/11	10.63	10.83	10.60	10.67	3770422	40315696.00
2017/12/12	10.59	10.64	10.35	10.36	4274908	44833364.00
2017/12/13	10.36	10.43	10.21	10.37	2122860	21913040.00
2017/12/14	10.40	10.44	10.32	10.41	1373700	14242940.00
2017/12/15	10.40	10.48	10.31	10.37	1750000	18150284.00
2017/12/18	10.35	10.36	10.22	10.30	2084996	21420008.00
2017/12/19	10.28	11.33	10.28	11.33	22531431	250028240.00
2017/12/20	11.19	11.24	10.92	11.02	13713011	151802272.00
2017/12/21	10.99	11.18	10.79	11.10	10176557	111962560.00
2017/12/22	11.00	11.10	10.64	10.80	9666091	104965064.00
2017/12/25	10.70	10.79	10.41	10.47	8493074	89567016.00
2017/12/26	10.47	10.75	10.47	10.69	6223400	66291112.00
2017/12/27	10.70	10.75	10.56	10.64	5408365	57659060.00
2017/12/28	10.69	10.88	10.62	10.68	4820446	51743144.00
2017/12/29	10.69	10.82	10.63	10.72	4280197	45946876.00
2018/01/02	10.76	10.89	10.61	10.89	5656780	60788752.00
2018/01/03	10.81	10.93	10.78	10.88	5681978	61709912.00
2018/01/04	10.88	10.96	10.75	10.81	4896572	53013784.00
2018/01/05	11.30	11.89	11.19	11.57	28071398	325576032.00
2018/01/08	11.43	12.73	11.32	12.73	38345608	478547328.00
2018/01/09	12.96	14.00	12.60	14.00	48243031	642490240.00
2018/01/10	15.40	15.40	15.40	15.40	12971589	199762464.00
2018/01/11	16.94	16.94	16.94	16.94	2305933	39062504.00
2018/01/16	18.63	18.63	18.59	18.63	36764425	684912000.00
2018/01/19	16.77	18.80	16.77	16.77	93421190	1627383680.00
2018/01/22	16.00	16.20	15.09	15.09	59739853	918012992.00
2018/01/23	15.31	15.59	15.01	15.44	50525536	775287616.00
2018/01/24	14.85	15.90	14.31	15.51	56655812	853281728.00
2018/01/25	15.17	15.75	14.91	15.06	47520734	723452544.00
2018/01/26	14.63	16.25	14.63	15.42	55801808	871136064.00
2018/01/29	15.14	16.96	14.71	16.96	57254202	897700800.00
2018/01/30	16.86	17.35	15.32	15.56	61289347	1020977088.00
2018/01/31	15.15	15.33	14.36	14.67	45019218	668582656.00
2018/02/01	14.90	15.12	13.95	14.01	37210499	542834112.00
2018/02/02	13.77	13.95	13.12	13.66	32910767	447681632.00
2018/02/05	13.15	13.58	12.91	13.38	25519833	339018912.00
2018/02/06	12.86	13.34	12.05	12.09	31609381	403085344.00
2018/02/07	12.55	13.14	12.02	12.69	35363300	444896768.00
2018/02/08	12.79	13.28	12.63	12.85	26488304	343132672.00
2018/02/09	12.35	13.44	12.15	13.07	35746031	462789120.00
2018/02/12	13.25	14.08	13.11	13.38	38882442	526610560.00
2018/02/13	13.48	13.67	13.14	13.24	28792036	384800928.00
2018/02/14	13.33	13.56	12.73	12.78	21951094	287553504.00
2018/02/22	13.11	13.88	12.99	13.83	32526793	439998432.00
2018/02/23	13.61	14.16	13.43	13.89	32874736	452470720.00
2018/02/26	13.90	14.88	13.90	14.39	34042195	491513632.00
2018/02/27	14.62	15.83	14.62	15.83	17439471	268419520.00
2018/02/28	16.01	16.81	15.25	15.34	62259198	1000278528.00
2018/03/01	14.81	16.58	14.81	16.27	49148931	769464128.00
2018/03/02	15.90	16.14	15.40	15.45	30987806	489210144.00
2018/03/05	15.75	16.50	15.73	16.20	35567358	573166592.00
2018/03/06	16.19	16.29	15.56	16.04	29721655	474308288.00
2018/03/07	15.79	16.46	15.63	16.12	28151274	452259360.00
2018/03/08	15.94	17.73	15.83	16.97	51588052	877317632.00
2018/03/09	16.70	17.94	16.41	16.66	47855408	811550080.00
2018/03/12	16.80	17.36	16.53	16.97	35269556	598602432.00
2018/03/13	16.82	17.49	16.41	16.92	36141710	612721536.00
2018/03/14	16.60	16.87	15.69	15.85	33760953	549165184.00
2018/03/15	15.80	16.52	15.62	16.18	27613635	444579040.00
2018/03/16	15.99	16.26	15.52	15.67	21290202	338046304.00
2018/03/19	15.67	16.01	15.60	15.80	14745290	233630816.00
2018/03/20	15.57	15.75	14.91	15.36	21746951	332025888.00
2018/03/21	15.55	15.95	15.13	15.22	23003140	359798080.00
2018/03/22	15.02	15.67	15.02	15.33	17302858	266000000.00
2018/03/23	14.41	14.74	13.80	13.80	22476734	319565216.00
2018/03/26	13.39	14.30	13.10	14.28	19218716	264940736.00
2018/03/27	14.52	15.18	14.44	14.95	27004922	400032128.00
2018/03/28	14.57	15.66	14.50	15.03	24641417	370242656.00
2018/03/29	15.15	15.25	14.78	15.07	15346734	230118496.00
2018/03/30	15.40	15.59	15.07	15.31	18813415	287872352.00
2018/04/02	15.16	15.55	15.04	15.26	18144633	277504352.00
2018/04/03	14.76	14.94	14.30	14.67	17723585	259864400.00
2018/04/04	14.72	14.85	14.05	14.08	15448328	222165840.00
2018/04/09	13.90	14.36	13.80	14.23	10941456	154880832.00
2018/04/10	14.22	14.86	14.03	14.60	17553782	254509744.00
2018/04/11	14.77	15.99	14.45	15.53	33471022	509693472.00
2018/04/12	15.25	15.80	15.10	15.29	23029051	354962560.00
2018/04/13	15.85	16.28	15.51	15.59	31023348	493731552.00
2018/04/16	15.26	15.99	15.11	15.89	22988078	360867264.00
2018/04/17	15.56	15.72	14.41	14.54	23114376	347987104.00
2018/04/18	14.75	14.84	13.84	14.67	17340477	249014448.00
2018/04/19	14.52	14.77	14.30	14.34	11960490	173752608.00
2018/04/20	14.24	14.65	13.93	13.94	10945403	155793424.00
2018/04/23	13.98	14.35	13.91	14.22	8658895	121982280.00
2018/04/24	14.18	14.68	14.07	14.63	11871762	171588032.00
2018/04/25	14.48	14.77	14.33	14.42	11033502	160539296.00
数据来源:通达信
