600004 白云机场 日线 不复权
      日期	    开盘	    最高	    最低	    收盘	    成交量	    成交额
2017/03/27	16.42	16.71	16.12	16.20	12820894	210401936.00
2017/03/28	16.18	16.18	15.82	15.98	8277423	132215072.00
2017/03/29	16.03	16.43	15.90	16.09	15339440	248123520.00
2017/03/30	16.08	16.10	15.69	15.83	8144509	129340288.00
2017/03/31	15.83	16.05	15.78	15.94	7594659	120884472.00
2017/04/05	16.00	16.11	15.94	15.98	9934533	158997760.00
2017/04/06	15.99	16.14	15.95	16.01	9496068	152298864.00
2017/04/07	16.01	16.25	15.91	16.17	8622299	138962848.00
2017/04/10	16.11	16.19	15.88	15.95	9430858	151091552.00
2017/04/11	15.94	16.04	15.55	16.03	15262097	241017424.00
2017/04/12	16.63	16.95	16.32	16.71	48719640	809938048.00
2017/04/13	16.48	16.85	16.39	16.70	40721526	677260160.00
2017/04/14	16.63	16.70	16.24	16.26	18061029	297399904.00
2017/04/17	16.15	16.26	15.91	15.97	9862624	158126992.00
2017/04/18	15.95	16.16	15.95	15.97	8461784	136000272.00
2017/04/19	15.99	16.12	15.64	16.05	13154056	208505104.00
2017/04/20	16.08	16.47	16.05	16.44	15395127	250517824.00
2017/04/21	16.39	16.40	16.16	16.27	7926978	128971760.00
2017/04/24	16.28	16.29	15.74	15.84	9384835	149483952.00
2017/04/25	15.90	16.09	15.81	15.98	8079170	128998352.00
2017/04/26	16.00	16.11	15.87	15.92	6074850	96982624.00
2017/04/27	15.92	16.04	15.72	16.03	7052073	112276112.00
2017/04/28	16.01	16.01	15.79	15.95	7455272	118539584.00
2017/05/02	16.02	16.36	16.02	16.29	13927882	225748768.00
2017/05/03	16.25	16.87	16.25	16.76	29536134	491919072.00
2017/05/04	16.88	17.02	16.66	16.69	20672171	348095168.00
2017/05/05	16.57	16.81	16.57	16.69	13572251	226781616.00
2017/05/08	16.75	16.89	16.39	16.63	14647328	244216544.00
2017/05/09	16.57	16.57	16.31	16.47	10015776	164659552.00
2017/05/10	16.40	16.55	16.06	16.07	9164441	149996128.00
2017/05/11	16.04	16.19	15.81	16.18	11946091	191204448.00
2017/05/12	16.15	16.62	16.08	16.45	13175007	216005072.00
2017/05/15	16.60	16.82	16.47	16.50	18978160	316428256.00
2017/05/16	16.53	17.09	16.48	17.08	25112732	421632992.00
2017/05/17	17.00	17.18	16.92	16.97	19871710	338483424.00
2017/05/18	16.85	17.10	16.78	16.93	14098566	239136208.00
2017/05/19	16.93	17.00	16.69	16.94	17313926	291995392.00
2017/05/22	16.92	17.05	16.66	17.01	18512402	312251616.00
2017/05/23	16.88	16.90	16.21	16.43	34691477	572501952.00
2017/05/24	16.29	16.32	15.89	16.01	34064893	547441472.00
2017/05/25	15.98	16.23	15.94	16.19	19530573	314200480.00
2017/05/26	16.28	16.50	16.18	16.31	26038171	425137088.00
2017/05/31	16.35	16.55	16.31	16.51	32400327	532267488.00
2017/06/01	16.48	16.91	16.40	16.75	28811420	482719680.00
2017/06/02	16.67	17.05	16.67	16.82	20900116	352790880.00
2017/06/05	16.83	17.03	16.70	17.01	15177315	255922016.00
2017/06/06	17.05	17.55	16.94	17.47	33027590	573372160.00
2017/06/07	17.50	18.12	17.47	18.07	27234969	487816704.00
2017/06/08	17.95	18.37	17.88	18.27	18622067	337920480.00
2017/06/09	18.27	18.28	17.96	18.12	17826893	321927744.00
2017/06/12	18.09	18.87	18.00	18.16	27845684	512539744.00
2017/06/13	18.19	18.27	17.91	18.19	12827825	232523824.00
2017/06/14	18.17	18.30	17.74	17.95	16514824	296667360.00
2017/06/15	17.88	17.97	17.62	17.70	14032350	248979680.00
2017/06/16	17.66	17.91	17.65	17.74	8931100	158674624.00
2017/06/19	17.71	17.95	17.68	17.85	9677467	172460832.00
2017/06/20	17.89	17.92	17.54	17.66	15119765	266754448.00
2017/06/21	17.68	18.18	17.64	18.16	26943458	482352096.00
2017/06/22	18.05	18.32	17.81	17.83	21144363	384026272.00
2017/06/23	17.86	18.49	17.80	18.46	20240000	367641920.00
2017/06/26	18.53	18.78	18.39	18.67	18893503	350656736.00
2017/06/27	18.70	18.74	18.30	18.40	18892833	347906592.00
2017/06/28	18.30	18.54	18.03	18.07	17503884	319245184.00
2017/06/29	18.10	18.37	18.02	18.31	16920602	307818368.00
2017/06/30	18.36	18.49	18.20	18.46	16322213	299851264.00
2017/07/03	18.50	19.57	18.50	19.29	35930244	681809024.00
2017/07/04	19.19	19.68	19.10	19.50	30374805	591059520.00
2017/07/05	19.49	19.60	19.24	19.52	10623367	206498768.00
2017/07/06	19.50	20.02	19.43	19.66	16237926	320789312.00
2017/07/07	19.60	20.05	19.55	19.89	11853486	234748176.00
2017/07/10	19.90	19.97	19.34	19.41	18167341	356179040.00
2017/07/11	19.30	19.76	19.30	19.59	11379958	222713616.00
2017/07/12	19.63	19.99	19.60	19.66	10789542	213101200.00
2017/07/13	19.78	19.93	19.54	19.70	10038825	197646048.00
2017/07/14	13.46	13.78	13.41	13.71	14632820	199497200.00
2017/07/17	13.60	13.69	12.86	13.33	27550261	370531648.00
2017/07/18	13.33	13.58	13.06	13.38	15665939	208801312.00
2017/07/19	13.39	13.69	13.25	13.62	18932964	255777952.00
2017/07/20	13.63	14.11	13.47	14.10	28920770	403003904.00
2017/07/21	14.00	14.45	13.98	14.05	24297104	344447360.00
2017/07/24	13.99	14.18	13.91	14.10	13776173	193594944.00
2017/07/25	14.10	14.12	13.80	13.90	12237757	170276480.00
2017/07/26	13.83	13.91	13.43	13.63	22726608	308890400.00
2017/07/27	13.51	13.74	13.26	13.64	15656368	211384272.00
2017/07/28	13.57	13.66	13.46	13.50	13029448	176345008.00
2017/07/31	13.46	13.61	13.39	13.51	13456124	181698192.00
2017/08/01	13.53	13.65	13.39	13.46	14070415	189946368.00
2017/08/02	13.48	13.58	13.44	13.49	15247453	205812160.00
2017/08/03	13.45	13.56	13.30	13.40	18574044	249468224.00
2017/08/04	13.40	13.55	13.36	13.42	12439921	167578032.00
2017/08/07	13.42	13.47	13.12	13.21	19773506	261695232.00
2017/08/08	13.23	13.33	12.98	13.08	25519880	334509248.00
2017/08/09	13.04	13.25	12.88	13.23	15705141	205566832.00
2017/08/10	13.23	13.23	12.95	13.06	12330260	161246656.00
2017/08/11	12.91	13.01	12.81	12.87	13957083	180164512.00
2017/08/14	12.84	13.12	12.77	12.93	10219692	132785224.00
2017/08/15	12.97	13.36	12.88	13.35	18451239	243201856.00
2017/08/16	13.30	13.33	13.13	13.20	7682636	101473056.00
2017/08/17	13.20	13.30	13.01	13.17	9006506	118230016.00
2017/08/18	13.12	13.34	13.04	13.28	10182181	134790672.00
2017/08/21	13.28	13.37	13.15	13.23	8501725	112412168.00
2017/08/22	13.28	13.33	13.15	13.23	6643699	87969792.00
2017/08/23	13.21	13.25	13.08	13.11	5119132	67435552.00
2017/08/24	13.11	13.17	13.03	13.08	4923622	64445516.00
2017/08/25	13.08	13.25	13.05	13.17	7657985	100855024.00
2017/08/28	13.20	13.48	13.15	13.47	17432360	232001760.00
2017/08/29	13.49	13.58	13.33	13.55	12553225	169239344.00
2017/08/30	13.61	13.84	13.60	13.75	19382936	266681088.00
2017/08/31	13.72	13.72	13.38	13.40	17295761	232936688.00
2017/09/01	13.42	13.47	13.29	13.38	12093658	161956128.00
2017/09/04	13.34	13.34	13.10	13.25	13524930	178560848.00
2017/09/05	13.30	13.34	13.20	13.30	11081557	147265632.00
2017/09/06	13.26	13.29	13.15	13.19	7634682	100751008.00
2017/09/07	13.19	13.55	13.17	13.48	21873118	293884832.00
2017/09/08	13.39	13.78	13.39	13.67	25485228	346423904.00
2017/09/11	13.68	13.80	13.45	13.53	22367409	305211616.00
2017/09/12	13.52	13.67	13.41	13.55	11944925	161683088.00
2017/09/13	13.56	13.60	13.42	13.55	8426669	113883952.00
2017/09/14	13.53	13.56	13.30	13.42	13236979	177362160.00
2017/09/15	13.39	13.43	13.25	13.30	11820730	157210832.00
2017/09/18	13.30	13.43	13.26	13.39	9838515	131365632.00
2017/09/19	13.38	13.44	13.11	13.16	15461181	204402720.00
2017/09/20	13.21	13.25	13.07	13.17	11121789	146340560.00
2017/09/21	13.17	13.23	13.11	13.15	5978481	78736872.00
2017/09/22	13.15	13.20	12.84	13.01	20717226	268954048.00
2017/09/25	13.00	13.01	12.74	12.81	17524114	225266592.00
2017/09/26	12.81	12.96	12.78	12.84	9962993	128134088.00
2017/09/27	12.86	13.07	12.86	13.06	10870272	141342784.00
2017/09/28	13.07	13.09	12.93	12.96	6463992	83902592.00
2017/09/29	12.95	13.19	12.95	13.09	9763918	128076968.00
2017/10/09	13.25	13.34	13.04	13.13	20012567	264374112.00
2017/10/10	13.10	13.10	12.55	12.68	49484806	630856320.00
2017/10/11	12.68	12.75	12.60	12.63	23013985	291857824.00
2017/10/12	12.66	12.97	12.63	12.95	24755244	317275104.00
2017/10/13	12.97	13.07	12.90	12.97	14570974	189080304.00
2017/10/16	12.97	12.99	12.75	12.89	14006709	180137536.00
2017/10/17	12.89	12.93	12.75	12.90	9353356	120147760.00
2017/10/18	12.86	13.13	12.82	13.11	18768770	243733792.00
2017/10/19	13.12	13.25	12.95	13.18	15468134	203082320.00
2017/10/20	13.11	13.32	13.03	13.09	12528933	164750176.00
2017/10/23	13.08	13.10	12.90	13.03	12116806	157272672.00
2017/10/24	12.97	13.05	12.92	13.01	10472810	135920976.00
2017/10/25	13.01	13.10	12.91	13.07	11388751	148143616.00
2017/10/26	13.01	13.68	13.01	13.66	41588225	556948160.00
2017/10/27	13.60	13.82	13.55	13.75	28192631	385920224.00
2017/10/30	13.85	14.08	13.60	14.06	40487579	561486144.00
2017/10/31	13.97	14.04	13.80	13.97	22106493	307635712.00
2017/11/01	14.01	14.32	14.01	14.27	31128410	441328544.00
2017/11/02	14.20	14.32	14.00	14.12	18757016	264731824.00
2017/11/03	14.15	14.19	13.85	13.94	19121287	266623920.00
2017/11/06	13.98	14.65	13.95	14.63	33950218	488575424.00
2017/11/07	14.64	14.85	14.52	14.72	20739742	303700256.00
2017/11/08	14.60	15.15	14.60	14.73	27006954	402967296.00
2017/11/09	14.77	15.18	14.66	15.10	20923530	313408928.00
2017/11/10	15.10	15.35	15.01	15.23	18348445	278416640.00
2017/11/13	15.38	15.64	15.14	15.49	18066976	278449056.00
2017/11/14	15.35	15.49	14.91	15.04	22695544	341855072.00
2017/11/15	14.97	15.12	14.60	14.69	25652952	379828576.00
2017/11/16	14.70	15.18	14.64	15.03	25109420	375522176.00
2017/11/17	15.10	15.27	14.81	15.01	21028578	315003808.00
2017/11/20	15.00	15.19	14.60	15.17	21647707	323419424.00
2017/11/21	15.17	15.74	15.12	15.51	24536870	379925024.00
2017/11/22	15.56	15.85	15.20	15.45	26135930	406503008.00
2017/11/23	15.40	15.40	14.42	14.50	34563285	512031616.00
2017/11/24	14.48	14.57	14.19	14.38	19212831	275854720.00
2017/11/27	14.39	14.47	14.05	14.11	15044382	214531296.00
2017/11/28	14.16	14.31	14.08	14.23	11390571	161968480.00
2017/11/29	14.28	14.37	13.88	14.18	14781051	208198528.00
2017/11/30	14.12	14.31	13.98	14.03	10699393	151353120.00
2017/12/01	14.05	14.18	13.93	14.05	7142005	100450568.00
2017/12/04	14.02	14.30	13.89	14.25	13227514	186903408.00
2017/12/05	14.19	14.40	14.10	14.31	12363219	176386000.00
2017/12/06	14.25	14.25	13.78	14.03	15981431	223956304.00
2017/12/07	14.04	14.11	13.69	13.73	12730359	176807056.00
2017/12/08	13.76	13.93	13.66	13.87	12629905	174631440.00
2017/12/11	13.93	14.29	13.88	14.27	18312038	258743968.00
2017/12/12	14.30	14.32	14.10	14.11	9912521	141027088.00
2017/12/13	14.11	14.71	14.11	14.67	18324906	265025872.00
2017/12/14	14.72	14.78	14.61	14.75	13544813	199188896.00
2017/12/15	14.77	14.77	14.48	14.61	8899892	129896496.00
2017/12/18	14.62	14.71	14.33	14.58	11246867	162672336.00
2017/12/19	14.55	14.79	14.48	14.74	9875047	144790704.00
2017/12/20	14.74	14.92	14.61	14.64	14790007	218444624.00
2017/12/21	14.64	14.92	14.57	14.82	12367180	182863360.00
2017/12/22	14.82	14.97	14.64	14.68	10382768	153251888.00
2017/12/25	14.65	14.87	14.65	14.72	13282411	196145328.00
2017/12/26	14.69	14.88	14.60	14.75	12253505	180566880.00
2017/12/27	14.83	14.83	14.13	14.24	16584766	239665216.00
2017/12/28	14.28	14.61	14.16	14.55	11354573	164009728.00
2017/12/29	14.62	14.72	14.50	14.70	8474704	124086576.00
2018/01/02	14.73	14.85	14.59	14.80	13127900	193508320.00
2018/01/03	14.84	14.84	14.65	14.80	15046954	222055584.00
2018/01/04	14.75	14.78	14.54	14.62	18563569	271737280.00
2018/01/05	14.60	14.67	14.48	14.57	11979532	174297472.00
2018/01/08	14.68	14.69	14.41	14.50	16492258	239516320.00
2018/01/09	14.46	15.03	14.37	15.02	21186005	312458528.00
2018/01/10	15.02	15.02	14.71	14.85	17674001	262194304.00
2018/01/11	14.68	14.93	14.68	14.69	10981364	162262896.00
2018/01/12	14.68	15.03	14.64	14.95	17402475	258716176.00
2018/01/15	14.90	15.59	14.83	15.40	33936533	520366304.00
2018/01/16	15.32	15.87	15.32	15.83	29974451	469740224.00
2018/01/17	15.80	15.90	15.38	15.68	18631368	290662784.00
2018/01/18	15.60	16.08	15.56	15.86	15433621	244845456.00
2018/01/19	15.86	16.05	15.63	15.76	14899530	236123312.00
2018/01/22	15.77	16.00	15.52	15.96	13056478	205710384.00
2018/01/23	15.90	16.55	15.90	16.49	19417939	317270208.00
2018/01/24	16.36	16.80	16.26	16.75	21905059	362896192.00
2018/01/25	16.66	16.66	16.18	16.44	15224843	250022128.00
2018/01/26	16.49	16.66	16.27	16.53	11883909	195677856.00
2018/01/29	16.52	16.64	16.17	16.48	19815000	324558176.00
2018/01/30	16.35	16.69	16.23	16.62	15204022	251955280.00
2018/01/31	16.41	17.00	16.29	16.90	16252045	271772672.00
2018/02/01	16.98	17.25	16.55	16.77	18814840	318455008.00
2018/02/02	16.58	17.30	16.09	17.22	20182601	337333248.00
2018/02/05	16.78	17.41	16.60	17.15	23345851	397108320.00
2018/02/06	16.55	16.88	16.17	16.20	29526124	484236640.00
2018/02/07	16.57	16.63	15.31	15.49	25909388	411557120.00
2018/02/08	15.50	15.79	15.10	15.37	15033867	231487872.00
2018/02/09	14.90	15.06	14.00	14.90	36118023	531787008.00
2018/02/12	14.90	15.48	14.83	15.32	12120357	184193680.00
2018/02/13	15.45	16.09	15.45	15.61	13573885	214452304.00
2018/02/14	15.79	16.09	15.48	15.93	10124497	160323904.00
2018/02/22	16.15	16.67	16.04	16.58	10427022	171275488.00
2018/02/23	16.65	16.65	16.21	16.49	9203697	151012544.00
2018/02/26	16.48	17.15	16.47	17.00	14437622	244010864.00
2018/02/27	17.05	17.17	16.60	16.65	8544690	143501264.00
2018/02/28	16.60	16.60	16.19	16.37	10039075	164408144.00
2018/03/01	16.30	16.52	16.24	16.36	5939912	97434464.00
2018/03/02	16.29	16.36	16.05	16.19	6348477	102907704.00
2018/03/05	16.12	16.41	16.11	16.17	5713811	92837104.00
2018/03/06	16.30	16.33	15.73	16.31	9920998	159088448.00
2018/03/07	16.32	16.35	15.88	15.97	7125420	114876216.00
2018/03/08	16.02	16.17	15.90	16.15	5373444	86146192.00
2018/03/09	16.17	16.43	16.15	16.30	8153400	132800624.00
2018/03/12	16.29	16.57	16.26	16.50	10818460	178065824.00
2018/03/13	16.45	16.58	16.10	16.13	8581168	139807568.00
2018/03/14	16.14	16.14	15.85	15.94	6317731	100719760.00
2018/03/15	15.91	16.15	15.87	15.99	4955745	79244960.00
2018/03/16	16.00	16.20	15.90	15.93	3977509	63719816.00
2018/03/19	15.90	15.90	15.70	15.82	5517563	87126240.00
2018/03/20	15.72	15.95	15.70	15.87	4136883	65497944.00
2018/03/21	15.87	15.99	15.81	15.83	5396018	85828472.00
2018/03/22	15.83	15.93	15.45	15.54	9583178	149391536.00
2018/03/23	15.01	15.38	14.88	15.23	12757897	193592672.00
2018/03/26	15.18	15.38	14.92	15.23	10683027	161363424.00
2018/03/27	15.36	15.73	15.36	15.61	9583308	149324768.00
2018/03/28	15.40	15.68	14.99	15.06	12360697	188992176.00
2018/03/29	15.08	15.50	14.82	15.43	10386270	157893136.00
2018/03/30	15.43	15.77	15.35	15.64	7111866	110773488.00
2018/04/02	15.61	15.68	15.20	15.24	6476907	100053096.00
2018/04/03	15.04	15.48	15.02	15.47	7213492	110248552.00
2018/04/04	15.47	15.65	15.42	15.46	9014096	140306464.00
2018/04/09	15.43	15.64	15.31	15.63	6797947	105670896.00
2018/04/10	15.72	16.09	15.63	16.02	12501555	199183792.00
2018/04/11	16.04	16.34	16.04	16.22	8091388	131052608.00
2018/04/12	16.20	16.34	16.09	16.26	9471382	153421424.00
2018/04/13	16.27	16.40	15.78	15.88	8533422	136843968.00
2018/04/16	15.84	16.10	15.43	15.64	8678436	136381616.00
2018/04/17	15.63	15.74	15.15	15.19	9924498	152980832.00
2018/04/18	15.34	15.40	14.90	15.22	10875651	164229584.00
2018/04/19	15.23	15.44	15.03	15.40	6337422	96992408.00
2018/04/20	15.43	15.45	15.10	15.23	7355295	112319840.00
2018/04/23	15.25	15.34	14.74	14.83	11594541	173696912.00
2018/04/24	14.84	15.32	14.84	15.18	10568021	159726064.00
2018/04/25	15.20	15.34	15.11	15.29	7213335	109963104.00
数据来源:通达信
