600096 云天化 日线 不复权
      日期	    开盘	    最高	    最低	    收盘	    成交量	    成交额
2017/03/27	8.90	8.96	8.84	8.88	6833303	60816936.00
2017/03/28	8.90	8.93	8.83	8.92	5603233	49760920.00
2017/03/29	8.92	8.98	8.84	8.85	6860962	61222764.00
2017/03/30	8.84	8.88	8.68	8.78	9802805	85927720.00
2017/03/31	8.78	8.91	8.68	8.81	9560110	83935944.00
2017/04/05	8.80	8.97	8.80	8.96	8258186	73466576.00
2017/04/06	8.93	8.96	8.88	8.92	6123401	54637660.00
2017/04/07	8.89	8.93	8.85	8.91	5568401	49517300.00
2017/04/10	8.97	9.00	8.82	8.86	6690300	59667060.00
2017/04/11	9.00	9.05	8.81	8.99	11982707	106935984.00
2017/04/12	9.00	9.00	8.87	8.89	8698000	77484784.00
2017/04/13	8.89	8.97	8.86	8.95	8758308	78113424.00
2017/04/14	8.94	8.94	8.75	8.77	8999578	79409144.00
2017/04/17	8.81	8.81	8.43	8.50	12041566	103297880.00
2017/04/18	8.52	8.53	8.36	8.37	6972493	58915864.00
2017/04/19	8.34	8.39	8.13	8.22	10454074	85909328.00
2017/04/20	8.12	8.22	7.96	8.15	7642278	62112920.00
2017/04/21	8.15	8.17	8.08	8.13	4352288	35370608.00
2017/04/24	8.13	8.13	7.89	7.91	6626913	52705388.00
2017/04/25	7.93	7.99	7.89	7.91	3942049	31300174.00
2017/04/26	7.92	7.98	7.89	7.92	4347435	34472652.00
2017/04/27	7.90	7.93	7.60	7.89	6243711	48647540.00
2017/04/28	7.84	7.98	7.82	7.97	4635096	36599040.00
2017/05/02	8.00	8.00	7.91	7.94	4923288	39152256.00
2017/05/03	7.91	7.97	7.80	7.92	5359028	42240608.00
2017/05/04	7.91	8.02	7.80	7.99	5608142	44535288.00
2017/05/05	7.96	8.01	7.89	7.95	4881548	38809236.00
2017/05/08	7.90	7.90	7.58	7.63	5955625	46304280.00
2017/05/09	7.60	7.70	7.54	7.69	4632523	35284440.00
2017/05/10	7.68	7.73	7.42	7.45	5858364	44463248.00
2017/05/11	7.41	7.42	7.01	7.25	14221953	102446104.00
2017/05/12	7.24	7.24	7.10	7.14	5164855	37012264.00
2017/05/15	7.14	7.22	7.14	7.16	2709221	19430682.00
2017/05/16	7.16	7.30	7.10	7.29	4422917	31804390.00
2017/05/17	7.26	7.38	7.26	7.35	4808132	35245936.00
2017/05/18	7.28	7.34	7.24	7.24	3722384	27124748.00
2017/05/19	7.28	7.32	7.23	7.29	4990749	36386828.00
2017/05/22	7.29	7.31	7.12	7.13	5105241	36822172.00
2017/05/23	7.11	7.16	6.85	6.87	7761281	54251048.00
2017/05/24	6.81	7.02	6.69	6.96	7788560	53520552.00
2017/05/25	7.03	7.17	7.00	7.16	9774457	69411872.00
2017/05/26	7.10	7.20	7.09	7.14	5299119	37897488.00
2017/05/31	7.20	7.26	7.15	7.20	4749329	34151184.00
2017/06/01	7.18	7.18	6.92	7.00	6832807	48107668.00
2017/06/02	6.96	7.11	6.86	7.08	3925460	27403248.00
2017/06/05	7.07	7.23	7.04	7.18	4723118	33885216.00
2017/06/06	7.21	7.25	7.15	7.25	3050858	21995260.00
2017/06/07	7.25	7.35	7.21	7.34	4459512	32562368.00
2017/06/08	7.34	7.35	7.23	7.27	4002430	29117452.00
2017/06/09	7.27	7.28	7.13	7.23	4773267	34281628.00
2017/06/12	7.16	7.20	7.05	7.09	3704501	26388244.00
2017/06/13	7.09	7.25	7.09	7.24	4800845	34428648.00
2017/06/14	7.22	7.31	7.19	7.26	5346073	38841272.00
2017/06/15	7.24	7.34	7.18	7.31	5567247	40575640.00
2017/06/16	7.29	7.35	7.24	7.27	4341409	31629242.00
2017/06/19	7.27	7.34	7.26	7.30	3413845	24927842.00
2017/06/20	7.30	7.55	7.30	7.44	10552975	78242640.00
2017/06/21	7.42	7.42	7.30	7.36	5852019	43029936.00
2017/06/22	7.35	7.35	7.10	7.18	6132721	44643792.00
2017/06/23	7.15	7.24	7.10	7.21	4678309	33562564.00
2017/06/26	7.22	7.33	7.19	7.33	5764767	41915080.00
2017/06/27	7.33	7.41	7.29	7.37	5090877	37393736.00
2017/06/28	7.35	7.36	7.28	7.29	4121801	30145606.00
2017/06/29	7.34	7.43	7.31	7.37	4992277	36818472.00
2017/06/30	7.31	7.41	7.31	7.40	4705030	34692868.00
2017/07/03	7.40	7.51	7.38	7.49	5565027	41497244.00
2017/07/04	7.51	7.54	7.43	7.44	4850799	36338124.00
2017/07/05	7.43	7.53	7.41	7.51	5274257	39415664.00
2017/07/06	7.52	7.70	7.50	7.61	9631150	73167664.00
2017/07/07	7.60	7.75	7.53	7.74	8000078	61117500.00
2017/07/10	7.72	7.83	7.66	7.71	8853127	68509960.00
2017/07/11	7.70	7.73	7.54	7.58	6652445	50747672.00
2017/07/12	7.59	7.60	7.32	7.52	7832225	58372384.00
2017/07/13	7.48	7.64	7.45	7.61	6379303	48224216.00
2017/07/14	7.62	7.63	7.50	7.56	3963483	30001736.00
2017/07/17	7.55	7.55	7.00	7.12	8639047	62690368.00
2017/07/18	7.13	7.30	7.12	7.29	6071208	43673864.00
2017/07/19	7.31	8.02	7.31	8.02	26148356	202185376.00
2017/07/20	8.03	8.44	8.03	8.16	43484463	357523456.00
2017/07/21	8.05	8.15	7.94	8.07	22027525	176735104.00
2017/07/24	8.08	8.29	7.99	8.21	21901403	178584160.00
2017/07/25	8.15	8.22	7.93	7.97	16075516	129274112.00
2017/07/26	8.03	8.45	8.03	8.33	30446253	251860320.00
2017/07/27	8.24	8.54	8.19	8.25	25254484	210256960.00
2017/07/28	8.24	8.34	8.13	8.33	16291657	134258896.00
2017/07/31	8.10	8.44	7.95	8.43	26318181	215697328.00
2017/08/01	8.40	8.47	8.19	8.27	17749326	147383712.00
2017/08/02	8.26	8.69	8.13	8.52	37185222	315535872.00
2017/08/03	8.40	8.82	8.36	8.74	30504067	263309584.00
2017/08/04	8.69	8.90	8.50	8.52	23241485	202479312.00
2017/08/07	8.51	8.62	8.35	8.61	13541179	115074128.00
2017/08/08	8.59	8.60	8.36	8.42	13405589	113654536.00
2017/08/09	8.42	8.48	8.22	8.37	16361788	135993168.00
2017/08/10	8.33	8.37	8.20	8.30	11065273	91557968.00
2017/08/11	8.23	8.30	8.00	8.00	11736302	95296504.00
2017/08/14	8.02	8.09	7.95	8.08	7968931	64027864.00
2017/08/15	8.06	8.21	8.04	8.19	9408951	76460984.00
2017/08/16	8.16	8.17	7.96	8.04	10021870	80704432.00
2017/08/17	8.01	8.09	7.97	8.07	9361747	75298368.00
2017/08/18	7.99	8.06	7.97	8.02	7693620	61669820.00
2017/08/21	8.07	8.14	8.02	8.13	7316902	59253896.00
2017/08/22	8.13	8.15	8.01	8.04	5008586	40381980.00
2017/08/23	8.05	8.06	7.86	7.87	8045196	63796096.00
2017/08/24	7.85	7.95	7.83	7.88	3744501	29583596.00
2017/08/25	7.88	8.03	7.88	8.02	5174606	41260180.00
2017/08/28	8.00	8.11	8.00	8.04	6025444	48568012.00
2017/08/29	8.04	8.07	8.00	8.02	4248001	34096812.00
2017/08/30	8.04	8.16	8.00	8.11	8083065	65346848.00
2017/08/31	8.06	8.11	7.98	8.08	7045055	56633008.00
2017/09/01	8.10	8.23	8.06	8.16	9575659	78011384.00
2017/09/04	8.16	8.26	8.11	8.15	7330201	59984480.00
2017/09/05	8.17	8.20	8.00	8.02	7866949	63464400.00
2017/09/06	8.02	8.30	8.00	8.29	12364026	101288704.00
2017/09/07	8.29	8.31	8.10	8.11	9945200	81500480.00
2017/09/08	8.11	8.30	8.11	8.29	11632800	95679424.00
2017/09/13	8.60	9.12	8.54	8.78	51551403	453668288.00
2017/09/14	8.67	8.77	8.45	8.52	29645675	254788192.00
2017/09/15	8.45	8.66	8.00	8.50	22183507	186472512.00
2017/09/18	8.45	8.50	8.32	8.36	13358832	111985072.00
2017/09/19	8.32	8.44	8.25	8.28	10104956	84184512.00
2017/09/20	8.30	8.97	8.26	8.73	28778913	250103584.00
2017/09/21	8.63	8.83	8.53	8.58	18915101	163854128.00
2017/09/22	8.58	8.64	8.39	8.58	10227006	87243808.00
2017/09/25	8.56	8.75	8.51	8.59	11802296	101950472.00
2017/09/26	8.62	9.06	8.59	8.92	26598725	236263824.00
2017/09/27	8.85	9.24	8.75	9.01	28943630	260545792.00
2017/09/28	8.91	9.02	8.80	8.82	15981157	142199840.00
2017/09/29	8.85	9.00	8.78	8.83	14453381	128538840.00
2017/10/09	8.95	9.00	8.66	8.91	16055094	141483936.00
2017/10/10	8.85	8.87	8.66	8.72	12716600	111478256.00
2017/10/11	8.71	8.82	8.65	8.73	11456908	99886376.00
2017/10/12	8.74	8.77	8.46	8.57	11415937	97997288.00
2017/10/13	8.59	8.75	8.51	8.66	7625408	65900596.00
2017/10/16	8.65	8.73	8.44	8.48	8501700	72935136.00
2017/10/17	8.50	8.58	8.40	8.42	5549327	47151304.00
2017/10/18	8.42	8.53	8.33	8.40	6263677	52862352.00
2017/10/19	8.26	8.40	8.17	8.18	6959185	57451652.00
2017/10/20	8.13	8.29	8.12	8.26	4658091	38302616.00
2017/10/23	8.27	8.35	8.18	8.30	3987938	32863402.00
2017/10/24	8.27	8.32	8.17	8.26	4072100	33545886.00
2017/10/25	8.26	8.32	8.20	8.31	4401301	36414512.00
2017/10/26	8.30	8.48	8.24	8.43	6815702	57127820.00
2017/10/27	8.43	8.56	8.33	8.39	7206700	61117304.00
2017/10/30	8.39	8.43	8.02	8.20	6710059	54990968.00
2017/10/31	8.19	8.24	8.10	8.17	3971801	32391476.00
2017/11/01	8.19	8.27	8.13	8.24	3666437	30088800.00
2017/11/02	8.21	8.22	7.95	7.97	6838939	55195544.00
2017/11/03	7.91	8.05	7.85	7.94	5288800	41996992.00
2017/11/06	7.97	8.07	7.93	8.07	4224551	33839160.00
2017/11/07	8.09	8.14	8.05	8.09	4262000	34508780.00
2017/11/08	8.12	8.20	8.10	8.14	4236229	34539488.00
2017/11/09	8.12	8.21	8.10	8.18	3236901	26404136.00
2017/11/10	8.22	8.39	8.17	8.28	6095445	50345608.00
2017/11/13	8.29	8.42	8.15	8.36	5598133	46389564.00
2017/11/14	8.34	8.36	8.12	8.13	5377581	44155228.00
2017/11/15	8.20	8.21	7.98	8.01	5079712	40964656.00
2017/11/16	8.02	8.06	7.96	7.98	3356107	26885688.00
2017/11/17	7.96	8.03	7.41	7.51	9878813	76010552.00
2017/11/20	7.50	7.65	7.41	7.64	4426020	33345920.00
2017/11/21	7.67	7.73	7.55	7.65	3825701	29260792.00
2017/11/22	7.68	7.69	7.49	7.55	5344873	40394288.00
2017/11/23	7.54	7.67	7.41	7.46	4930378	37230160.00
2017/11/24	7.54	7.54	7.20	7.47	5084104	37648392.00
2017/11/27	7.49	7.53	7.30	7.35	3348525	24866406.00
2017/11/28	7.37	7.47	7.12	7.44	4875139	35566100.00
2017/11/29	7.41	7.69	7.31	7.61	6762321	50797884.00
2017/11/30	7.55	7.67	7.45	7.50	3977214	30063156.00
2017/12/01	7.49	7.65	7.36	7.60	4098600	30941418.00
2017/12/04	7.57	7.67	7.46	7.53	3156701	23969778.00
2017/12/05	7.50	7.55	7.14	7.20	6099200	44516664.00
2017/12/06	7.21	7.24	7.04	7.21	6994612	50062372.00
2017/12/07	7.20	7.26	7.10	7.14	5056607	36258176.00
2017/12/08	7.15	7.25	7.13	7.21	6041145	43438404.00
2017/12/11	7.22	7.35	7.21	7.32	4767515	34731128.00
2017/12/12	7.34	7.37	7.26	7.28	3075700	22513840.00
2017/12/13	7.32	7.32	7.12	7.20	6563354	47186212.00
2017/12/14	7.15	7.32	7.15	7.29	6015554	43627960.00
2017/12/15	7.26	7.31	7.15	7.21	3565300	25731360.00
2017/12/18	7.18	7.29	7.17	7.20	4035182	29132372.00
2017/12/19	7.15	7.23	7.15	7.18	3809676	27370652.00
2017/12/20	7.08	7.18	7.03	7.05	5524666	39142172.00
2017/12/21	7.02	7.04	6.87	6.98	5071003	35307484.00
2017/12/22	6.97	7.03	6.93	6.97	3109755	21691174.00
2017/12/25	6.94	7.00	6.88	6.89	2651978	18390868.00
2017/12/26	6.95	7.15	6.92	7.08	5671220	40077140.00
2017/12/27	7.04	7.20	7.01	7.09	5387676	38376512.00
2017/12/28	7.06	7.20	7.05	7.15	4995721	35533536.00
2017/12/29	7.11	7.20	7.11	7.16	3427393	24525348.00
2018/01/02	7.18	7.56	7.15	7.41	8701983	64213104.00
2018/01/03	7.38	7.44	7.33	7.37	4818948	35589608.00
2018/01/04	7.38	7.51	7.33	7.46	6172055	45926048.00
2018/01/05	7.42	7.66	7.37	7.48	6975103	52506468.00
2018/01/08	7.45	7.70	7.45	7.64	15011598	113276440.00
2018/01/09	7.59	7.59	7.41	7.43	6327572	47429896.00
2018/01/10	7.45	7.53	7.30	7.44	5069689	37625516.00
2018/01/11	7.39	7.54	7.35	7.52	5780111	43153640.00
2018/01/12	7.47	7.51	7.42	7.47	3319195	24746904.00
2018/01/15	7.48	7.56	7.31	7.37	7017463	52261920.00
2018/01/16	7.38	7.42	7.29	7.41	5292795	38928196.00
2018/01/17	7.39	7.42	7.28	7.37	3776247	27742660.00
2018/01/18	7.44	7.57	7.44	7.55	6990082	52522248.00
2018/01/19	7.53	7.55	7.44	7.46	5298503	39699672.00
2018/01/22	7.46	7.65	7.46	7.60	6743602	51074900.00
2018/01/23	7.59	7.67	7.50	7.60	5639169	42736936.00
2018/01/24	7.61	7.62	7.48	7.54	5037257	37882516.00
2018/01/25	7.52	7.87	7.51	7.66	11865068	90769192.00
2018/01/26	7.63	7.70	7.55	7.59	7332766	55883696.00
2018/01/29	7.62	7.67	7.46	7.49	6601300	49931104.00
2018/01/30	7.50	7.56	7.45	7.50	3455729	25943020.00
2018/01/31	7.40	7.45	7.15	7.20	8045826	58412596.00
2018/02/01	7.19	7.25	6.91	6.92	8623395	60691816.00
2018/02/02	6.92	7.07	6.77	7.04	6432390	44805568.00
2018/02/05	6.92	7.15	6.92	7.10	5117769	36027624.00
2018/02/06	7.00	7.04	6.60	6.61	7526352	51930240.00
2018/02/07	6.78	6.84	6.57	6.73	7110059	47796260.00
2018/02/08	6.70	6.81	6.70	6.78	2906885	19642188.00
2018/02/09	6.62	6.72	6.10	6.39	5992730	38873024.00
2018/02/12	6.42	6.59	6.40	6.50	3377800	22043688.00
2018/02/13	6.55	6.64	6.52	6.53	3410510	22459442.00
2018/02/14	6.53	6.60	6.38	6.57	3238229	21193380.00
2018/02/22	6.65	6.75	6.58	6.70	3810601	25498456.00
2018/02/23	6.70	6.79	6.64	6.78	5063655	34062216.00
2018/02/26	6.79	6.96	6.77	6.88	5917376	40690936.00
2018/02/27	6.88	6.94	6.79	6.89	5760902	39481228.00
2018/02/28	6.89	6.89	6.77	6.85	4189662	28625500.00
2018/03/01	6.79	6.93	6.77	6.92	5425690	37327760.00
2018/03/02	6.86	7.04	6.86	6.95	4771400	33253250.00
2018/03/05	6.95	7.06	6.88	6.90	4013979	27935480.00
2018/03/06	6.94	7.07	6.89	7.06	4009127	28095504.00
2018/03/07	7.06	7.06	6.86	6.91	6152409	42781256.00
2018/03/08	6.87	6.93	6.83	6.91	3366122	23167336.00
2018/03/09	6.91	6.98	6.84	6.96	4342018	30086140.00
2018/03/12	6.96	7.09	6.93	7.05	6052181	42514072.00
2018/03/13	7.04	7.18	7.01	7.07	7381373	52455880.00
2018/03/14	7.07	7.16	7.02	7.09	5637601	40079060.00
2018/03/15	7.11	7.20	6.93	7.02	6284690	44421240.00
2018/03/16	7.01	7.08	6.93	6.93	4381111	30657760.00
2018/03/19	6.93	6.98	6.83	6.95	3952284	27391000.00
2018/03/20	6.98	6.98	6.82	6.89	3617355	24892900.00
2018/03/21	6.88	7.01	6.85	6.90	4765496	33074820.00
2018/03/22	6.92	6.99	6.87	6.92	4538293	31416840.00
2018/03/23	6.70	7.61	6.64	7.11	24809902	176898320.00
2018/03/26	7.40	7.75	7.20	7.38	36575340	274358784.00
2018/03/27	7.12	7.50	7.01	7.41	29631935	212790560.00
2018/03/28	7.23	7.31	7.08	7.10	16971100	121896656.00
2018/03/29	7.18	7.20	7.06	7.18	8802279	62803864.00
2018/03/30	7.15	7.18	7.08	7.10	8723449	62096872.00
2018/04/02	7.09	7.22	7.05	7.19	11444905	81589936.00
2018/04/03	7.11	7.15	6.89	6.90	12716916	88952472.00
2018/04/04	6.95	7.08	6.89	7.00	8201877	57175040.00
2018/04/09	7.13	7.20	6.98	7.01	7749443	54587540.00
2018/04/10	7.06	7.06	6.89	6.97	6965457	48522596.00
2018/04/11	7.01	7.05	6.94	7.01	6056433	42408672.00
2018/04/12	6.96	7.00	6.84	6.86	5388624	37210304.00
2018/04/13	6.87	6.91	6.75	6.75	5302558	36168900.00
2018/04/16	6.72	6.77	6.55	6.70	5827164	38897856.00
2018/04/17	6.73	6.74	6.53	6.54	5137300	33976820.00
2018/04/18	6.56	6.62	6.44	6.59	5696600	37236508.00
2018/04/19	6.59	6.65	6.56	6.62	4048174	26783184.00
2018/04/20	6.60	6.63	6.48	6.49	3985779	26054214.00
2018/04/23	6.50	6.55	6.41	6.46	2545282	16466257.00
2018/04/24	6.46	6.58	6.42	6.57	3749004	24501576.00
2018/04/25	6.54	6.72	6.50	6.54	5731532	37797972.00
数据来源:通达信
