600079 人福医药 日线 不复权
      日期	    开盘	    最高	    最低	    收盘	    成交量	    成交额
2017/03/27	21.01	21.30	20.75	20.78	8909845	187216336.00
2017/03/28	20.72	20.86	20.56	20.77	6804336	140754128.00
2017/03/29	20.61	20.65	19.96	20.01	24601404	497299456.00
2017/03/30	19.92	20.06	19.50	19.90	10861527	214646512.00
2017/03/31	19.79	20.04	19.70	19.74	5650779	112144960.00
2017/04/05	19.73	20.03	19.70	19.94	6997300	139395328.00
2017/04/06	19.95	20.36	19.95	20.35	8069351	163347616.00
2017/04/07	20.35	20.38	20.10	20.28	6246636	126568208.00
2017/04/10	20.27	20.27	19.75	19.96	9403701	188339952.00
2017/04/11	19.96	20.15	19.61	19.81	9447193	186849568.00
2017/04/12	19.77	20.08	19.72	20.02	6448909	128276608.00
2017/04/13	19.98	20.22	19.81	20.12	8118653	162962352.00
2017/04/14	20.22	20.22	19.91	20.09	4972736	99554336.00
2017/04/17	20.13	20.14	19.65	19.77	6808487	134772928.00
2017/04/18	19.78	20.26	19.76	19.89	9364802	187368160.00
2017/04/19	19.88	20.16	19.78	20.12	7184274	143945008.00
2017/04/20	20.12	20.75	20.00	20.42	14020001	286598208.00
2017/04/21	20.58	20.60	19.98	20.51	11196050	227413456.00
2017/04/24	20.40	20.67	20.02	20.65	10774419	219493776.00
2017/04/25	20.54	20.69	20.30	20.49	6663534	136631712.00
2017/04/26	20.45	20.58	20.25	20.27	5740957	117238776.00
2017/04/27	20.24	20.32	19.85	20.22	7142417	143441152.00
2017/04/28	20.20	20.22	19.95	20.00	6102647	122323672.00
2017/05/02	19.91	20.22	19.91	20.20	3426153	68797336.00
2017/05/03	20.12	20.18	19.95	20.02	5170341	103457664.00
2017/05/04	20.02	20.31	19.90	20.13	6476804	130584592.00
2017/05/05	20.14	20.34	19.95	20.25	5678158	114499728.00
2017/05/08	20.29	20.62	20.15	20.34	10000229	204515552.00
2017/05/09	20.29	20.29	19.90	20.03	7543321	151155760.00
2017/05/10	20.01	20.12	19.63	19.92	7959653	158110496.00
2017/05/11	19.74	20.09	19.32	19.98	11246057	221767232.00
2017/05/12	19.80	19.99	19.66	19.70	5227313	103636080.00
2017/05/15	19.65	20.07	19.61	19.80	3445508	68579784.00
2017/05/16	19.82	20.58	19.76	20.48	9384913	189877808.00
2017/05/17	20.48	20.67	20.35	20.46	5756041	117850152.00
2017/05/18	20.48	20.57	20.30	20.49	7898684	161826864.00
2017/05/19	20.42	20.45	20.06	20.15	6006440	121701960.00
2017/05/22	20.02	20.78	20.02	20.67	10534174	215935072.00
2017/05/23	20.67	21.32	20.52	20.96	13640183	284824896.00
2017/05/24	20.85	21.09	20.30	21.08	10395646	215047136.00
2017/05/31	21.50	21.50	18.97	19.38	58022791	1133361920.00
2017/06/01	19.10	19.60	18.75	19.55	30931240	593566144.00
2017/06/02	19.35	19.35	18.85	18.89	21150803	401421280.00
2017/06/05	18.88	19.12	18.76	18.93	10373113	197132464.00
2017/06/06	18.88	19.07	18.58	18.73	15510412	290652128.00
2017/06/07	18.72	19.09	18.67	19.00	17059657	322716800.00
2017/06/08	18.99	19.40	18.93	19.35	15387675	293824224.00
2017/06/09	19.36	19.36	19.07	19.10	12511589	240103328.00
2017/06/12	19.06	19.27	18.89	19.03	14015474	267187936.00
2017/06/13	19.24	19.70	19.24	19.47	29292759	569213952.00
2017/06/14	19.36	19.40	19.14	19.23	9360250	179841840.00
2017/06/15	19.26	19.34	19.13	19.30	8690453	167256192.00
2017/06/16	19.25	19.25	19.06	19.14	6245470	119435976.00
2017/06/19	19.15	19.18	18.92	19.08	9854393	187429184.00
2017/06/20	19.08	19.23	19.06	19.09	8536601	163448976.00
2017/06/21	19.14	19.15	19.01	19.14	6935106	132373200.00
2017/06/22	19.12	19.28	19.04	19.21	15398748	295529408.00
2017/06/23	19.10	19.15	18.91	19.07	13642807	259083312.00
2017/06/26	19.04	19.31	18.85	19.26	14990278	285798176.00
2017/06/27	19.25	19.25	18.95	19.09	13915766	265445472.00
2017/06/28	19.41	19.69	19.26	19.39	26716674	520224224.00
2017/06/29	19.40	19.74	19.33	19.66	14040749	274446240.00
2017/06/30	19.60	19.68	19.51	19.62	6303224	123449520.00
2017/07/03	19.60	19.87	19.50	19.60	9100434	178708960.00
2017/07/04	19.60	19.66	19.44	19.48	6455009	125944656.00
2017/07/05	19.41	19.54	19.29	19.48	11677112	226418080.00
2017/07/06	19.49	19.49	18.98	19.15	12934350	248272864.00
2017/07/07	19.12	19.12	18.97	19.02	11204395	213052496.00
2017/07/10	19.02	19.07	18.86	18.89	9793388	185573424.00
2017/07/11	18.90	18.98	18.84	18.85	7115500	134436384.00
2017/07/12	18.81	18.92	18.50	18.85	10369396	194082416.00
2017/07/13	18.88	18.98	18.82	18.92	7087862	134115376.00
2017/07/14	18.87	19.04	18.80	18.88	4585927	86724512.00
2017/07/17	18.87	18.87	18.19	18.25	8897067	164188272.00
2017/07/18	18.25	18.40	17.86	18.18	14205613	256105360.00
2017/07/19	18.15	18.18	17.91	18.17	13029187	234529872.00
2017/07/20	18.17	18.32	18.06	18.19	11278157	205133952.00
2017/07/21	18.18	18.36	18.08	18.24	5158422	94115304.00
2017/07/24	18.18	18.46	18.18	18.31	4506773	82714112.00
2017/07/25	18.34	18.40	18.20	18.30	3611600	66102436.00
2017/07/26	18.30	18.30	18.00	18.08	5220519	94468792.00
2017/07/27	18.00	18.33	18.00	18.26	5608615	102089704.00
2017/07/28	18.35	18.68	18.28	18.60	7747142	143649232.00
2017/07/31	18.59	18.86	18.40	18.59	6858280	127458896.00
2017/08/01	18.65	18.71	18.42	18.55	5374320	99379112.00
2017/08/02	18.56	18.58	18.20	18.26	7833179	143948368.00
2017/08/03	18.40	18.42	18.15	18.19	6296498	114680624.00
2017/08/04	18.21	18.29	18.05	18.20	8877849	161169504.00
2017/08/07	18.17	18.36	18.09	18.35	6744380	122999472.00
2017/08/08	18.30	18.47	18.17	18.43	4924468	90352184.00
2017/08/09	18.46	18.65	18.35	18.48	5668602	104941200.00
2017/08/10	18.49	18.61	18.30	18.46	4416655	81632792.00
2017/08/11	18.50	18.88	18.35	18.71	11908681	222934336.00
2017/08/14	18.76	19.02	18.64	18.80	7335549	138457552.00
2017/08/15	18.81	18.88	18.62	18.69	3402000	63607500.00
2017/08/16	18.69	18.76	18.54	18.58	4721795	87771424.00
2017/08/17	18.60	18.86	18.55	18.83	5049962	94560360.00
2017/08/18	18.79	18.98	18.70	18.94	5911210	111675264.00
2017/08/21	18.93	19.05	18.88	19.00	5835378	110643096.00
2017/08/22	19.00	19.11	18.80	18.94	4186777	79526624.00
2017/08/23	18.91	18.91	18.44	18.48	10681531	199030752.00
2017/08/24	18.42	18.58	18.38	18.53	7296487	134956992.00
2017/08/25	18.64	18.64	18.46	18.56	7705892	142845840.00
2017/08/28	18.64	18.73	18.53	18.63	8935716	166281616.00
2017/08/29	18.63	18.81	18.58	18.59	6106111	114139584.00
2017/08/30	18.70	18.78	18.44	18.59	17059471	316558048.00
2017/08/31	18.52	18.62	18.22	18.42	13646227	250722096.00
2017/09/01	18.40	18.41	18.24	18.29	9120124	166777728.00
2017/09/04	18.29	18.39	18.25	18.35	7932431	145349104.00
2017/09/05	18.38	18.46	18.18	18.24	11068024	202737024.00
2017/09/06	18.20	18.25	17.95	18.07	10854230	195653744.00
2017/09/07	18.10	18.20	18.00	18.14	7254412	131435576.00
2017/09/08	18.14	18.20	18.05	18.12	5327164	96627056.00
2017/09/11	18.12	18.23	18.05	18.21	4482335	81412992.00
2017/09/12	18.20	18.22	18.02	18.11	10118312	183310336.00
2017/09/13	18.10	18.66	18.10	18.56	13663002	251083472.00
2017/09/14	18.57	18.59	18.31	18.48	10058663	185313072.00
2017/09/15	18.47	18.47	18.30	18.35	6984028	128252936.00
2017/09/18	18.33	18.46	18.25	18.36	5354109	97982720.00
2017/09/19	18.35	18.35	18.16	18.23	5233893	95455696.00
2017/09/20	18.25	18.27	18.18	18.23	4716257	85926840.00
2017/09/21	18.12	18.29	18.08	18.11	6495517	117910552.00
2017/09/22	18.09	18.14	17.99	18.01	5137744	92756128.00
2017/09/25	18.03	18.16	17.98	18.01	5200796	93997136.00
2017/09/26	18.01	18.09	17.91	18.00	4712716	84742384.00
2017/09/27	18.01	18.12	17.98	18.06	3377267	61044152.00
2017/09/28	18.30	18.34	18.11	18.12	8179523	149108912.00
2017/09/29	18.18	18.18	17.97	18.11	11305969	204096000.00
2017/10/09	18.25	18.35	18.18	18.24	6884041	125710416.00
2017/10/10	18.39	18.60	18.39	18.53	14893787	275768480.00
2017/10/11	18.56	18.78	18.42	18.47	11894318	220884672.00
2017/10/12	18.56	18.64	18.45	18.57	7007757	129926792.00
2017/10/13	18.63	18.67	18.51	18.56	7431563	138075008.00
2017/10/16	18.60	18.72	18.39	18.40	8368380	154979568.00
2017/10/17	18.41	18.48	18.37	18.43	5348105	98502016.00
2017/10/18	18.43	18.43	18.26	18.29	6290375	115473216.00
2017/10/19	18.34	18.57	18.31	18.42	8389806	154716608.00
2017/10/20	18.40	18.56	18.39	18.50	5093609	94071088.00
2017/10/23	18.50	18.83	18.50	18.78	13831805	258150176.00
2017/10/24	18.74	19.14	18.71	19.03	19511451	369838848.00
2017/10/25	18.99	19.74	18.95	19.59	23978738	466296480.00
2017/10/26	19.60	19.64	19.33	19.52	13892917	271195264.00
2017/10/27	19.57	19.64	19.39	19.54	8203344	160019056.00
2017/10/30	19.63	19.65	18.95	19.58	18140209	352023872.00
2017/10/31	19.23	19.23	18.83	18.99	23105608	439484224.00
2017/11/01	18.91	19.26	18.86	19.17	14542582	277203936.00
2017/11/02	19.14	19.14	18.89	19.12	11495468	218496720.00
2017/11/03	18.97	19.19	18.84	19.12	12417516	236021408.00
2017/11/06	19.13	19.70	19.04	19.65	23618368	459041312.00
2017/11/07	19.85	20.35	19.76	20.03	30521299	612702400.00
2017/11/08	20.01	20.20	19.77	19.85	18172335	363048832.00
2017/11/09	19.86	19.98	19.66	19.97	15576692	308327968.00
2017/11/10	19.89	20.26	19.80	20.18	23743892	477124992.00
2017/11/13	20.20	20.28	19.78	19.84	18916914	377134784.00
2017/11/14	19.77	19.80	19.37	19.48	17896813	349717440.00
2017/11/15	19.45	19.65	19.36	19.52	11509376	224500944.00
2017/11/16	19.42	19.68	19.23	19.60	13956549	271651136.00
2017/11/17	19.64	19.78	19.29	19.75	22675099	443230304.00
2017/11/20	19.65	20.09	19.36	19.73	20777294	409958592.00
2017/11/21	19.68	20.06	19.31	19.34	26230196	516428000.00
2017/11/22	19.32	19.44	18.85	18.97	24065465	457586720.00
2017/11/23	19.06	19.12	18.26	18.36	20189274	376857664.00
2017/11/24	18.31	18.47	18.17	18.41	9748680	178818496.00
2017/11/27	18.42	18.42	17.99	18.24	13265547	240702736.00
2017/11/28	18.03	18.35	18.02	18.15	10023518	182028160.00
2017/11/29	18.25	18.30	18.03	18.10	9387976	170162576.00
2017/11/30	18.12	18.18	17.42	17.49	19950387	354391648.00
2017/12/01	17.50	17.81	17.31	17.77	13204670	233295296.00
2017/12/04	17.79	17.92	17.60	17.77	8653702	154003200.00
2017/12/05	17.69	18.05	17.61	17.74	8204727	146456560.00
2017/12/06	17.72	17.90	17.56	17.88	6678159	118580448.00
2017/12/07	17.90	17.92	17.66	17.71	5909550	105083112.00
2017/12/08	17.75	18.06	17.66	18.01	7117566	127525280.00
2017/12/11	18.03	18.36	17.92	18.29	10834479	197362736.00
2017/12/12	18.20	18.34	18.10	18.11	6468979	117774248.00
2017/12/13	18.18	18.31	18.11	18.23	4475688	81652080.00
2017/12/14	18.24	18.26	18.13	18.18	4542748	82596328.00
2017/12/15	18.20	18.20	17.60	17.88	7228049	129527048.00
2017/12/18	17.88	18.02	17.77	17.88	4555930	81528392.00
2017/12/19	17.85	18.05	17.85	18.03	5070634	91266064.00
2017/12/20	18.13	18.27	17.90	18.05	7784178	140612592.00
2017/12/21	17.99	18.11	17.78	18.00	6723155	120788136.00
2017/12/22	18.08	18.25	18.01	18.16	6057052	110054680.00
2017/12/25	18.16	18.23	18.00	18.17	5084920	92220048.00
2017/12/26	18.10	18.55	18.04	18.24	9092710	166028448.00
2017/12/27	18.22	18.22	17.89	18.04	6371570	114988936.00
2017/12/28	18.02	18.04	17.78	17.92	5363411	96075440.00
2017/12/29	17.96	17.98	17.78	17.84	7491069	133654064.00
2018/01/02	18.11	18.28	17.93	18.22	13917384	252411360.00
2018/01/03	18.19	18.49	18.14	18.37	12246347	224155824.00
2018/01/04	18.35	18.42	18.24	18.33	8339226	152870288.00
2018/01/05	18.26	18.47	18.25	18.44	9841547	180670480.00
2018/01/08	18.47	18.49	18.19	18.30	12005362	219407808.00
2018/01/09	18.27	18.45	18.22	18.43	10841133	199029808.00
2018/01/10	18.43	18.44	18.09	18.30	8805663	160636800.00
2018/01/11	18.15	18.25	17.93	18.00	14926579	269722080.00
2018/01/12	17.98	18.09	17.95	18.00	6453630	116183744.00
2018/01/15	18.06	18.10	17.72	17.77	9974413	178286976.00
2018/01/16	17.73	17.87	17.65	17.87	8745136	155223072.00
2018/01/17	17.89	17.89	17.56	17.70	9246216	163462528.00
2018/01/18	17.63	17.75	17.63	17.70	7534783	133325368.00
2018/01/19	17.70	17.73	17.51	17.54	11604154	204013408.00
2018/01/22	17.46	17.73	17.40	17.72	9708945	170976880.00
2018/01/23	17.74	17.81	17.57	17.69	8017798	141744080.00
2018/01/24	17.69	18.01	17.65	17.99	16618536	296365856.00
2018/01/25	17.95	18.22	17.88	18.05	10164135	183607456.00
2018/01/26	18.06	18.14	17.88	18.01	9666970	173993504.00
2018/01/29	17.88	18.04	17.62	17.68	11932900	212264160.00
2018/01/30	17.48	17.48	16.74	16.80	26012354	443173856.00
2018/01/31	16.79	16.79	16.00	16.06	22700378	368107424.00
2018/02/01	16.09	16.13	14.88	15.07	35957293	553619072.00
2018/02/02	15.01	15.30	14.96	15.08	15145157	229311856.00
2018/02/05	14.95	15.28	14.81	15.20	16572352	250818320.00
2018/02/06	14.73	15.09	14.53	14.88	14770348	218703456.00
2018/02/07	15.01	15.26	14.88	15.14	13992582	211266624.00
2018/02/08	15.15	15.82	15.14	15.64	15215981	235642208.00
2018/02/09	15.33	15.59	14.70	15.15	14180027	216137408.00
2018/02/12	15.19	15.36	15.00	15.24	11046960	167823552.00
2018/02/13	15.36	15.38	15.17	15.20	7728929	117786928.00
2018/02/14	15.22	15.26	14.98	15.06	5371822	81082656.00
2018/02/22	15.17	15.36	15.10	15.30	8705845	132608552.00
2018/02/23	15.35	15.38	15.12	15.17	10853717	164857456.00
2018/02/26	15.19	15.57	15.18	15.57	15918306	245276688.00
2018/02/27	15.50	15.71	15.42	15.67	14024890	218509632.00
2018/02/28	15.56	15.85	15.33	15.66	13496673	211736736.00
2018/03/01	15.56	15.76	15.47	15.70	9000504	140915200.00
2018/03/02	15.70	16.12	15.54	15.59	15223267	240713312.00
2018/03/05	15.60	15.65	15.34	15.42	13422167	206992448.00
2018/03/06	15.54	15.82	15.42	15.78	17294902	270881664.00
2018/03/07	15.71	15.83	15.46	15.50	14864810	231737264.00
2018/03/08	15.51	16.16	15.51	16.03	31104009	495532704.00
2018/03/09	16.00	16.03	15.86	16.02	19300480	307512544.00
2018/03/12	16.07	16.13	15.93	16.04	24714741	396364224.00
2018/03/13	16.03	16.03	15.75	15.77	15412419	244300000.00
2018/03/14	15.73	15.93	15.71	15.74	13062939	206385088.00
2018/03/15	15.72	15.79	15.25	15.43	15652774	242613888.00
2018/03/16	15.37	15.52	15.32	15.33	11737740	181003872.00
2018/03/19	15.33	15.43	15.22	15.35	8682683	133049576.00
2018/03/20	15.35	16.36	15.13	16.28	50701756	808628352.00
2018/03/21	16.27	16.28	15.82	15.91	28224715	452871712.00
2018/03/22	15.87	15.96	15.51	15.60	20236611	317627456.00
2018/03/23	15.02	15.39	14.56	14.76	23299077	350278496.00
2018/03/26	14.60	15.25	14.55	15.21	15529627	232108416.00
2018/03/27	15.34	15.42	15.08	15.28	21329918	324959488.00
2018/03/28	15.09	15.30	14.91	15.00	13371557	201711504.00
2018/03/29	15.00	15.41	14.96	15.25	13838850	210684752.00
2018/03/30	15.26	15.69	15.21	15.56	20711613	319182944.00
2018/04/02	15.57	15.57	15.33	15.35	16707741	257442304.00
2018/04/03	15.20	15.86	15.12	15.64	22125387	345320768.00
2018/04/04	15.95	16.18	15.66	15.74	24757354	395044096.00
2018/04/09	15.63	16.05	15.42	16.01	22356181	352221696.00
2018/04/10	16.13	16.15	15.78	15.99	16093288	256762192.00
2018/04/11	16.07	16.12	15.80	15.95	17653170	282023520.00
2018/04/12	15.97	15.97	15.21	15.37	39470327	610520000.00
2018/04/13	15.50	15.51	15.06	15.17	23914918	364044192.00
2018/04/16	15.15	15.15	14.87	14.99	15081018	226076640.00
2018/04/17	14.98	15.08	14.75	14.78	12327379	183573744.00
2018/04/18	14.89	14.93	14.54	14.90	14619986	215813184.00
2018/04/19	14.88	15.08	14.81	14.99	11432253	171339632.00
2018/04/20	14.90	14.94	14.61	14.65	9646477	142800352.00
2018/04/23	14.68	14.77	14.41	14.48	9454500	137590816.00
2018/04/24	14.48	14.71	14.48	14.59	15475617	226186576.00
2018/04/25	14.52	14.85	14.33	14.80	17578083	254817872.00
数据来源:通达信
