600076 康欣新材 日线 不复权
      日期	    开盘	    最高	    最低	    收盘	    成交量	    成交额
2017/03/27	10.51	10.55	10.29	10.49	14518311	150929776.00
2017/03/28	10.49	10.93	10.38	10.73	29432609	315981952.00
2017/03/29	10.73	10.91	10.61	10.67	25266786	271971424.00
2017/03/30	10.65	10.67	10.21	10.37	24162360	251521872.00
2017/03/31	10.35	10.38	10.15	10.29	15342303	157388544.00
2017/04/05	10.20	10.57	10.20	10.52	17875572	186211904.00
2017/04/06	10.52	10.56	10.25	10.33	16182483	168228928.00
2017/04/07	10.30	10.39	9.94	9.97	27007063	273986752.00
2017/04/10	9.91	9.91	9.70	9.84	23282935	227816816.00
2017/04/11	9.84	9.94	9.40	9.85	29195695	282947392.00
2017/04/12	9.78	9.92	9.63	9.69	14810486	144881504.00
2017/04/13	9.63	9.70	9.46	9.53	15967873	152857184.00
2017/04/14	9.54	9.64	9.46	9.57	10334006	98587616.00
2017/04/17	9.48	9.54	9.35	9.43	11606494	109586976.00
2017/04/18	9.44	9.55	9.31	9.32	10458324	98451672.00
2017/04/19	9.31	9.37	9.00	9.32	14096524	129638832.00
2017/04/20	9.32	9.37	9.12	9.23	9949483	91921680.00
2017/04/21	9.23	9.33	9.03	9.06	10864814	99368752.00
2017/04/24	9.05	9.16	8.92	9.07	13367402	121050552.00
2017/04/25	9.11	9.25	9.08	9.24	11038046	101230632.00
2017/04/26	9.25	9.28	9.18	9.21	6725532	62086816.00
2017/04/27	9.25	9.53	9.05	9.48	16435599	153018144.00
2017/04/28	9.30	9.44	9.27	9.38	16100757	150191776.00
2017/05/02	9.31	9.47	9.31	9.35	11105793	104286760.00
2017/05/03	9.32	9.40	9.17	9.22	8614991	80028056.00
2017/05/04	9.20	9.22	9.07	9.09	9253687	84520136.00
2017/05/05	9.05	9.13	9.01	9.03	6979421	63191060.00
2017/05/08	9.03	9.04	8.70	8.78	15273107	134881808.00
2017/05/09	8.70	9.03	8.70	9.02	9413383	83811560.00
2017/05/10	8.97	9.05	8.75	8.75	9178943	81655464.00
2017/05/11	8.75	8.82	8.55	8.73	13368142	116113072.00
2017/05/12	8.71	8.76	8.56	8.61	9246161	79921136.00
2017/05/15	8.61	8.72	8.39	8.43	10708361	91471368.00
2017/05/16	8.42	8.77	8.25	8.74	15744623	135115600.00
2017/05/17	8.70	8.93	8.68	8.88	14469626	127400976.00
2017/05/18	8.82	8.85	8.71	8.74	7665545	67354736.00
2017/05/19	8.75	8.82	8.58	8.62	5426123	46964792.00
2017/05/22	8.61	8.64	8.31	8.34	8084511	68428360.00
2017/05/23	8.33	8.60	8.25	8.58	9861684	82700264.00
2017/05/24	8.40	8.54	8.22	8.46	10538571	88272672.00
2017/05/25	8.48	8.60	8.27	8.47	8938681	75119848.00
2017/05/26	8.40	8.53	8.40	8.49	5563067	47214800.00
2017/05/31	8.53	8.60	8.38	8.38	8324132	70509848.00
2017/06/01	8.35	8.36	7.81	7.83	16655748	134256400.00
2017/06/02	7.85	8.00	7.53	7.93	13640564	105590200.00
2017/06/05	7.90	7.99	7.85	7.88	8453722	66835664.00
2017/06/06	7.88	7.96	7.73	7.89	12901593	101175888.00
2017/06/07	7.84	8.17	7.81	8.15	16105101	129481376.00
2017/06/08	8.13	8.17	8.07	8.11	8105900	65778168.00
2017/06/09	8.08	8.32	8.08	8.28	13001386	107081952.00
2017/06/12	8.22	8.44	8.21	8.31	12402973	103554248.00
2017/06/13	8.29	8.46	8.24	8.36	10553465	88377480.00
2017/06/14	8.36	8.46	8.21	8.22	15867371	132249544.00
2017/06/15	8.21	8.45	8.19	8.40	11981685	100402352.00
2017/06/16	8.37	8.45	8.36	8.42	7681541	64609580.00
2017/06/19	8.41	8.62	8.38	8.54	8973047	76585680.00
2017/06/20	8.58	8.68	8.46	8.52	10114152	86869976.00
2017/06/21	8.53	8.64	8.50	8.62	10115940	86831760.00
2017/06/22	8.62	8.63	8.42	8.43	12272533	104318096.00
2017/06/23	8.41	8.50	8.31	8.47	6676926	56141760.00
2017/06/26	8.45	8.76	8.39	8.76	13516780	115851488.00
2017/06/27	8.72	8.84	8.66	8.78	8465023	74123088.00
2017/06/28	8.74	8.85	8.68	8.79	8309377	72994712.00
2017/06/29	8.76	8.84	8.74	8.75	4123422	36166016.00
2017/06/30	8.72	9.00	8.70	8.97	14623170	129765856.00
2017/07/03	8.94	9.05	8.88	8.98	6264045	56082352.00
2017/07/04	8.98	9.02	8.86	8.89	7831191	69795800.00
2017/07/05	8.90	9.12	8.87	9.10	10159111	91702160.00
2017/07/06	9.10	9.15	9.00	9.09	6593459	59834856.00
2017/07/07	9.08	9.18	9.01	9.14	7101200	64670032.00
2017/07/10	9.12	9.41	9.08	9.30	13609217	125994696.00
2017/07/11	9.27	9.48	9.20	9.21	11655870	109041960.00
2017/07/12	9.15	9.26	8.88	9.22	13125231	119013216.00
2017/07/13	9.20	9.29	9.05	9.14	8340506	76080000.00
2017/07/14	9.08	9.44	9.03	9.31	17442325	161633808.00
2017/07/17	9.27	9.31	8.55	8.86	11230113	101061320.00
2017/07/18	8.77	8.90	8.36	8.64	14119684	121823024.00
2017/07/19	8.58	9.31	8.55	9.09	13706525	122722272.00
2017/07/20	9.20	9.46	9.13	9.41	17540121	163721760.00
2017/07/21	9.38	9.55	9.35	9.39	13272523	125155640.00
2017/07/24	9.39	9.83	9.34	9.76	27202875	263288160.00
2017/07/25	9.75	9.87	9.67	9.74	12150763	118554520.00
2017/07/26	9.74	10.15	9.74	9.95	32968303	327973408.00
2017/07/27	9.95	10.42	9.85	9.87	54814546	555334528.00
2017/07/28	9.98	10.04	9.50	9.77	19387155	189307040.00
2017/07/31	9.79	9.93	9.59	9.78	17695833	172163456.00
2017/08/01	9.76	10.05	9.68	10.00	24445191	242375120.00
2017/08/02	10.08	10.08	9.81	9.82	15605021	154973040.00
2017/08/03	9.78	9.80	9.57	9.63	13286443	128058272.00
2017/08/04	9.63	9.72	9.56	9.58	10280335	99109368.00
2017/08/07	9.58	9.74	9.55	9.66	9047815	87202312.00
2017/08/08	9.66	9.80	9.56	9.65	8043802	77573856.00
2017/08/09	9.57	9.67	9.50	9.59	5575868	53319728.00
2017/08/10	9.55	9.62	9.21	9.57	17467113	164368512.00
2017/08/11	9.45	9.61	9.38	9.51	7591975	72147712.00
2017/08/14	9.53	9.58	9.41	9.51	7154250	68010776.00
2017/08/15	9.51	9.74	9.46	9.59	10820477	103831176.00
2017/08/16	9.59	9.72	9.54	9.63	6179780	59541980.00
2017/08/17	9.68	9.72	9.59	9.68	6907600	66655536.00
2017/08/18	9.68	9.99	9.64	9.95	18523548	183184624.00
2017/08/21	10.02	10.22	9.99	10.12	23955694	242510256.00
2017/08/22	10.09	10.18	9.87	9.94	14481390	144361312.00
2017/08/23	9.95	10.00	9.78	9.84	8378704	82497072.00
2017/08/24	9.82	9.89	9.77	9.82	5421800	53289468.00
2017/08/25	9.82	9.95	9.78	9.89	6184376	61104984.00
2017/08/28	9.93	9.93	9.76	9.87	8442235	82991032.00
2017/08/29	9.85	9.89	9.66	9.79	12098777	118285352.00
2017/08/30	9.82	10.32	9.62	10.18	31423965	317016064.00
2017/08/31	10.20	10.46	10.14	10.44	28835339	297869280.00
2017/09/01	10.35	10.73	10.34	10.66	27156885	286779616.00
2017/09/04	10.66	10.82	10.49	10.55	11373614	120552248.00
2017/09/05	10.57	10.63	10.39	10.44	12502417	130961152.00
2017/09/06	10.45	10.69	10.34	10.68	14012412	147666512.00
2017/09/07	10.64	10.64	10.34	10.36	8369401	87649056.00
2017/09/08	10.35	10.45	10.21	10.28	6177800	63835276.00
2017/09/11	10.28	10.65	10.28	10.50	10810967	113640880.00
2017/09/12	10.58	10.58	10.26	10.29	7714253	80083600.00
2017/09/13	10.29	10.35	10.19	10.25	6683929	68523696.00
2017/09/14	10.24	10.32	10.04	10.12	10128807	102903208.00
2017/09/15	10.08	10.27	10.02	10.24	7169197	72650888.00
2017/09/18	10.20	10.25	9.98	10.20	12158526	122770304.00
2017/09/19	10.20	10.20	10.01	10.08	10728976	108319880.00
2017/09/20	10.05	10.50	10.04	10.29	15141100	156219632.00
2017/09/21	10.29	10.48	10.21	10.31	11638424	120737496.00
2017/09/22	10.25	10.45	10.16	10.42	8996242	93010272.00
2017/09/25	10.44	10.76	10.41	10.59	21589236	229087472.00
2017/09/26	10.53	10.61	10.35	10.49	9839137	102867704.00
2017/09/27	10.43	10.48	10.30	10.40	5473427	56824824.00
2017/09/28	10.36	10.75	10.25	10.71	12223208	128356384.00
2017/09/29	10.60	10.70	10.29	10.67	15991047	168020864.00
2017/10/09	10.64	10.71	10.48	10.53	10297198	108795744.00
2017/10/10	10.48	10.70	10.48	10.63	9062592	96076640.00
2017/10/11	10.64	10.90	10.49	10.76	10313222	109770296.00
2017/10/12	10.71	10.75	10.56	10.69	9291919	98834256.00
2017/10/13	10.67	10.81	10.57	10.80	12636540	135550912.00
2017/10/16	10.80	11.05	10.65	10.82	22556680	245934000.00
2017/10/17	10.71	10.81	10.56	10.67	8148600	86706072.00
2017/10/18	10.68	10.68	10.50	10.57	4551333	48098396.00
2017/10/19	10.52	10.52	10.05	10.11	10285300	105093416.00
2017/10/20	10.04	10.22	10.02	10.10	5707463	57747572.00
2017/10/23	10.10	10.13	9.79	9.90	10949105	108593224.00
2017/10/24	9.85	10.16	9.84	10.15	6703409	67473672.00
2017/10/25	10.15	10.30	10.09	10.23	4184199	42834000.00
2017/10/26	10.20	10.25	10.00	10.06	9606248	97173952.00
2017/10/27	10.06	10.14	9.87	10.07	8717301	86831440.00
2017/10/30	10.07	10.07	9.60	9.63	13153765	128064232.00
2017/10/31	9.61	9.72	9.56	9.68	4727777	45514952.00
2017/11/01	9.69	9.76	9.51	9.53	6343106	61115248.00
2017/11/02	9.57	9.60	9.20	9.54	11394634	107094280.00
2017/11/03	9.62	10.13	9.62	10.00	23651652	234995392.00
2017/11/06	9.87	10.05	9.81	9.97	10574833	104931624.00
2017/11/07	9.93	9.93	9.60	9.69	11410100	110892272.00
2017/11/08	9.64	9.74	9.54	9.61	5144663	49469760.00
2017/11/09	9.59	9.66	9.56	9.63	4910893	47231072.00
2017/11/10	9.61	9.64	9.38	9.40	8274200	78491544.00
2017/11/13	9.54	9.54	9.30	9.35	9170494	85878704.00
2017/11/14	9.40	9.84	9.20	9.76	19916215	190596048.00
2017/11/15	9.65	9.70	8.97	9.08	20549000	190093696.00
2017/11/16	8.95	9.25	8.79	9.08	16185499	147686464.00
2017/11/17	9.06	9.15	8.75	8.93	12988800	116306624.00
2017/11/20	8.87	8.97	8.50	8.90	10401104	90329984.00
2017/11/21	8.96	8.99	8.64	8.69	8120990	71256896.00
2017/11/22	8.70	8.76	8.55	8.57	7106627	61557664.00
2017/11/23	8.59	8.83	8.49	8.56	11561100	99779800.00
2017/11/24	8.56	8.61	8.45	8.54	6116322	52155208.00
2017/11/27	8.52	8.58	8.40	8.48	4091410	34762680.00
2017/11/28	8.54	8.70	8.48	8.68	4048966	34795272.00
2017/11/29	8.67	8.71	8.56	8.64	2986143	25765108.00
2017/11/30	8.65	8.87	8.63	8.79	5096162	44523676.00
2017/12/01	8.80	8.87	8.72	8.76	4180521	36680384.00
2017/12/04	8.76	8.76	8.00	8.03	15896400	132755232.00
2017/12/05	8.08	8.14	7.70	7.95	16260300	129461464.00
2017/12/06	7.89	8.01	7.80	7.97	5608564	44364500.00
2017/12/07	7.97	8.03	7.81	7.83	8149064	64406100.00
2017/12/08	7.85	7.89	7.78	7.87	11901376	93293072.00
2017/12/11	7.87	7.88	7.72	7.76	17595264	137044928.00
2017/12/12	7.71	7.76	7.59	7.68	9137035	69977144.00
2017/12/13	7.67	7.74	7.63	7.70	7552700	57927000.00
2017/12/14	7.69	7.75	7.58	7.72	8003329	61191052.00
2017/12/15	7.68	7.84	7.66	7.78	13735627	106679472.00
2017/12/18	7.76	7.80	7.64	7.74	11845918	91295104.00
2017/12/19	7.72	7.79	7.62	7.76	10933400	84183848.00
2017/12/20	7.76	7.79	7.69	7.73	11622400	89893504.00
2017/12/21	7.75	7.87	7.62	7.71	25713907	198203760.00
2017/12/22	7.69	7.72	7.37	7.53	23381089	177620640.00
2017/12/25	7.51	7.52	7.23	7.35	13900844	102435688.00
2017/12/26	7.34	7.35	7.22	7.32	12160200	88603592.00
2017/12/27	7.31	7.32	7.10	7.25	15819488	114064280.00
2017/12/28	7.23	7.30	7.14	7.25	17245218	124532016.00
2017/12/29	7.25	7.42	7.17	7.38	15960292	116039440.00
2018/01/02	7.36	7.57	7.34	7.49	18557612	138441168.00
2018/01/03	7.51	7.55	7.46	7.49	13769225	103272176.00
2018/01/04	7.49	7.53	7.41	7.48	12299350	91699048.00
2018/01/05	7.49	7.51	7.39	7.44	13417789	99770968.00
2018/01/08	7.45	7.45	7.33	7.36	9461040	69729264.00
2018/01/09	7.36	7.40	7.22	7.34	14247182	104004520.00
2018/01/10	7.34	7.34	7.17	7.25	13482769	97579464.00
2018/01/11	7.22	7.32	7.17	7.31	10290262	74690624.00
2018/01/12	7.32	7.33	7.24	7.25	8589601	62575852.00
2018/01/15	7.26	7.27	7.12	7.16	13208661	94549960.00
2018/01/16	7.08	7.15	6.85	6.90	26126598	182180768.00
2018/01/19	7.29	7.29	7.00	7.08	30278753	216512176.00
2018/01/22	7.14	7.14	6.97	7.06	12478800	87954800.00
2018/01/23	7.07	7.17	7.00	7.03	14684039	104092528.00
2018/01/24	7.01	7.10	7.01	7.09	10294522	72759168.00
2018/01/25	7.09	7.33	7.06	7.23	19680672	142476528.00
2018/01/26	7.23	7.27	7.16	7.23	9538162	68990936.00
2018/01/29	7.24	7.72	7.21	7.47	26595463	199160320.00
2018/01/30	7.46	7.59	7.31	7.54	14366589	107640552.00
2018/01/31	7.54	7.54	7.28	7.38	14880016	110150920.00
2018/02/01	7.36	7.40	6.90	6.97	20741300	147072640.00
2018/02/02	6.90	6.90	6.27	6.35	45827700	295360992.00
2018/04/25	6.35	6.35	6.35	6.35	0	0.00
数据来源:通达信
