600020 中原高速 日线 不复权
      日期	    开盘	    最高	    最低	    收盘	    成交量	    成交额
2017/03/27	4.76	4.79	4.74	4.77	14086579	67168144.00
2017/03/28	4.76	4.76	4.72	4.72	7948423	37627776.00
2017/03/29	4.74	4.97	4.71	4.86	69874886	340523072.00
2017/03/30	4.83	5.05	4.81	5.02	81230956	398384736.00
2017/03/31	4.94	4.98	4.85	4.91	55496424	271972864.00
2017/04/05	4.97	4.99	4.87	4.93	41112896	202320128.00
2017/04/06	4.93	5.01	4.85	4.97	49017904	241570272.00
2017/04/07	4.93	4.93	4.87	4.89	29972822	146776400.00
2017/04/10	4.88	4.90	4.85	4.87	20125124	98162056.00
2017/04/11	4.87	4.92	4.80	4.92	37523380	182586128.00
2017/04/12	4.90	5.01	4.86	4.91	41800981	206542016.00
2017/04/13	4.89	4.99	4.88	4.95	28728293	141863648.00
2017/04/14	4.94	4.94	4.82	4.83	28901002	140860576.00
2017/04/17	4.82	4.82	4.75	4.79	16166082	77355528.00
2017/04/18	4.78	4.81	4.73	4.74	12492475	59616072.00
2017/04/19	4.74	4.74	4.62	4.68	18657640	87088592.00
2017/04/20	4.66	4.70	4.61	4.65	13463156	62662240.00
2017/04/21	4.65	4.69	4.64	4.67	9420058	43962564.00
2017/04/24	4.67	4.67	4.58	4.59	14171388	65261776.00
2017/04/25	4.60	4.63	4.58	4.61	7746541	35703588.00
2017/04/26	4.69	4.77	4.67	4.75	25672937	121127832.00
2017/04/27	4.72	4.80	4.70	4.77	21264458	101065008.00
2017/04/28	4.78	4.80	4.75	4.78	10037639	47917488.00
2017/05/02	4.76	4.88	4.76	4.86	22521292	108965992.00
2017/05/03	4.86	4.87	4.81	4.85	13749587	66564488.00
2017/05/04	4.82	4.86	4.81	4.85	14367612	69526504.00
2017/05/05	4.83	4.84	4.78	4.79	10612758	50943364.00
2017/05/08	4.76	4.76	4.70	4.71	16324365	77099168.00
2017/05/09	4.69	4.77	4.69	4.76	11193343	52944032.00
2017/05/10	4.76	4.77	4.69	4.70	8099405	38395144.00
2017/05/11	4.68	4.72	4.62	4.71	15307880	71506008.00
2017/05/12	4.71	4.77	4.68	4.75	12932695	61183224.00
2017/05/15	4.75	4.78	4.74	4.75	10200237	48529364.00
2017/05/16	4.74	4.85	4.72	4.84	19793272	94855160.00
2017/05/17	4.83	4.85	4.80	4.83	17469600	84271704.00
2017/05/18	4.80	4.82	4.78	4.81	11006176	52848488.00
2017/05/19	4.80	4.83	4.77	4.81	7666317	36846808.00
2017/05/22	4.79	4.82	4.71	4.73	11652543	55474152.00
2017/05/23	4.73	4.76	4.68	4.70	11558055	54556120.00
2017/05/24	4.68	4.74	4.67	4.74	10968906	51583160.00
2017/05/25	4.74	4.84	4.71	4.84	22799383	109355672.00
2017/05/26	4.84	4.86	4.81	4.85	17709283	85716576.00
2017/05/31	4.88	4.90	4.83	4.86	16817586	81687328.00
2017/06/01	4.84	4.87	4.81	4.81	14487139	70052776.00
2017/06/02	4.82	4.96	4.78	4.94	41403516	203119488.00
2017/06/05	4.93	4.96	4.89	4.92	25841329	127346504.00
2017/06/06	4.90	4.94	4.87	4.94	17476843	85636808.00
2017/06/07	4.93	4.98	4.91	4.97	31775469	157238944.00
2017/06/08	4.96	4.98	4.89	4.93	21955541	108426312.00
2017/06/09	4.91	4.95	4.91	4.93	14554123	71760072.00
2017/06/12	4.94	5.07	4.91	4.96	45854219	229084112.00
2017/06/13	4.93	4.98	4.92	4.96	22551695	111478984.00
2017/06/14	4.95	4.99	4.91	4.93	15320972	75744536.00
2017/06/15	4.94	4.95	4.92	4.93	14844761	73269640.00
2017/06/16	4.93	4.94	4.85	4.86	24964300	121964000.00
2017/06/19	4.86	4.92	4.84	4.91	16310441	79769400.00
2017/06/20	4.93	4.99	4.91	4.95	24146471	119597168.00
2017/06/21	4.97	4.97	4.92	4.96	14292172	70637688.00
2017/06/22	4.95	5.02	4.93	4.95	28720855	142917664.00
2017/06/23	4.94	4.95	4.86	4.92	24253669	118823472.00
2017/06/26	4.90	4.98	4.90	4.98	22171034	109827424.00
2017/06/27	5.00	5.03	4.95	5.02	29456456	147109504.00
2017/06/28	5.04	5.14	5.02	5.05	47457072	240872320.00
2017/06/29	5.03	5.08	5.01	5.04	18831207	94822744.00
2017/06/30	5.06	5.08	5.01	5.04	21426459	107955112.00
2017/07/03	5.05	5.16	5.02	5.14	42447703	216951824.00
2017/07/04	5.05	5.08	4.98	5.01	30023171	150654320.00
2017/07/05	4.99	5.06	4.98	5.04	24135608	121221728.00
2017/07/06	5.02	5.16	5.01	5.14	48086205	245464256.00
2017/07/07	5.10	5.20	5.07	5.18	40339512	207062448.00
2017/07/10	5.16	5.25	5.10	5.13	34285214	176861328.00
2017/07/11	5.14	5.16	5.07	5.08	27877441	142457344.00
2017/07/12	5.06	5.12	5.03	5.11	25135740	127657792.00
2017/07/13	5.14	5.15	5.09	5.15	23769957	121774528.00
2017/07/14	5.14	5.15	5.11	5.13	14875502	76274096.00
2017/07/17	5.13	5.14	4.94	4.98	37330477	187850592.00
2017/07/18	4.98	5.02	4.96	5.02	23241231	116149472.00
2017/07/19	5.01	5.35	5.00	5.30	71678995	372279360.00
2017/07/20	5.30	5.37	5.23	5.31	49177920	260209424.00
2017/07/21	5.32	5.69	5.28	5.60	100721205	556811008.00
2017/07/24	5.60	6.16	5.60	6.16	48398412	290927808.00
2017/07/25	6.20	6.47	5.96	6.29	183435757	1131649024.00
2017/07/26	6.20	6.42	6.07	6.26	136968520	849065088.00
2017/07/27	6.18	6.69	6.15	6.36	139320745	890588096.00
2017/07/28	6.24	6.26	6.10	6.18	85920021	530267712.00
2017/07/31	6.18	6.28	6.03	6.23	81146960	500375648.00
2017/08/01	6.20	6.30	6.04	6.10	84475813	519167808.00
2017/08/02	6.11	6.14	5.97	6.07	68547299	414950816.00
2017/08/03	6.05	6.08	5.85	5.87	66527046	394164448.00
2017/08/04	5.88	5.99	5.85	5.90	57560243	340859552.00
2017/08/07	5.88	5.97	5.73	5.96	44117098	258753200.00
2017/08/08	5.93	6.03	5.87	5.92	41767054	247989856.00
2017/08/09	5.93	5.93	5.80	5.89	37331248	218545920.00
2017/08/10	5.85	6.00	5.81	5.90	46562803	275101440.00
2017/08/11	5.83	5.84	5.41	5.42	73337220	411485984.00
2017/08/14	5.42	5.52	5.42	5.50	30090747	164780624.00
2017/08/15	5.50	5.57	5.47	5.51	26253884	144979712.00
2017/08/16	5.49	5.51	5.40	5.46	32415267	176562896.00
2017/08/17	5.46	5.51	5.45	5.50	22348112	122493744.00
2017/08/18	5.47	5.65	5.43	5.63	47040290	263087872.00
2017/08/21	5.60	5.62	5.51	5.59	31883614	177278896.00
2017/08/22	5.59	5.59	5.47	5.51	28538077	157291360.00
2017/08/23	5.50	5.52	5.44	5.48	16931218	92723744.00
2017/08/24	5.48	5.48	5.37	5.38	23052428	124874856.00
2017/08/25	5.38	5.49	5.35	5.48	29290419	159808800.00
2017/08/28	5.50	5.61	5.49	5.57	38547840	214168592.00
2017/08/29	5.60	5.60	5.50	5.53	26592700	147703008.00
2017/08/30	5.55	5.62	5.48	5.60	38646528	214862032.00
2017/08/31	5.60	5.63	5.55	5.59	30799635	172194432.00
2017/09/01	5.59	5.72	5.56	5.69	41376334	232271024.00
2017/09/04	5.66	5.74	5.63	5.69	32336395	184119088.00
2017/09/05	5.69	5.69	5.59	5.61	30194583	170159200.00
2017/09/06	5.58	5.58	5.51	5.56	25187965	139596624.00
2017/09/07	5.57	5.67	5.55	5.58	27766628	155494160.00
2017/09/08	5.55	5.64	5.54	5.61	19494913	109257464.00
2017/09/11	5.59	5.62	5.50	5.56	24512431	136250912.00
2017/09/12	5.57	5.57	5.50	5.53	23681870	131061736.00
2017/09/13	5.51	5.55	5.51	5.54	13103840	72448328.00
2017/09/14	5.55	5.55	5.46	5.48	23779378	130896256.00
2017/09/15	5.47	5.48	5.39	5.40	26469416	143354864.00
2017/09/18	5.40	5.47	5.39	5.47	14417519	78374176.00
2017/09/19	5.47	5.48	5.41	5.43	13764287	75015464.00
2017/09/20	5.43	5.44	5.40	5.42	11621049	62974632.00
2017/09/21	5.42	5.45	5.40	5.44	14112526	76586240.00
2017/09/22	5.43	5.43	5.32	5.33	21521292	115311144.00
2017/09/25	5.32	5.37	5.29	5.31	12099202	64494972.00
2017/09/26	5.31	5.38	5.30	5.37	8392419	44912512.00
2017/09/27	5.38	5.39	5.34	5.38	9439303	50669264.00
2017/09/28	5.37	5.38	5.31	5.31	11651997	62101056.00
2017/09/29	5.32	5.36	5.31	5.32	10441935	55693632.00
2017/10/09	5.38	5.57	5.36	5.48	34008491	185721296.00
2017/10/10	5.44	5.52	5.44	5.49	20827862	114076760.00
2017/10/11	5.50	5.50	5.44	5.45	13283741	72602232.00
2017/10/12	5.45	5.49	5.44	5.47	13066188	71405808.00
2017/10/13	5.47	5.48	5.43	5.45	10290348	55999812.00
2017/10/16	5.45	5.46	5.35	5.36	15259900	82512688.00
2017/10/17	5.35	5.38	5.32	5.37	8759150	46923872.00
2017/10/18	5.35	5.38	5.32	5.33	8996210	48147584.00
2017/10/19	5.31	5.33	5.19	5.20	21089200	110695384.00
2017/10/20	5.20	5.28	5.19	5.27	8568011	44902176.00
2017/10/23	5.26	5.35	5.25	5.31	10496194	55740300.00
2017/10/24	5.30	5.32	5.27	5.29	7712419	40790832.00
2017/10/25	5.30	5.35	5.29	5.33	8361898	44532260.00
2017/10/26	5.33	5.43	5.30	5.40	17257367	92857848.00
2017/10/27	5.40	5.41	5.34	5.35	12302181	65976692.00
2017/10/30	5.33	5.36	5.20	5.25	16354466	85857792.00
2017/10/31	5.26	5.29	5.23	5.27	9698420	50993220.00
2017/11/01	5.26	5.29	5.24	5.27	10899562	57382388.00
2017/11/02	5.26	5.28	5.21	5.23	9673320	50706744.00
2017/11/03	5.22	5.25	5.12	5.17	12378148	64166988.00
2017/11/06	5.14	5.21	5.14	5.20	8572852	44344108.00
2017/11/07	5.20	5.24	5.18	5.22	9250702	48216712.00
2017/11/08	5.22	5.26	5.21	5.24	10779140	56427548.00
2017/11/09	5.23	5.32	5.22	5.27	12086279	63682156.00
2017/11/10	5.25	5.26	5.19	5.23	11065005	57805236.00
2017/11/13	5.25	5.25	5.18	5.23	12950598	67472768.00
2017/11/14	5.22	5.22	5.10	5.14	20099589	103407808.00
2017/11/15	5.14	5.14	5.05	5.05	14708957	74783600.00
2017/11/16	5.06	5.16	5.04	5.15	19186360	97899112.00
2017/11/17	5.14	5.14	5.02	5.04	15141995	76766824.00
2017/11/20	5.02	5.03	4.94	5.03	12712634	63318512.00
2017/11/21	5.00	5.06	4.99	5.05	11269551	56758208.00
2017/11/22	5.05	5.13	5.03	5.09	17083897	86880096.00
2017/11/23	5.07	5.10	4.98	4.99	13795307	69418480.00
2017/11/24	4.99	5.03	4.96	5.01	7224455	36062164.00
2017/11/27	5.00	5.04	4.95	4.97	8484045	42403256.00
2017/11/28	4.97	5.02	4.95	5.02	7996356	39859056.00
2017/11/29	5.01	5.02	4.96	5.02	11086157	55313056.00
2017/11/30	5.03	5.08	4.99	5.02	13845187	69657872.00
2017/12/01	5.01	5.07	4.99	5.05	9791535	49299936.00
2017/12/04	5.03	5.06	5.02	5.04	7317813	36877000.00
2017/12/05	5.04	5.05	4.91	4.96	13031515	64873544.00
2017/12/06	4.95	4.96	4.91	4.94	8936454	44095360.00
2017/12/07	4.94	4.98	4.93	4.93	7590970	37600224.00
2017/12/08	4.92	4.97	4.91	4.96	4920745	24370152.00
2017/12/11	4.96	4.99	4.94	4.99	5929720	29435788.00
2017/12/12	4.97	4.98	4.92	4.93	6150530	30442480.00
2017/12/13	4.93	4.95	4.92	4.95	4359184	21495260.00
2017/12/14	4.94	4.96	4.92	4.95	6650750	32846730.00
2017/12/15	4.94	4.95	4.87	4.88	10917083	53533204.00
2017/12/18	4.88	4.89	4.84	4.86	5894519	28673508.00
2017/12/19	4.86	4.90	4.86	4.88	5500339	26839896.00
2017/12/20	4.87	4.88	4.80	4.81	7783415	37644052.00
2017/12/21	4.81	4.82	4.75	4.78	8554038	40917020.00
2017/12/22	4.78	4.81	4.76	4.79	6414778	30701132.00
2017/12/25	4.79	4.80	4.73	4.74	7805821	37187724.00
2017/12/26	4.74	4.85	4.71	4.83	13341908	63953552.00
2017/12/27	4.81	4.91	4.81	4.85	17962946	87585480.00
2017/12/28	4.84	4.89	4.81	4.86	9758400	47495680.00
2017/12/29	4.84	4.88	4.81	4.86	9321819	45124152.00
2018/01/02	4.86	5.02	4.85	5.00	23439595	116154880.00
2018/01/03	4.98	5.04	4.94	4.99	22006866	109766200.00
2018/01/04	4.99	5.02	4.96	5.00	13262197	66299912.00
2018/01/05	5.00	5.08	4.97	5.06	20635798	103797712.00
2018/01/08	5.04	5.09	5.01	5.09	17576600	89075200.00
2018/01/09	5.09	5.10	5.03	5.04	12297907	62135772.00
2018/01/10	5.04	5.06	4.96	5.02	15915604	79725256.00
2018/01/11	5.01	5.04	4.99	5.03	9257381	46432788.00
2018/01/12	5.02	5.05	5.00	5.03	8931946	44929284.00
2018/01/15	5.03	5.04	4.92	4.94	12775308	63601536.00
2018/01/16	4.92	5.03	4.92	5.03	12335874	61388124.00
2018/01/17	5.01	5.24	5.00	5.18	37858893	194761744.00
2018/01/18	5.18	5.18	5.11	5.17	16622242	85509536.00
2018/01/19	5.18	5.27	5.13	5.14	22781553	118250976.00
2018/01/22	5.16	5.22	5.15	5.21	19317424	100221576.00
2018/01/23	5.21	5.23	5.17	5.21	14960303	77782880.00
2018/01/24	5.21	5.38	5.19	5.31	32693584	173449040.00
2018/01/25	5.29	5.30	5.24	5.27	16246113	85685888.00
2018/01/26	5.25	5.29	5.24	5.25	14604365	76844616.00
2018/01/29	5.28	5.34	5.19	5.25	22652543	119818696.00
2018/01/30	5.23	5.27	5.16	5.17	15472710	80589864.00
2018/01/31	5.17	5.20	5.06	5.11	15505861	79543192.00
2018/02/01	5.11	5.14	4.98	5.00	18850083	95268904.00
2018/02/02	5.00	5.02	4.91	5.01	14233351	70678576.00
2018/02/05	4.95	5.08	4.92	5.07	11209910	56228848.00
2018/02/06	5.00	5.05	4.85	4.87	20021671	99505648.00
2018/02/07	4.95	4.99	4.87	4.92	12090089	59699976.00
2018/02/08	4.91	4.97	4.88	4.92	9344520	45947712.00
2018/02/09	4.80	4.82	4.58	4.64	21150657	99370000.00
2018/02/12	4.66	4.71	4.61	4.69	8314088	38814656.00
2018/02/13	4.71	4.75	4.70	4.72	5662349	26760124.00
2018/02/14	4.73	4.73	4.67	4.71	5626852	26429532.00
2018/02/22	4.74	4.78	4.72	4.77	8091619	38467360.00
2018/02/23	4.77	4.84	4.74	4.81	10168456	48815812.00
2018/02/26	4.83	4.87	4.81	4.87	9633705	46637176.00
2018/02/27	4.87	4.88	4.81	4.82	8756994	42303612.00
2018/02/28	4.80	4.82	4.75	4.78	6766928	32386212.00
2018/03/01	4.76	4.82	4.75	4.81	6103420	29265992.00
2018/03/02	4.77	4.80	4.77	4.78	4310620	20617012.00
2018/03/05	4.79	4.81	4.77	4.79	6034664	28889852.00
2018/03/06	4.80	4.84	4.77	4.84	7456817	35842584.00
2018/03/07	4.83	4.87	4.82	4.83	8975900	43427612.00
2018/03/08	4.82	4.85	4.81	4.84	6218437	30033074.00
2018/03/09	4.85	4.87	4.83	4.86	9310141	45155276.00
2018/03/12	4.87	4.88	4.85	4.86	10115350	49182944.00
2018/03/13	4.86	4.86	4.82	4.83	8625469	41697056.00
2018/03/14	4.82	4.83	4.79	4.79	6201596	29809684.00
2018/03/15	4.78	4.81	4.76	4.79	5731626	27412632.00
2018/03/16	4.79	4.83	4.78	4.79	4843500	23287318.00
2018/03/19	4.77	4.79	4.75	4.78	6397490	30544540.00
2018/03/20	4.76	4.77	4.72	4.76	6718286	31875600.00
2018/03/21	4.75	5.24	4.74	5.03	69754294	356422272.00
2018/03/22	4.98	4.99	4.80	4.93	51551225	253127328.00
2018/03/23	4.81	4.88	4.62	4.68	31167787	148673056.00
2018/03/26	4.60	4.74	4.60	4.72	13674566	63894536.00
2018/03/27	4.76	4.85	4.72	4.80	15048105	71920040.00
2018/03/28	4.73	4.76	4.70	4.70	8983300	42479224.00
2018/03/29	4.72	4.76	4.69	4.75	7699311	36432232.00
2018/03/30	4.75	4.79	4.74	4.76	7800798	37182128.00
2018/04/02	4.76	4.79	4.73	4.74	9932284	47259936.00
2018/04/03	4.70	4.70	4.62	4.65	10491005	48854948.00
2018/04/04	4.67	4.68	4.63	4.64	5917300	27563696.00
2018/04/09	4.60	4.65	4.59	4.63	4892251	22638226.00
2018/04/10	4.63	4.68	4.63	4.68	5906903	27498056.00
2018/04/11	4.69	4.72	4.67	4.69	6917444	32468450.00
2018/04/12	4.67	4.69	4.62	4.64	6328736	29445768.00
2018/04/13	4.65	4.67	4.61	4.63	5949604	27592780.00
2018/04/16	4.62	4.64	4.60	4.62	5927460	27375040.00
2018/04/17	4.64	4.64	4.54	4.55	6872505	31564124.00
2018/04/18	4.57	4.57	4.44	4.54	9450764	42653456.00
2018/04/19	4.53	4.58	4.51	4.55	6118118	27810120.00
2018/04/20	4.55	4.55	4.44	4.45	7138789	31994712.00
2018/04/23	4.48	4.52	4.47	4.50	5412131	24297992.00
2018/04/24	4.48	4.58	4.48	4.56	5859237	26629826.00
2018/04/25	4.55	4.56	4.53	4.54	3301037	14982778.00
数据来源:通达信
