600028 中国石化 日线 不复权
      日期	    开盘	    最高	    最低	    收盘	    成交量	    成交额
2017/03/27	5.85	5.86	5.65	5.71	205816978	1184060672.00
2017/03/28	5.71	5.72	5.65	5.67	87886201	498474240.00
2017/03/29	5.68	5.72	5.65	5.69	101238261	575706176.00
2017/03/30	5.70	5.73	5.61	5.67	128092198	725747648.00
2017/03/31	5.69	5.75	5.65	5.74	110164132	628633728.00
2017/04/05	5.74	5.86	5.73	5.85	151070481	877324224.00
2017/04/06	5.86	5.91	5.81	5.89	138001591	810340992.00
2017/04/07	5.91	6.03	5.86	5.99	190777639	1140870912.00
2017/04/10	6.00	6.02	5.93	5.95	82140021	489598752.00
2017/04/11	5.96	6.01	5.85	5.94	110522187	654580416.00
2017/04/12	5.93	5.95	5.85	5.93	96920228	570987136.00
2017/04/13	5.90	5.92	5.87	5.89	53970257	318444640.00
2017/04/14	5.90	5.90	5.85	5.88	58997522	346625952.00
2017/04/17	5.89	5.91	5.81	5.85	102502347	598541568.00
2017/04/18	5.85	5.87	5.80	5.80	62089360	362578208.00
2017/04/19	5.79	5.79	5.69	5.76	90991885	522878944.00
2017/04/20	5.72	5.76	5.66	5.75	97088774	553374784.00
2017/04/21	5.74	5.81	5.67	5.80	95240734	548446848.00
2017/04/24	5.77	5.84	5.72	5.84	112190681	649048064.00
2017/04/25	5.80	5.86	5.76	5.79	83939996	486423232.00
2017/04/26	5.80	5.81	5.77	5.78	44331576	256786688.00
2017/04/27	5.78	5.82	5.72	5.78	60152538	346762048.00
2017/04/28	5.80	5.81	5.73	5.78	62922963	362413696.00
2017/05/02	5.77	5.77	5.72	5.73	45254533	259644432.00
2017/05/03	5.71	5.73	5.69	5.73	49767498	284352256.00
2017/05/04	5.72	5.72	5.66	5.71	80045178	455488096.00
2017/05/05	5.66	5.66	5.53	5.64	204412100	1144980352.00
2017/05/08	5.61	5.73	5.57	5.72	140065744	793020288.00
2017/05/09	5.70	5.75	5.68	5.71	44816126	256032000.00
2017/05/10	5.70	5.73	5.67	5.71	56194672	320391360.00
2017/05/11	5.70	5.82	5.68	5.80	130189680	749473856.00
2017/05/12	5.78	5.88	5.77	5.87	102486462	597827968.00
2017/05/15	5.85	5.94	5.82	5.90	108443661	638975872.00
2017/05/16	5.91	5.93	5.85	5.87	63290245	372173952.00
2017/05/17	5.85	5.88	5.77	5.79	86428933	501294592.00
2017/05/18	5.77	5.82	5.76	5.81	35441050	205342688.00
2017/05/19	5.81	5.90	5.80	5.84	76358825	446478080.00
2017/05/22	5.88	5.95	5.84	5.95	134547573	794676160.00
2017/05/23	5.94	6.02	5.89	6.00	188146550	1121440640.00
2017/05/24	5.98	5.99	5.91	5.98	95798674	569608128.00
2017/05/25	5.95	6.17	5.93	6.16	222019348	1350537088.00
2017/05/26	6.14	6.22	6.07	6.14	168157162	1031600704.00
2017/05/31	6.11	6.32	6.11	6.27	196186743	1215847296.00
2017/06/01	6.22	6.35	6.19	6.33	218728322	1374242560.00
2017/06/02	6.30	6.35	6.23	6.26	99772305	627119744.00
2017/06/05	6.20	6.23	6.08	6.12	118726802	727918080.00
2017/06/06	6.10	6.11	6.03	6.09	99021718	601297088.00
2017/06/07	6.10	6.14	6.05	6.09	133518047	812589248.00
2017/06/08	6.05	6.16	6.02	6.14	134469939	819029696.00
2017/06/09	6.12	6.23	6.09	6.11	129297519	795505408.00
2017/06/12	6.11	6.16	6.06	6.11	94737702	578725184.00
2017/06/13	6.10	6.10	6.04	6.05	91819696	556155904.00
2017/06/14	6.05	6.06	5.96	5.98	104891140	628681344.00
2017/06/15	5.96	5.97	5.90	5.92	115514095	684190784.00
2017/06/16	5.91	5.95	5.89	5.93	61214304	362517408.00
2017/06/19	5.93	5.96	5.91	5.95	57351598	340731136.00
2017/06/20	5.93	5.96	5.88	5.94	82881509	490780672.00
2017/06/21	5.93	5.95	5.89	5.94	78994096	467436096.00
2017/06/22	5.91	6.04	5.90	5.97	133152565	796655744.00
2017/06/23	5.96	6.02	5.95	6.01	89912280	538069312.00
2017/06/26	6.01	6.04	5.96	6.00	114662508	687662336.00
2017/06/27	6.00	6.00	5.88	5.90	139360128	825328896.00
2017/06/28	5.89	5.96	5.87	5.91	99416204	587993664.00
2017/06/29	5.91	5.93	5.88	5.92	78462566	463109312.00
2017/06/30	5.89	5.95	5.87	5.93	77846828	460331648.00
2017/07/03	5.94	5.95	5.91	5.94	56759901	336604608.00
2017/07/04	5.94	6.06	5.93	6.05	153210021	922574912.00
2017/07/05	6.04	6.07	6.01	6.05	81238883	491291328.00
2017/07/06	6.03	6.06	6.01	6.06	90373560	545583360.00
2017/07/07	6.04	6.07	6.01	6.04	65184751	394109568.00
2017/07/10	6.04	6.15	6.02	6.14	106307313	650118656.00
2017/07/11	6.15	6.17	6.11	6.15	64930492	398934624.00
2017/07/12	6.15	6.19	6.07	6.08	75394625	461593920.00
2017/07/13	6.08	6.19	6.05	6.18	110403079	676000768.00
2017/07/14	6.19	6.26	6.15	6.22	126354063	784481536.00
2017/07/17	6.22	6.33	6.11	6.32	203576814	1273341952.00
2017/07/18	6.27	6.35	6.23	6.28	151104955	949831360.00
2017/07/19	6.14	6.17	6.07	6.10	192097033	1173214976.00
2017/07/20	6.12	6.20	6.10	6.19	152527889	938745792.00
2017/07/21	6.19	6.24	6.16	6.19	100273564	620808768.00
2017/07/24	6.16	6.18	6.04	6.07	135557318	828898560.00
2017/07/25	6.06	6.12	6.04	6.08	88121088	535389440.00
2017/07/26	6.11	6.17	6.07	6.14	132620320	812640960.00
2017/07/27	6.16	6.18	6.09	6.14	106870571	655734656.00
2017/07/28	6.13	6.13	6.07	6.11	68347240	417318592.00
2017/07/31	6.12	6.17	6.08	6.11	120943395	740289024.00
2017/08/01	6.13	6.24	6.11	6.22	175985762	1087276032.00
2017/08/02	6.19	6.20	6.11	6.14	152374303	936700480.00
2017/08/03	6.12	6.15	6.07	6.09	106079320	647193280.00
2017/08/04	6.08	6.12	6.05	6.10	123208910	750610048.00
2017/08/07	6.09	6.11	5.98	6.04	142013139	857270080.00
2017/08/08	6.05	6.05	6.00	6.03	85097229	512843776.00
2017/08/09	6.02	6.04	6.00	6.02	53095192	319929856.00
2017/08/10	6.02	6.08	5.99	6.07	89108800	537684032.00
2017/08/11	6.02	6.04	5.95	6.00	149069191	893048064.00
2017/08/14	6.00	6.01	5.96	5.98	72299378	432287040.00
2017/08/15	5.96	6.00	5.95	5.97	70345979	419963104.00
2017/08/16	5.96	5.96	5.90	5.92	86429224	511784864.00
2017/08/17	5.93	5.96	5.90	5.94	102247678	605263616.00
2017/08/18	5.91	5.95	5.89	5.92	69875724	413679168.00
2017/08/21	5.96	6.03	5.96	6.02	124424346	746019328.00
2017/08/22	6.01	6.02	5.97	5.99	59391043	355887904.00
2017/08/23	6.00	6.01	5.95	5.95	76941601	459270080.00
2017/08/24	5.98	6.00	5.94	5.96	81338693	485501984.00
2017/08/25	5.96	6.04	5.96	6.03	144220051	865605568.00
2017/08/28	6.08	6.12	6.05	6.07	199163377	1210243968.00
2017/08/29	6.06	6.09	6.04	6.06	88435966	536262720.00
2017/08/30	6.06	6.08	6.03	6.06	126359621	765838976.00
2017/08/31	6.07	6.08	5.99	6.01	112965618	679971776.00
2017/09/01	6.02	6.03	5.98	5.99	95367196	572873472.00
2017/09/04	6.00	6.00	5.93	5.95	135695105	807872064.00
2017/09/05	5.94	5.97	5.92	5.95	99346337	590663872.00
2017/09/06	5.95	6.02	5.94	6.00	125042740	747609280.00
2017/09/07	6.01	6.02	5.96	5.96	102320973	613008192.00
2017/09/08	5.96	5.99	5.95	5.96	57925218	346017984.00
2017/09/11	5.94	5.99	5.93	5.98	76864767	458487744.00
2017/09/12	5.98	5.99	5.94	5.96	78992502	470317504.00
2017/09/13	5.96	5.97	5.93	5.96	49237967	293021504.00
2017/09/14	5.96	5.98	5.93	5.95	65624722	390462112.00
2017/09/15	5.95	5.96	5.91	5.92	72150276	427622528.00
2017/09/18	5.92	5.96	5.92	5.93	62127130	369235200.00
2017/09/19	5.94	5.96	5.92	5.95	51727387	307198016.00
2017/09/20	5.88	5.88	5.82	5.83	42087255	245803616.00
2017/09/21	5.84	5.85	5.81	5.84	40679690	237302272.00
2017/09/22	5.83	5.88	5.78	5.88	100661968	586732608.00
2017/09/25	5.88	5.94	5.84	5.93	120476482	709981056.00
2017/09/26	5.95	6.01	5.94	5.96	104318745	623596288.00
2017/09/27	5.95	5.96	5.91	5.92	41492760	245867872.00
2017/09/28	5.92	5.94	5.87	5.90	51777318	305408288.00
2017/09/29	5.90	5.92	5.87	5.90	41537386	244778768.00
2017/10/09	5.93	5.93	5.85	5.87	72498948	426594816.00
2017/10/10	5.87	5.88	5.83	5.85	67337243	393841920.00
2017/10/11	5.86	5.87	5.83	5.86	58547004	342498112.00
2017/10/12	5.86	5.86	5.80	5.82	80400397	467892672.00
2017/10/13	5.81	5.81	5.77	5.81	78277616	453103360.00
2017/10/16	5.81	5.82	5.78	5.81	93022806	539671168.00
2017/10/17	5.82	5.84	5.80	5.82	55870522	324971840.00
2017/10/18	5.81	5.92	5.81	5.90	165617857	970496704.00
2017/10/19	5.87	5.92	5.85	5.92	130502495	768666112.00
2017/10/20	5.89	5.90	5.85	5.86	49022724	287674464.00
2017/10/23	5.86	5.87	5.82	5.85	49389486	288857248.00
2017/10/24	5.83	5.94	5.83	5.92	129730994	765996032.00
2017/10/25	5.93	5.94	5.88	5.91	69359393	410041888.00
2017/10/26	5.90	5.91	5.85	5.89	92919412	545507584.00
2017/10/27	5.90	5.92	5.85	5.87	69525997	408303808.00
2017/10/30	5.89	6.01	5.87	5.99	246774114	1468973184.00
2017/10/31	6.00	6.01	5.94	5.97	115505397	689166592.00
2017/11/01	5.98	6.13	5.97	6.11	297153574	1802294016.00
2017/11/02	6.09	6.16	6.07	6.12	170868032	1043423488.00
2017/11/03	6.13	6.18	6.06	6.15	230055243	1409287040.00
2017/11/06	6.18	6.29	6.16	6.20	245800880	1529851648.00
2017/11/07	6.25	6.40	6.23	6.29	345336306	2182347520.00
2017/11/08	6.27	6.28	6.17	6.22	218239661	1358231424.00
2017/11/09	6.21	6.24	6.16	6.23	113277511	701567296.00
2017/11/10	6.21	6.25	6.07	6.09	214653827	1319465216.00
2017/11/13	6.11	6.14	6.05	6.12	185268136	1130476800.00
2017/11/14	6.11	6.14	6.05	6.07	111606417	680130112.00
2017/11/15	6.02	6.04	5.93	5.95	250979821	1499095936.00
2017/11/16	5.94	5.98	5.89	5.92	115879296	686389568.00
2017/11/17	5.92	6.02	5.89	6.00	249226418	1482468736.00
2017/11/20	5.97	6.04	5.94	6.00	136789483	819876032.00
2017/11/21	6.00	6.03	5.91	6.00	183522187	1096546560.00
2017/11/22	6.00	6.23	5.98	6.22	319451307	1958133760.00
2017/11/23	6.24	6.27	6.10	6.17	245141542	1518782976.00
2017/11/24	6.14	6.23	6.12	6.18	178531371	1101775104.00
2017/11/27	6.20	6.25	6.08	6.18	201364571	1239885440.00
2017/11/28	6.14	6.15	6.00	6.02	161036176	974143104.00
2017/11/29	6.02	6.07	6.00	6.04	125344105	755861888.00
2017/11/30	6.02	6.04	5.98	6.03	81861210	492077472.00
2017/12/01	6.03	6.05	5.96	6.02	85087281	511118176.00
2017/12/04	6.01	6.07	6.01	6.03	93556248	565582080.00
2017/12/05	6.01	6.19	5.97	6.13	287494362	1754134272.00
2017/12/06	6.10	6.14	6.06	6.09	126310076	770303360.00
2017/12/07	6.04	6.09	6.01	6.07	94606414	571801024.00
2017/12/08	6.05	6.08	6.02	6.03	74124652	447864800.00
2017/12/11	6.04	6.05	6.00	6.03	92216888	554763776.00
2017/12/12	6.04	6.08	6.03	6.04	123394037	747367872.00
2017/12/13	6.03	6.05	6.00	6.03	60366398	363696704.00
2017/12/14	6.02	6.06	5.95	5.96	78978056	473403552.00
2017/12/15	5.96	5.97	5.90	5.93	78919262	467701664.00
2017/12/18	5.91	5.95	5.91	5.94	51214204	303637568.00
2017/12/19	5.93	5.96	5.92	5.96	54229915	322278688.00
2017/12/20	5.96	5.98	5.90	5.97	95267979	565832000.00
2017/12/21	5.95	5.99	5.93	5.97	56788842	338888512.00
2017/12/22	5.96	6.08	5.95	6.03	94967544	572251200.00
2017/12/25	6.01	6.05	5.99	6.03	90790128	546369280.00
2017/12/26	6.03	6.10	6.01	6.06	90844308	551467648.00
2017/12/27	6.09	6.18	6.08	6.10	148575805	911260288.00
2017/12/28	6.10	6.20	6.06	6.18	135822802	835696064.00
2017/12/29	6.18	6.20	6.10	6.13	70403608	432299584.00
2018/01/02	6.16	6.47	6.16	6.37	367565292	2335727360.00
2018/01/03	6.36	6.52	6.34	6.47	243152488	1565879168.00
2018/01/04	6.56	7.08	6.56	6.90	510094822	3459262720.00
2018/01/05	6.90	7.18	6.85	7.06	426639401	2998758912.00
2018/01/08	7.02	7.14	6.98	7.05	334920715	2364425472.00
2018/01/09	7.07	7.11	6.93	7.00	271378719	1897963520.00
2018/01/10	7.17	7.35	7.10	7.15	469437627	3383808768.00
2018/01/11	7.15	7.18	7.01	7.08	163552716	1158885632.00
2018/01/12	7.10	7.23	6.99	7.15	193761782	1379870080.00
2018/01/15	7.20	7.44	7.10	7.29	331951180	2414830336.00
2018/01/16	7.28	7.38	7.09	7.11	444459199	3178631936.00
2018/01/17	7.05	7.25	6.96	7.03	425632323	3008024064.00
2018/01/18	7.05	7.05	6.89	7.00	405583981	2828445696.00
2018/01/19	6.99	7.11	6.94	7.04	415730656	2919715584.00
2018/01/22	7.06	7.12	6.87	6.91	396091808	2751022848.00
2018/01/23	6.98	7.05	6.88	7.04	613996941	4276593920.00
2018/01/24	7.12	7.33	7.02	7.32	693930868	4969302016.00
2018/01/25	7.42	7.51	7.22	7.25	491620524	3625321984.00
2018/01/26	7.18	7.39	7.14	7.38	318579074	2311912960.00
2018/01/29	7.39	7.62	7.36	7.44	449185754	3364495104.00
2018/01/30	7.33	7.42	7.18	7.21	242381855	1767834240.00
2018/01/31	7.13	7.15	7.02	7.08	259123652	1837351424.00
2018/02/01	7.10	7.17	6.97	7.16	311483043	2209354752.00
2018/02/02	7.19	7.56	7.07	7.54	440910050	3223868160.00
2018/02/05	7.36	7.67	7.34	7.63	335156768	2523749376.00
2018/02/06	7.41	7.53	7.22	7.41	479664060	3549300224.00
2018/02/07	7.46	7.72	7.04	7.15	513901110	3800452608.00
2018/02/08	6.92	6.93	6.58	6.72	432525049	2925823232.00
2018/02/09	6.44	6.49	6.11	6.38	489042362	3076935424.00
2018/02/12	6.28	6.39	6.21	6.30	248630531	1566734592.00
2018/02/13	6.35	6.46	6.31	6.34	243241364	1550150016.00
2018/02/14	6.35	6.37	6.24	6.31	133293807	839700096.00
2018/02/22	6.43	6.51	6.37	6.48	259659223	1670311424.00
2018/02/23	6.56	6.65	6.50	6.58	193423625	1272767488.00
2018/02/26	6.65	6.75	6.58	6.63	188817190	1253651072.00
2018/02/27	6.65	6.66	6.50	6.56	172069019	1129185920.00
2018/02/28	6.45	6.46	6.32	6.41	167239572	1070287872.00
2018/03/01	6.32	6.40	6.27	6.39	138409547	878793664.00
2018/03/02	6.31	6.39	6.29	6.33	82447278	521818112.00
2018/03/05	6.33	6.42	6.30	6.39	116716418	743488640.00
2018/03/06	6.45	6.49	6.38	6.47	158587965	1021363968.00
2018/03/07	6.44	6.50	6.40	6.44	98567654	635723200.00
2018/03/08	6.41	6.47	6.35	6.45	78698336	503625152.00
2018/03/09	6.43	6.45	6.37	6.39	124606231	797772992.00
2018/03/12	6.46	6.51	6.42	6.45	167765154	1083523712.00
2018/03/13	6.41	6.44	6.35	6.37	111008958	708807744.00
2018/03/14	6.35	6.45	6.28	6.42	151561414	966532992.00
2018/03/15	6.39	6.45	6.37	6.42	78418687	503376352.00
2018/03/16	6.39	6.49	6.36	6.42	120960650	779222272.00
2018/03/19	6.42	6.62	6.42	6.59	160433743	1049720704.00
2018/03/20	6.56	6.86	6.55	6.83	272151069	1833255552.00
2018/03/21	6.89	6.99	6.76	6.85	249435757	1718928640.00
2018/03/22	6.92	6.97	6.78	6.84	138413911	951133888.00
2018/03/23	6.61	6.87	6.55	6.83	311374995	2100520832.00
2018/03/26	6.80	6.80	6.48	6.64	260536071	1729110016.00
2018/03/27	6.75	6.79	6.59	6.64	190206285	1265668480.00
2018/03/28	6.54	6.59	6.34	6.43	196946233	1270323584.00
2018/03/29	6.43	6.67	6.38	6.62	190152396	1239068800.00
2018/03/30	6.60	6.61	6.44	6.48	137833664	896972160.00
2018/04/02	6.48	6.55	6.41	6.43	136567242	884822272.00
2018/04/03	6.36	6.42	6.26	6.38	124044526	788377728.00
2018/04/04	6.43	6.52	6.40	6.43	109646003	708963520.00
2018/04/09	6.50	6.65	6.47	6.59	197314859	1299949312.00
2018/04/10	6.67	6.78	6.57	6.77	197983647	1323519360.00
2018/04/11	6.91	7.04	6.86	6.89	261699422	1820820992.00
2018/04/12	6.94	6.99	6.84	6.94	178656014	1236245888.00
2018/04/13	6.90	6.93	6.82	6.83	103702087	713227712.00
2018/04/16	6.85	6.87	6.62	6.71	173829569	1166143616.00
2018/04/17	6.67	6.71	6.58	6.62	120369582	800595904.00
2018/04/18	6.69	6.86	6.66	6.85	170517492	1150604672.00
2018/04/19	6.96	7.00	6.84	6.90	168501554	1165307776.00
2018/04/20	6.85	6.89	6.76	6.83	119402805	814409792.00
2018/04/23	6.78	6.85	6.69	6.83	113532066	768001216.00
2018/04/24	6.81	7.03	6.81	6.94	168885538	1174361856.00
2018/04/25	6.88	6.89	6.73	6.75	149301510	1011576320.00
数据来源:通达信
