600073 上海梅林 日线 不复权
      日期	    开盘	    最高	    最低	    收盘	    成交量	    成交额
2017/03/27	10.83	10.89	10.80	10.85	6074165	65905240.00
2017/03/28	10.86	10.87	10.76	10.76	4522738	48837412.00
2017/03/29	10.76	10.82	10.62	10.64	6025740	64507244.00
2017/03/30	10.64	10.64	10.26	10.29	11040961	115081864.00
2017/03/31	10.30	10.41	10.28	10.37	5198878	53898196.00
2017/04/05	10.39	10.67	10.38	10.59	6796140	71718968.00
2017/04/06	10.60	10.73	10.56	10.70	7090644	75588832.00
2017/04/07	10.70	10.72	10.63	10.68	4907552	52382192.00
2017/04/10	10.66	10.67	10.58	10.59	5488347	58265328.00
2017/04/11	10.59	10.67	10.50	10.66	6512684	69085696.00
2017/04/12	10.61	10.65	10.51	10.58	6142693	65049600.00
2017/04/13	10.55	10.63	10.51	10.55	4844239	51264548.00
2017/04/14	10.55	10.55	10.27	10.28	8243081	85380136.00
2017/04/17	10.26	10.39	10.23	10.31	5128846	52867732.00
2017/04/18	10.31	10.43	10.26	10.27	5283182	54741228.00
2017/04/19	10.22	10.32	9.85	9.97	10735312	107337040.00
2017/04/20	9.93	10.04	9.86	9.96	6356364	63233240.00
2017/04/21	9.96	9.98	9.63	9.69	10917379	107222032.00
2017/04/24	9.67	9.69	9.40	9.56	8169827	77748848.00
2017/04/25	9.54	9.64	9.47	9.49	5356631	51197716.00
2017/04/26	9.55	9.55	9.45	9.47	5330766	50612208.00
2017/04/27	9.40	9.42	9.07	9.38	9876356	91180848.00
2017/04/28	9.56	10.07	9.56	9.93	18651424	184231024.00
2017/05/02	9.85	9.99	9.81	9.94	11325686	112226552.00
2017/05/03	9.90	9.98	9.81	9.95	8497919	84104520.00
2017/05/04	9.93	9.96	9.76	9.83	7893682	77844656.00
2017/05/05	9.85	9.92	9.65	9.71	6321887	62143528.00
2017/05/08	9.69	9.84	9.59	9.70	6429785	62528172.00
2017/05/09	9.70	9.80	9.67	9.79	5469464	53230460.00
2017/05/10	9.76	9.87	9.29	9.32	8458279	81575168.00
2017/05/11	9.24	9.37	9.02	9.34	10292453	94817064.00
2017/05/12	9.30	9.35	9.17	9.22	6355225	58776664.00
2017/05/15	9.22	9.38	9.19	9.23	4918229	45441340.00
2017/05/16	9.24	9.40	9.06	9.38	9669335	88990944.00
2017/05/17	9.39	9.44	9.30	9.33	8773796	82164192.00
2017/05/18	9.27	9.32	9.17	9.19	5672484	52446340.00
2017/05/19	9.21	9.38	9.18	9.23	5270741	48720900.00
2017/05/22	9.22	9.22	8.91	9.00	9845580	89262856.00
2017/05/23	8.92	8.96	8.53	8.61	12931060	113039168.00
2017/05/24	8.60	8.73	8.52	8.68	9061870	78170320.00
2017/05/25	8.68	8.85	8.59	8.80	8640496	75408720.00
2017/05/26	8.80	8.85	8.77	8.80	6158417	54225436.00
2017/05/31	8.95	8.99	8.76	8.80	7172127	63389684.00
2017/06/01	8.76	8.81	8.55	8.56	7218986	62887764.00
2017/06/02	8.60	8.84	8.52	8.80	8083513	70107944.00
2017/06/05	8.81	8.86	8.78	8.85	7573841	66795292.00
2017/06/06	8.81	8.87	8.79	8.84	6586104	58091284.00
2017/06/07	8.84	9.02	8.81	8.99	10221416	91411264.00
2017/06/08	8.98	9.07	8.94	9.00	7645801	68831448.00
2017/06/09	8.99	9.22	8.94	9.13	14007664	127491296.00
2017/06/12	9.09	9.11	8.90	8.93	8889229	80060392.00
2017/06/13	8.91	9.22	8.90	9.18	11845260	108181384.00
2017/06/14	9.18	9.34	9.11	9.18	9687634	89267376.00
2017/06/15	9.18	9.35	9.15	9.25	8324549	77199952.00
2017/06/16	9.25	9.31	9.18	9.25	6388061	58998604.00
2017/06/19	9.28	9.32	9.23	9.30	6600632	61195408.00
2017/06/20	9.32	9.34	9.17	9.19	7186077	66462284.00
2017/06/21	9.22	9.39	9.16	9.31	8411451	78132192.00
2017/06/22	9.31	9.43	9.18	9.19	12083685	112841520.00
2017/06/23	9.20	9.31	9.06	9.28	9844526	90512096.00
2017/06/26	9.29	9.42	9.21	9.41	10516275	98287840.00
2017/06/27	9.42	9.47	9.36	9.40	7214194	67869224.00
2017/06/28	9.41	9.52	9.36	9.46	9649443	91282664.00
2017/06/29	9.45	9.53	9.40	9.48	8104243	76869704.00
2017/06/30	9.46	9.56	9.43	9.55	6161259	58645840.00
2017/07/03	9.55	9.63	9.51	9.62	7700099	73750120.00
2017/07/04	9.59	9.75	9.58	9.62	8652320	83675880.00
2017/07/05	9.58	9.67	9.50	9.66	7061033	67675824.00
2017/07/06	9.68	9.70	9.48	9.59	6944942	66646520.00
2017/07/07	9.60	9.68	9.51	9.66	7675057	73778888.00
2017/07/10	9.59	9.61	9.46	9.52	10303757	98267416.00
2017/07/11	9.48	9.61	9.48	9.49	7516912	71880976.00
2017/07/12	9.46	9.54	9.27	9.44	9343679	87750864.00
2017/07/13	9.45	9.51	9.38	9.47	5559065	52587324.00
2017/07/14	9.47	9.50	9.28	9.30	7929828	74331848.00
2017/07/17	9.27	9.29	8.91	8.93	11897219	108398928.00
2017/07/18	8.90	9.05	8.89	9.02	7465183	67157728.00
2017/07/19	8.99	9.15	8.98	9.11	10637093	96583856.00
2017/07/20	9.10	9.41	9.09	9.34	10612953	98659064.00
2017/07/21	9.31	9.55	9.31	9.46	12666751	119234600.00
2017/07/24	9.50	9.59	9.43	9.51	12286357	116855808.00
2017/07/25	9.54	9.58	9.36	9.52	8736346	82652048.00
2017/07/26	9.49	9.53	9.36	9.44	9583220	90229032.00
2017/07/27	9.43	9.64	9.38	9.60	14634806	139746192.00
2017/07/28	9.58	9.68	9.50	9.52	8452056	80967792.00
2017/07/31	9.48	9.76	9.48	9.75	16999559	164279648.00
2017/08/01	9.72	9.76	9.60	9.66	12154746	117532712.00
2017/08/02	9.66	9.72	9.46	9.47	11221697	107058552.00
2017/08/03	9.47	9.58	9.45	9.51	7400112	70427744.00
2017/08/04	9.52	9.57	9.34	9.35	10225840	96396840.00
2017/08/07	9.39	9.51	9.31	9.47	6943568	65367632.00
2017/08/08	9.50	9.87	9.44	9.83	24254333	235541520.00
2017/08/09	9.79	9.79	9.62	9.71	15685444	152144288.00
2017/08/10	9.71	9.72	9.50	9.55	10933478	104986880.00
2017/08/11	9.52	9.62	9.31	9.37	12092705	114414144.00
2017/08/14	9.35	9.53	9.34	9.51	7313369	69197792.00
2017/08/15	9.49	9.54	9.44	9.50	5743151	54504792.00
2017/08/16	9.50	9.53	9.41	9.51	5990792	56713768.00
2017/08/17	9.52	9.56	9.43	9.55	7617789	72373992.00
2017/08/18	9.50	9.76	9.47	9.70	18222027	175847232.00
2017/08/21	9.73	9.84	9.67	9.71	14466235	141020448.00
2017/08/22	9.72	9.72	9.58	9.64	7840458	75571624.00
2017/08/23	9.66	9.69	9.50	9.59	6754331	64758748.00
2017/08/24	9.60	9.74	9.50	9.66	10601141	102294464.00
2017/08/25	9.67	9.81	9.56	9.78	13479659	130835528.00
2017/08/28	9.75	9.97	9.73	9.90	20165940	199375936.00
2017/08/29	9.87	9.98	9.80	9.94	12363352	122050432.00
2017/08/30	9.94	10.07	9.87	9.90	11838605	117761760.00
2017/08/31	10.01	10.15	9.96	9.98	22408381	225109168.00
2017/09/01	9.98	9.98	9.82	9.85	16077470	158603808.00
2017/09/04	9.84	9.93	9.78	9.90	12258890	121036472.00
2017/09/05	9.88	9.97	9.83	9.89	8955631	88743432.00
2017/09/06	9.87	9.94	9.81	9.86	8645994	85263056.00
2017/09/07	9.86	9.88	9.77	9.78	9096722	89313480.00
2017/09/08	9.78	9.83	9.73	9.78	7917886	77420624.00
2017/09/11	9.76	9.83	9.71	9.77	7350301	71791736.00
2017/09/12	9.77	9.86	9.75	9.82	9162373	89879664.00
2017/09/13	9.82	9.86	9.70	9.85	8667721	84852360.00
2017/09/14	9.84	9.85	9.72	9.76	6281135	61441784.00
2017/09/15	9.75	9.75	9.65	9.67	6605278	63989712.00
2017/09/18	9.66	9.86	9.64	9.84	7063608	69051968.00
2017/09/19	9.85	9.86	9.71	9.73	5865113	57371244.00
2017/09/20	9.71	9.83	9.66	9.79	4964109	48487336.00
2017/09/21	9.81	9.87	9.77	9.82	8203061	80654688.00
2017/09/22	9.82	9.83	9.67	9.69	6066920	58915336.00
2017/09/25	9.71	9.72	9.50	9.51	5879579	56486908.00
2017/09/26	9.50	9.59	9.50	9.56	3437603	32789484.00
2017/09/27	9.55	9.63	9.53	9.55	3759935	35991768.00
2017/09/28	9.56	9.64	9.52	9.54	4147183	39680384.00
2017/09/29	9.55	9.71	9.54	9.61	5944280	57328072.00
2017/10/09	9.70	9.86	9.69	9.85	10990841	107767152.00
2017/10/10	9.83	9.89	9.79	9.88	9057191	89204288.00
2017/10/11	9.87	10.12	9.82	9.98	18562082	185493120.00
2017/10/12	9.95	10.03	9.90	10.00	9303100	92732384.00
2017/10/13	9.98	10.05	9.84	9.92	8899216	88293248.00
2017/10/16	9.93	10.05	9.89	9.99	12554926	125201984.00
2017/10/17	9.96	9.98	9.76	9.82	9709340	95494688.00
2017/10/18	9.84	9.86	9.63	9.64	8904044	86731144.00
2017/10/19	9.61	9.74	9.61	9.65	6225548	60192048.00
2017/10/20	9.65	10.02	9.63	9.97	16185657	160388656.00
2017/10/23	9.96	9.96	9.84	9.94	9392111	92940008.00
2017/10/24	9.89	9.91	9.76	9.85	9530589	93688656.00
2017/10/25	9.84	10.11	9.84	10.09	17480541	174888752.00
2017/10/26	10.05	10.14	10.00	10.04	13160413	132419112.00
2017/10/27	9.98	9.99	9.81	9.89	8967204	88785864.00
2017/10/30	9.93	9.96	9.53	9.60	14497379	140754224.00
2017/10/31	9.46	9.46	9.06	9.25	23863587	220659776.00
2017/11/01	9.25	9.27	9.08	9.12	12660442	116000432.00
2017/11/02	9.11	9.11	8.78	8.79	17534799	156186096.00
2017/11/03	8.75	8.87	8.73	8.80	10848197	95295808.00
2017/11/06	8.81	8.83	8.59	8.79	11056389	96203144.00
2017/11/07	8.79	8.86	8.75	8.85	7635661	67239096.00
2017/11/08	8.85	8.88	8.75	8.77	9729390	85942920.00
2017/11/09	8.77	8.90	8.73	8.88	7824424	69219736.00
2017/11/10	8.88	8.90	8.77	8.80	7024208	61860260.00
2017/11/13	8.81	8.85	8.60	8.62	11855052	103204360.00
2017/11/14	8.61	8.66	8.57	8.59	7809843	67285752.00
2017/11/15	8.61	8.66	8.56	8.62	5497132	47350280.00
2017/11/16	8.64	8.65	8.57	8.57	6410254	55079432.00
2017/11/17	8.61	8.62	8.12	8.17	13864200	115301656.00
2017/11/20	8.15	8.24	8.02	8.23	8371809	68096152.00
2017/11/21	8.23	8.29	8.17	8.25	6566728	54023248.00
2017/11/22	8.25	8.29	8.19	8.23	4939359	40691112.00
2017/11/23	8.27	8.27	8.05	8.05	6464662	52563884.00
2017/11/24	8.04	8.11	8.02	8.07	4056560	32754276.00
2017/11/27	8.06	8.18	8.05	8.09	4589054	37180964.00
2017/11/28	8.14	8.16	8.05	8.16	4275326	34627360.00
2017/11/29	8.15	8.16	8.05	8.14	3963860	32135650.00
2017/11/30	8.12	8.21	8.11	8.13	5241222	42779800.00
2017/12/01	8.12	8.24	8.12	8.23	5542949	45446128.00
2017/12/04	8.23	8.24	7.99	8.02	6632436	53851432.00
2017/12/05	8.01	8.06	7.73	7.81	9507484	74788992.00
2017/12/06	7.80	7.89	7.75	7.89	5199782	40678040.00
2017/12/07	7.85	7.89	7.82	7.85	2963948	23284708.00
2017/12/08	7.86	7.98	7.86	7.96	4555277	36157696.00
2017/12/11	7.95	8.03	7.92	8.01	3907369	31148892.00
2017/12/12	8.01	8.02	7.87	7.87	3229450	25647456.00
2017/12/13	7.84	8.31	7.84	8.30	15287959	125190136.00
2017/12/14	8.24	8.34	8.18	8.27	7299067	60197224.00
2017/12/15	8.24	8.33	8.20	8.32	6262973	51798564.00
2017/12/18	8.32	8.34	8.13	8.16	7184083	59133424.00
2017/12/19	8.18	8.44	8.12	8.40	9019163	75233736.00
2017/12/20	8.37	8.44	8.21	8.26	8726888	72338264.00
2017/12/21	8.28	8.34	8.23	8.26	5609158	46402280.00
2017/12/22	8.30	8.33	8.19	8.20	4317689	35542232.00
2017/12/25	8.21	8.26	8.02	8.05	5276350	42853664.00
2017/12/26	8.05	8.12	7.92	8.08	5327082	42735604.00
2017/12/27	8.05	8.10	7.99	8.04	4331418	34874272.00
2017/12/28	8.01	8.13	7.93	8.04	6228892	50112864.00
2017/12/29	8.07	8.13	8.06	8.12	4243631	34384668.00
2018/01/02	8.14	8.27	8.06	8.26	6847320	56009296.00
2018/01/03	8.25	8.30	8.18	8.28	8904174	73372256.00
2018/01/04	8.25	8.46	8.23	8.45	10559353	88088304.00
2018/01/05	8.40	8.40	8.31	8.36	8475545	70754552.00
2018/01/08	8.36	8.43	8.33	8.40	6792974	56961988.00
2018/01/09	8.37	8.43	8.32	8.36	5831519	48835636.00
2018/01/10	8.38	8.43	8.18	8.22	7923975	65607096.00
2018/01/11	8.22	8.29	8.20	8.28	4730907	39009672.00
2018/01/12	8.28	8.29	8.20	8.23	3980305	32800332.00
2018/01/15	8.23	8.28	7.99	8.01	6713044	54506912.00
2018/01/16	8.04	8.15	8.00	8.10	5497111	44372456.00
2018/01/17	8.13	8.18	8.00	8.12	6314691	51141708.00
2018/01/18	8.09	8.16	8.08	8.13	4178339	33923904.00
2018/01/19	8.11	8.22	8.07	8.15	5153847	42033752.00
2018/01/22	8.12	8.16	8.05	8.13	6276743	50920352.00
2018/01/23	8.14	8.16	8.09	8.13	4718712	38333348.00
2018/01/24	8.12	8.17	8.10	8.15	8138830	66179560.00
2018/01/25	8.13	8.27	8.10	8.21	14235097	116167144.00
2018/01/26	8.19	8.21	8.14	8.16	7262431	59345712.00
2018/01/29	8.17	8.18	8.03	8.04	6113504	49551288.00
2018/01/30	8.05	8.14	8.02	8.07	4373282	35369856.00
2018/01/31	8.05	8.09	7.82	7.89	8273714	65624540.00
2018/02/01	7.85	7.88	7.49	7.50	10339351	79087824.00
2018/02/02	7.50	7.58	7.20	7.46	6697798	49813784.00
2018/02/05	7.37	7.50	7.29	7.46	4057756	30080112.00
2018/02/06	7.35	7.35	6.90	6.92	8375369	59938264.00
2018/02/07	7.07	7.11	6.88	6.96	6042812	42336628.00
2018/02/08	6.99	7.13	6.95	7.08	4598417	32504092.00
2018/02/09	6.93	7.03	6.66	6.82	7800054	53500668.00
2018/02/12	6.86	7.03	6.81	6.99	4577629	31861770.00
2018/02/13	7.01	7.07	6.98	7.03	3255958	22881036.00
2018/02/14	7.01	7.04	6.98	7.01	2356857	16540154.00
2018/02/22	7.04	7.13	7.00	7.12	3530354	25003268.00
2018/02/23	7.15	7.15	7.08	7.13	3397160	24158414.00
2018/02/26	7.19	7.43	7.12	7.41	8789088	63917340.00
2018/02/27	7.35	7.40	7.28	7.29	4915045	36035816.00
2018/02/28	7.26	7.34	7.24	7.31	3839105	28010176.00
2018/03/01	7.27	7.35	7.26	7.34	2620281	19166476.00
2018/03/02	7.29	7.32	7.23	7.26	3251839	23675880.00
2018/03/05	7.24	7.36	7.23	7.34	3900418	28468794.00
2018/03/06	7.35	7.42	7.27	7.38	7490780	55084752.00
2018/03/07	7.35	7.48	7.29	7.32	5663640	41849308.00
2018/03/08	7.28	7.36	7.21	7.35	4433252	32339384.00
2018/03/09	7.34	7.44	7.31	7.44	5564882	41089084.00
2018/03/12	7.45	7.60	7.40	7.53	7853987	58901248.00
2018/03/13	7.50	7.52	7.44	7.45	4453302	33314736.00
2018/03/14	7.42	7.46	7.30	7.33	5417130	40003756.00
2018/03/15	7.37	7.56	7.36	7.44	7843635	58566500.00
2018/03/16	7.42	7.47	7.31	7.32	4605600	34102568.00
2018/03/19	7.31	7.39	7.28	7.35	3812696	27998400.00
2018/03/20	7.33	7.33	7.14	7.24	6080429	43844320.00
2018/03/21	7.25	7.48	7.23	7.37	11123604	82389616.00
2018/03/22	7.35	7.56	7.33	7.54	11040807	82512776.00
2018/03/23	7.42	8.10	7.31	7.62	36464089	281910176.00
2018/03/26	7.52	7.52	6.86	7.26	19849582	142039184.00
2018/03/27	7.25	7.40	7.23	7.38	11426972	83313040.00
2018/03/28	7.27	7.33	7.15	7.16	9917280	71576416.00
2018/03/29	7.12	7.22	7.12	7.21	5592441	40199416.00
2018/03/30	7.21	7.25	7.19	7.24	5224662	37732108.00
2018/04/02	7.32	7.44	7.27	7.37	10049240	73863368.00
2018/04/03	7.36	7.50	7.29	7.33	8060340	59680132.00
2018/04/04	7.35	7.42	7.27	7.34	7368062	53902688.00
2018/04/09	7.30	7.37	7.16	7.22	5974694	43349664.00
2018/04/10	7.20	7.26	7.15	7.24	5650037	40713964.00
2018/04/11	7.25	7.28	7.22	7.27	4857511	35234344.00
2018/04/12	7.24	7.27	7.08	7.09	5654700	40525492.00
2018/04/13	7.12	7.21	7.12	7.12	4355828	31197016.00
2018/04/16	7.12	7.18	6.96	6.98	5194911	36592008.00
2018/04/17	6.99	7.05	6.85	6.93	6070665	42035144.00
2018/04/18	6.91	6.93	6.76	6.92	5181802	35536324.00
2018/04/19	6.91	6.94	6.85	6.88	4848574	33438844.00
2018/04/20	6.87	6.87	6.74	6.75	3777424	25688540.00
2018/04/23	6.75	6.82	6.69	6.77	3356525	22688612.00
2018/04/24	6.78	6.91	6.78	6.88	3927098	26912476.00
2018/04/25	6.81	6.93	6.81	6.91	2405550	16570449.00
数据来源:通达信
