600018 上港集团 日线 不复权
      日期	    开盘	    最高	    最低	    收盘	    成交量	    成交额
2017/03/27	5.91	6.08	5.90	5.96	89325697	536874752.00
2017/03/28	5.96	6.00	5.83	5.87	34677048	203650032.00
2017/03/29	5.86	6.29	5.86	6.10	110818739	677603776.00
2017/03/30	6.10	6.21	5.95	6.02	84846560	514015456.00
2017/03/31	6.10	6.10	5.85	5.90	47804255	282603104.00
2017/04/05	5.90	5.96	5.85	5.96	35103771	207414848.00
2017/04/06	5.95	6.15	5.89	6.07	63538759	385009184.00
2017/04/07	6.05	6.07	5.98	6.00	41959007	252215456.00
2017/04/10	6.00	6.03	5.92	5.98	28132589	168516864.00
2017/04/11	5.96	6.12	5.96	6.11	54634218	330831072.00
2017/04/12	6.07	6.33	6.06	6.24	97329666	602745408.00
2017/04/13	6.17	6.31	6.12	6.15	57353951	355211776.00
2017/04/14	6.16	6.17	5.91	6.01	50400829	303773824.00
2017/04/17	6.00	6.08	5.94	6.05	24712087	148526576.00
2017/04/18	6.06	6.06	5.95	5.96	23252486	139704656.00
2017/04/19	5.92	5.97	5.83	5.97	26591057	156559488.00
2017/04/20	5.97	6.06	5.93	5.99	23202602	139536880.00
2017/04/21	5.99	6.06	5.92	6.06	27557039	165200016.00
2017/04/24	6.02	6.17	5.91	6.14	40365770	243762880.00
2017/04/25	6.08	6.16	6.03	6.04	23074754	140782096.00
2017/04/26	6.04	6.05	5.95	5.95	18414963	110269360.00
2017/04/27	5.94	6.05	5.85	6.04	31705703	189181344.00
2017/04/28	6.12	6.12	5.97	6.04	22083899	133137720.00
2017/05/02	6.04	6.06	5.95	5.96	16766053	100607456.00
2017/05/03	5.93	6.00	5.85	5.88	27376915	161390880.00
2017/05/04	5.85	5.87	5.73	5.86	27400003	158903296.00
2017/05/05	5.84	5.89	5.76	5.88	19161016	111642288.00
2017/05/08	5.85	5.99	5.77	5.97	30674863	180947696.00
2017/05/09	5.93	5.97	5.87	5.92	11828400	70006840.00
2017/05/10	5.92	5.94	5.74	5.87	21367356	124658880.00
2017/05/11	5.80	5.99	5.70	5.94	36701863	216533216.00
2017/05/12	5.89	6.04	5.87	5.96	18555266	110538488.00
2017/05/15	5.95	6.03	5.92	6.02	19284628	115603584.00
2017/05/16	6.02	6.09	5.95	6.08	23314871	140359760.00
2017/05/17	6.09	6.14	6.05	6.08	22805290	138986272.00
2017/05/18	6.07	6.14	6.03	6.11	17015467	103595704.00
2017/05/19	6.11	6.11	6.03	6.09	13196737	80002520.00
2017/05/22	6.03	6.13	5.98	6.12	22247899	134855584.00
2017/05/23	6.10	6.20	6.03	6.19	39083788	239766480.00
2017/05/24	6.16	6.20	6.08	6.20	26768229	164430752.00
2017/05/25	6.16	6.22	6.15	6.18	18733121	115953672.00
2017/05/26	6.18	6.22	6.15	6.21	19086874	118127672.00
2017/05/31	6.21	6.31	6.20	6.30	29565550	185382624.00
2017/06/01	6.32	6.40	6.23	6.39	38405742	243411856.00
2017/06/02	6.37	6.42	6.23	6.25	30587916	193863184.00
2017/06/05	6.26	6.28	6.13	6.17	28898493	178575392.00
2017/06/06	6.18	6.21	6.12	6.19	23038697	141950464.00
2017/06/07	6.20	6.23	6.16	6.19	26416148	163501328.00
2017/06/13	6.17	6.18	6.05	6.11	28990364	177287248.00
2017/06/14	6.11	6.25	6.11	6.18	23293721	144048752.00
2017/06/15	6.17	6.18	6.10	6.17	15895498	97704896.00
2017/06/16	6.17	6.19	6.11	6.12	12546824	76937088.00
2017/06/19	6.13	6.19	6.11	6.13	12139053	74746120.00
2017/06/20	6.12	6.16	6.08	6.15	19411414	118716032.00
2017/06/21	6.16	6.19	6.14	6.19	15465593	95434144.00
2017/06/22	6.16	6.32	6.16	6.28	28236931	176424704.00
2017/06/23	6.26	6.32	6.14	6.29	30533670	190659136.00
2017/06/26	6.27	6.39	6.25	6.31	33477659	212068448.00
2017/06/27	6.35	6.37	6.28	6.31	16931650	106888560.00
2017/06/28	6.31	6.33	6.25	6.26	14628703	91948504.00
2017/06/29	6.28	6.31	6.24	6.27	14653736	91867032.00
2017/06/30	6.25	6.35	6.20	6.34	24795715	155800416.00
2017/07/03	6.33	6.40	6.31	6.35	20562199	130841432.00
2017/07/04	6.34	6.39	6.30	6.39	20788085	132037704.00
2017/07/05	6.38	6.40	6.28	6.29	22913949	145022064.00
2017/07/06	6.31	6.34	6.27	6.30	19897710	125384984.00
2017/07/07	6.30	6.40	6.26	6.40	29160855	185147824.00
2017/07/10	6.40	6.65	6.40	6.60	54164252	355981632.00
2017/07/11	6.51	6.62	6.51	6.56	32776866	215567712.00
2017/07/12	6.59	6.67	6.49	6.57	34251084	224903280.00
2017/07/13	6.58	6.66	6.53	6.66	29279269	193187600.00
2017/07/14	6.69	6.83	6.58	6.66	38358042	256805968.00
2017/07/17	6.66	6.73	6.39	6.70	41050810	270212768.00
2017/07/18	6.54	6.60	6.52	6.59	30101163	197373456.00
2017/07/19	6.59	6.65	6.44	6.49	56202484	366735872.00
2017/07/20	6.49	6.75	6.49	6.73	51035757	337306176.00
2017/07/21	6.70	6.72	6.63	6.67	31701220	211538640.00
2017/07/24	6.66	6.77	6.62	6.63	36040016	241261520.00
2017/07/25	6.63	6.85	6.63	6.75	43690891	295991616.00
2017/07/26	6.71	6.83	6.70	6.82	28750399	194406240.00
2017/07/27	6.80	7.03	6.75	6.88	45688424	314817472.00
2017/07/28	6.84	6.87	6.76	6.80	22154541	150499104.00
2017/07/31	6.80	6.85	6.71	6.79	33700380	228250144.00
2017/08/01	6.79	6.79	6.69	6.72	22806792	153502000.00
2017/08/02	6.72	6.75	6.58	6.58	28267512	187751840.00
2017/08/03	6.56	6.63	6.55	6.61	15879015	104662592.00
2017/08/04	6.59	6.68	6.58	6.59	16359109	108568688.00
2017/08/07	6.57	6.62	6.49	6.58	15166437	99467336.00
2017/08/08	6.55	6.71	6.54	6.65	16027139	106710472.00
2017/08/09	6.63	6.65	6.52	6.54	17068854	111911384.00
2017/08/10	6.54	6.59	6.44	6.58	22960719	149353728.00
2017/08/11	6.53	6.62	6.48	6.61	21746617	142749376.00
2017/08/14	6.60	6.61	6.51	6.54	16848280	110439432.00
2017/08/15	6.52	6.54	6.46	6.46	11161246	72553352.00
2017/08/16	6.46	6.49	6.31	6.34	25694804	163850368.00
2017/08/17	6.34	6.39	6.33	6.38	12607645	80266384.00
2017/08/18	6.36	6.43	6.33	6.40	9667598	61785584.00
2017/08/21	6.40	6.45	6.36	6.43	10756155	68912176.00
2017/08/22	6.42	6.43	6.38	6.40	6294788	40281424.00
2017/08/23	6.40	6.43	6.38	6.38	6195300	39668672.00
2017/08/24	6.39	6.42	6.31	6.34	9076434	57820268.00
2017/08/25	6.33	6.39	6.32	6.38	12032889	76517296.00
2017/08/28	6.36	6.46	6.35	6.41	19887624	127565104.00
2017/08/29	6.43	6.48	6.41	6.46	15872037	102451384.00
2017/08/30	6.48	6.56	6.48	6.51	23455493	153071648.00
2017/08/31	6.52	6.54	6.49	6.52	10422244	67844672.00
2017/09/01	6.52	6.52	6.36	6.41	25587528	164299376.00
2017/09/04	6.41	6.53	6.41	6.52	20566743	133355048.00
2017/09/05	6.53	6.55	6.48	6.50	10688948	69521136.00
2017/09/06	6.50	6.52	6.46	6.50	10456373	67859672.00
2017/09/07	6.51	6.56	6.46	6.55	18446188	120307568.00
2017/09/08	6.55	6.63	6.54	6.57	18366644	120738872.00
2017/09/11	6.56	6.60	6.50	6.53	28503948	186722128.00
2017/09/12	6.53	6.56	6.42	6.52	32976810	213884848.00
2017/09/13	6.51	6.54	6.47	6.48	17323912	112760200.00
2017/09/14	6.49	6.60	6.47	6.59	18642585	121811304.00
2017/09/15	6.59	6.59	6.54	6.58	13326858	87474320.00
2017/09/18	6.60	6.62	6.52	6.55	14644166	96156568.00
2017/09/19	6.55	6.60	6.54	6.59	11775757	77403904.00
2017/09/20	6.55	6.65	6.55	6.62	21445108	141958336.00
2017/09/21	6.64	6.64	6.55	6.57	20748969	136687040.00
2017/09/22	6.56	6.62	6.52	6.61	20859340	136953360.00
2017/09/25	6.58	6.70	6.58	6.69	25433733	169028880.00
2017/09/26	6.68	6.75	6.65	6.75	15816714	105989072.00
2017/09/27	6.71	6.81	6.71	6.75	16080028	108559024.00
2017/09/28	6.75	6.78	6.72	6.76	15328784	103546816.00
2017/09/29	6.76	6.77	6.67	6.69	15529888	104195576.00
2017/10/09	6.76	6.78	6.65	6.69	31914061	214156992.00
2017/10/10	6.70	6.73	6.63	6.73	14408698	96193888.00
2017/10/11	6.72	6.78	6.71	6.76	14044721	94679568.00
2017/10/12	6.75	6.76	6.70	6.72	13911893	93665144.00
2017/10/13	6.72	6.90	6.70	6.88	32379445	221470928.00
2017/10/16	6.88	7.06	6.88	6.89	36928301	257256000.00
2017/10/17	6.89	7.04	6.83	7.00	31949877	222829632.00
2017/10/18	7.02	7.14	7.01	7.11	50724453	359426048.00
2017/10/19	7.06	7.17	7.01	7.16	47934937	339838048.00
2017/10/20	7.65	7.88	7.62	7.88	121344571	952277568.00
2017/10/23	8.35	8.58	7.90	7.93	261299604	2152941312.00
2017/10/24	7.63	7.73	7.31	7.64	163857995	1233165696.00
2017/10/25	7.42	7.78	7.32	7.52	115459215	868346752.00
2017/10/26	7.42	7.67	7.38	7.56	98721446	744806208.00
2017/10/27	7.52	8.12	7.49	8.00	195278460	1537154944.00
2017/10/30	7.96	8.05	7.71	8.04	117382720	922813120.00
2017/10/31	7.99	8.84	7.89	8.64	265578468	2268867328.00
2017/11/01	8.44	8.49	8.00	8.10	245961418	2028013824.00
2017/11/02	8.05	8.24	7.92	8.12	120299114	972182656.00
2017/11/03	8.03	8.16	7.62	7.82	127101704	995550656.00
2017/11/06	7.75	7.92	7.64	7.78	71956333	559512064.00
2017/11/07	7.97	8.15	7.63	7.69	157024519	1238017152.00
2017/11/08	7.69	7.89	7.62	7.74	125623388	972052352.00
2017/11/09	7.67	7.68	7.44	7.52	103426218	778532544.00
2017/11/10	7.50	7.65	7.45	7.50	71762486	541106304.00
2017/11/13	7.68	7.94	7.61	7.62	146950713	1139212288.00
2017/11/14	7.57	8.36	7.48	8.23	243753520	1939269120.00
2017/11/15	8.06	8.14	7.92	7.98	124953256	999650240.00
2017/11/16	7.86	8.11	7.83	7.93	102202077	816099392.00
2017/11/17	7.87	8.14	7.75	8.08	140304724	1119376000.00
2017/11/20	8.00	8.25	7.76	8.23	105719398	849101312.00
2017/11/21	8.20	8.26	7.97	8.02	112887784	914160896.00
2017/11/22	8.13	8.13	7.78	7.80	118034001	935597568.00
2017/11/23	7.74	7.86	7.30	7.41	107321214	816906560.00
2017/11/24	7.33	7.52	7.30	7.44	48552624	360432928.00
2017/11/27	7.43	7.59	7.32	7.46	42752257	318388160.00
2017/11/28	7.50	7.56	7.44	7.54	34898221	261584416.00
2017/11/29	7.54	7.54	7.40	7.44	41574069	309784768.00
2017/11/30	7.48	7.67	7.42	7.45	61725609	466157696.00
2017/12/01	7.38	7.52	7.34	7.46	36461360	271030464.00
2017/12/04	7.41	7.50	7.38	7.47	33950346	252762784.00
2017/12/05	7.44	7.68	7.44	7.62	74474289	564788096.00
2017/12/06	7.60	7.61	7.45	7.55	38059549	286385248.00
2017/12/07	7.53	7.57	7.35	7.43	46818130	346868320.00
2017/12/08	7.41	7.49	7.37	7.39	41673679	308315072.00
2017/12/11	7.46	7.50	7.39	7.44	37924718	281978944.00
2017/12/12	7.44	7.44	7.33	7.34	34563763	255018864.00
2017/12/13	7.42	7.54	7.38	7.44	43087979	321360480.00
2017/12/14	7.38	7.41	7.31	7.34	42970186	315473824.00
2017/12/15	7.32	7.32	7.10	7.11	66236768	475080640.00
2017/12/18	7.10	7.14	6.89	6.99	48177640	336168352.00
2017/12/19	6.98	7.00	6.94	6.98	24632847	171489216.00
2017/12/20	6.99	7.00	6.70	6.82	57675093	392988064.00
2017/12/21	6.79	6.81	6.63	6.78	32285217	217705664.00
2017/12/22	6.77	6.85	6.74	6.82	22758034	154925616.00
2017/12/25	6.80	6.85	6.57	6.61	42119369	281122720.00
2017/12/26	6.66	6.85	6.66	6.80	35673301	242131648.00
2017/12/27	6.76	6.78	6.55	6.61	43078923	286321216.00
2017/12/28	6.62	6.73	6.52	6.62	31791792	210710288.00
2017/12/29	6.63	6.72	6.62	6.65	24467100	162949696.00
2018/01/02	6.69	6.83	6.66	6.76	48888036	329829344.00
2018/01/03	6.78	6.94	6.78	6.86	58309067	400603648.00
2018/01/04	6.88	7.55	6.75	7.53	85863488	603649408.00
2018/01/05	7.20	7.37	7.14	7.16	104491870	756850176.00
2018/01/08	7.15	7.28	7.00	7.18	57788181	412118912.00
2018/01/09	7.13	7.15	7.01	7.06	41959352	296980160.00
2018/01/10	7.09	7.16	6.93	7.01	51765175	363602336.00
2018/01/11	7.01	7.03	6.92	6.98	25935710	180860768.00
2018/01/12	7.00	7.12	6.94	7.02	35065522	246813968.00
2018/01/15	7.16	7.21	7.02	7.05	58291483	414973632.00
2018/01/16	7.01	7.15	7.01	7.09	47508563	335845216.00
2018/01/17	7.15	7.18	7.02	7.15	49831621	354954848.00
2018/01/18	7.18	7.18	7.06	7.12	53258251	378509536.00
2018/01/19	7.12	7.24	7.08	7.15	64016735	458785376.00
2018/01/22	7.15	7.19	7.09	7.15	41098407	293628544.00
2018/01/23	7.19	7.36	7.15	7.31	85946652	625392512.00
2018/01/24	7.39	7.46	7.27	7.32	82400011	606722944.00
2018/01/25	7.33	7.46	7.25	7.35	71174595	525825408.00
2018/01/26	7.31	7.59	7.29	7.51	83889233	628756864.00
2018/01/29	7.55	7.62	7.43	7.45	63566962	477709248.00
2018/01/30	7.45	7.51	7.21	7.22	58232367	426569504.00
2018/01/31	7.23	7.27	7.08	7.24	42583710	305692032.00
2018/02/01	7.23	7.35	7.10	7.34	61745746	446763840.00
2018/02/02	7.33	7.50	7.21	7.49	63404497	469924288.00
2018/02/05	7.41	7.69	7.38	7.61	87669069	664899648.00
2018/02/06	7.52	7.68	7.46	7.60	107269124	810832320.00
2018/02/07	7.69	7.74	7.21	7.41	102540386	764408576.00
2018/02/08	7.29	7.42	7.08	7.24	57899032	420201536.00
2018/02/09	7.03	7.03	6.52	6.94	94211602	637052096.00
2018/02/12	6.80	7.01	6.77	6.93	34672996	239920928.00
2018/02/13	6.98	7.03	6.92	6.94	30727861	214494992.00
2018/02/14	6.96	7.02	6.93	6.99	18958422	132380288.00
2018/02/22	7.08	7.26	7.05	7.21	40865974	293166176.00
2018/02/23	7.36	7.50	7.30	7.38	63629441	470793280.00
2018/02/26	7.47	7.55	7.40	7.48	69550070	519499392.00
2018/02/27	7.43	7.64	7.36	7.48	70129695	523728608.00
2018/02/28	7.44	7.62	7.33	7.59	64366844	484608864.00
2018/03/01	7.53	7.60	7.45	7.55	62153953	467241024.00
2018/03/02	7.50	7.72	7.40	7.66	94581983	717793600.00
2018/03/05	7.69	7.71	7.58	7.68	57772416	442201312.00
2018/03/06	7.68	7.71	7.50	7.51	97914826	741959104.00
2018/03/07	7.53	7.60	7.49	7.53	50666448	382192864.00
2018/03/08	7.48	7.56	7.41	7.52	37707349	282547712.00
2018/03/09	7.49	7.56	7.46	7.52	40210944	302159040.00
2018/03/12	7.51	7.53	7.44	7.46	53042006	397256096.00
2018/03/13	7.46	7.62	7.42	7.57	72823839	547571904.00
2018/03/14	7.51	7.56	7.40	7.41	46722430	348869568.00
2018/03/15	7.32	7.44	7.32	7.36	32914572	242352976.00
2018/03/16	7.43	7.44	7.30	7.33	29324866	216346160.00
2018/03/19	7.26	7.34	7.15	7.24	35414188	256799712.00
2018/03/20	7.18	7.21	7.10	7.17	32765703	234409024.00
2018/03/21	7.22	7.28	7.12	7.18	32500733	234415872.00
2018/03/22	7.16	7.20	7.00	7.15	42184091	299247968.00
2018/03/23	6.88	7.13	6.78	7.11	80464887	555105024.00
2018/03/26	7.00	7.00	6.84	6.96	24450468	169536912.00
2018/03/27	7.02	7.18	7.02	7.14	29815289	212036016.00
2018/03/28	7.13	7.17	7.03	7.09	28122504	199579728.00
2018/03/29	7.08	7.15	7.06	7.11	23508441	167192896.00
2018/03/30	7.10	7.14	7.00	7.05	22961200	162517984.00
2018/04/02	7.03	7.07	6.94	7.01	22825823	160372704.00
2018/04/03	6.90	7.30	6.89	7.21	65584552	472513760.00
2018/04/04	7.27	7.41	7.21	7.35	52860345	387706208.00
2018/04/09	7.35	7.62	7.35	7.55	92782534	697658176.00
2018/04/10	7.68	7.72	7.26	7.29	83809280	622388928.00
2018/04/11	7.40	7.58	7.35	7.48	74291393	555952448.00
2018/04/12	7.40	7.45	7.29	7.36	40235643	296200000.00
2018/04/13	7.36	7.44	7.26	7.29	23574382	172577440.00
2018/04/16	7.20	7.24	6.97	7.06	49087641	347804800.00
2018/04/17	7.07	7.11	6.91	6.92	29342981	205306832.00
2018/04/18	6.97	7.01	6.76	6.89	40898333	281114496.00
2018/04/19	6.90	6.96	6.88	6.92	23192173	160621120.00
2018/04/20	6.90	6.96	6.77	6.88	37821578	258950144.00
2018/04/23	6.84	6.92	6.81	6.88	18311989	125746032.00
2018/04/24	6.85	7.01	6.85	6.99	21501132	149879776.00
2018/04/25	6.98	7.01	6.91	6.98	17677451	123080320.00
数据来源:通达信
