600048 保利地产 日线 不复权
      日期	    开盘	    最高	    最低	    收盘	    成交量	    成交额
2017/03/27	9.67	9.74	9.60	9.66	34392889	332687520.00
2017/03/28	9.70	9.70	9.55	9.57	34019363	326438368.00
2017/03/29	9.57	9.61	9.47	9.49	45161352	430404896.00
2017/03/30	9.48	9.52	9.34	9.49	44109663	416085952.00
2017/03/31	9.45	9.58	9.39	9.53	32098876	303948480.00
2017/04/05	9.67	9.74	9.59	9.64	44662816	431169280.00
2017/04/06	9.64	9.70	9.58	9.68	40115743	386883872.00
2017/04/07	9.70	9.74	9.59	9.68	42052103	406567776.00
2017/04/10	9.68	9.90	9.61	9.80	66223844	646883136.00
2017/04/11	9.78	9.95	9.57	9.88	87150432	851933120.00
2017/04/12	10.00	10.17	9.88	9.99	108044999	1080815360.00
2017/04/13	9.94	9.95	9.74	9.91	58317455	573209216.00
2017/04/14	9.84	9.90	9.75	9.89	45569147	447507072.00
2017/04/17	9.83	9.88	9.72	9.85	37651891	368996992.00
2017/04/18	9.81	9.82	9.59	9.60	57851549	559377920.00
2017/04/19	9.57	9.67	9.52	9.63	32168009	308739680.00
2017/04/20	9.60	9.67	9.54	9.66	30560832	293714176.00
2017/04/21	9.66	9.77	9.63	9.72	36231376	351605696.00
2017/04/24	9.72	9.80	9.55	9.79	68700977	665580736.00
2017/04/25	9.76	9.82	9.71	9.75	33684073	328673920.00
2017/04/26	9.76	9.81	9.67	9.69	25615736	249376048.00
2017/04/27	9.66	9.67	9.32	9.55	54140387	515078304.00
2017/04/28	9.50	9.52	9.35	9.42	65500627	614990464.00
2017/05/02	9.39	9.40	9.31	9.36	23064595	215815136.00
2017/05/03	9.36	9.39	9.28	9.36	25031547	233714720.00
2017/05/04	9.33	9.37	9.31	9.35	21496037	200840208.00
2017/05/05	9.35	9.38	9.18	9.36	76976224	713382912.00
2017/05/08	9.29	9.47	9.11	9.33	111512396	1037704896.00
2017/05/09	9.29	9.33	9.25	9.32	27461308	255168272.00
2017/05/10	9.29	9.35	9.14	9.17	28474667	262910176.00
2017/05/11	9.15	9.25	9.08	9.18	32902315	301002624.00
2017/05/12	9.15	9.24	9.11	9.19	32190848	295245376.00
2017/05/15	9.18	9.29	9.15	9.26	35243686	324889248.00
2017/05/16	9.23	9.31	9.15	9.28	45758983	421760320.00
2017/05/17	9.25	9.29	9.19	9.21	25679342	236954096.00
2017/05/18	9.16	9.28	9.14	9.22	22185158	204599216.00
2017/05/19	9.23	9.34	9.20	9.32	30085373	279756672.00
2017/05/22	9.32	9.40	9.23	9.31	33506782	312454560.00
2017/05/23	9.32	9.41	9.25	9.34	33959947	316610432.00
2017/05/24	9.32	9.41	9.26	9.38	28813259	269159008.00
2017/05/25	9.41	9.75	9.41	9.71	110804476	1067636928.00
2017/05/26	9.70	9.79	9.54	9.57	54792075	530055648.00
2017/05/31	9.90	9.99	9.67	9.69	74422301	731129408.00
2017/06/01	9.69	9.95	9.68	9.76	57214497	560800192.00
2017/06/02	9.72	9.89	9.66	9.73	44641458	436868960.00
2017/06/05	9.73	9.76	9.59	9.69	36116772	348698784.00
2017/06/06	9.68	9.90	9.65	9.83	49850715	488626368.00
2017/06/07	9.80	9.92	9.75	9.86	85299530	840192448.00
2017/06/08	9.87	10.07	9.82	10.05	99237246	988938560.00
2017/06/09	9.77	9.86	9.61	9.68	78853173	767551616.00
2017/06/12	9.68	9.93	9.62	9.68	91056575	891718016.00
2017/06/13	9.62	9.75	9.59	9.68	43968038	425407008.00
2017/06/14	9.63	9.66	9.40	9.43	75087061	711578944.00
2017/06/15	9.43	9.45	9.31	9.42	42459088	397814272.00
2017/06/16	9.40	9.43	9.35	9.39	31389510	294639232.00
2017/06/19	9.38	9.49	9.36	9.45	31605977	298662752.00
2017/06/20	9.44	9.52	9.34	9.38	32829097	309242304.00
2017/06/21	9.43	9.63	9.34	9.60	73075263	694883520.00
2017/06/22	9.56	9.86	9.50	9.61	122547454	1189856512.00
2017/06/23	9.58	10.05	9.55	9.99	159021970	1569931008.00
2017/06/26	10.04	10.45	9.98	10.24	260355578	2665077504.00
2017/06/27	10.24	10.24	10.06	10.17	78826073	800909120.00
2017/06/28	10.14	10.21	10.01	10.02	65858046	665818560.00
2017/06/29	10.06	10.15	9.94	10.07	60001519	601107264.00
2017/06/30	10.03	10.04	9.94	9.97	48046506	479871232.00
2017/07/03	10.01	10.22	9.97	10.18	71071022	718017280.00
2017/07/04	10.18	10.19	9.85	9.89	69320875	692171392.00
2017/07/05	9.90	10.07	9.78	10.05	59513921	589929600.00
2017/07/06	10.00	10.02	9.84	9.85	52668592	522316960.00
2017/07/07	9.85	10.25	9.83	10.23	108004216	1090182016.00
2017/07/10	10.19	10.72	10.15	10.35	138266634	1451022464.00
2017/07/11	10.32	10.63	10.30	10.39	96147594	1009003968.00
2017/07/12	10.37	10.60	10.28	10.37	92146263	961961664.00
2017/07/13	10.30	10.52	10.27	10.48	65165747	678402944.00
2017/07/14	10.51	10.89	10.40	10.88	115625980	1235465216.00
2017/07/17	10.92	11.04	10.61	10.66	126661177	1372613376.00
2017/07/18	10.61	10.95	10.60	10.89	99915400	1081124864.00
2017/07/19	10.76	10.93	10.65	10.83	106823117	1155194752.00
2017/07/20	10.77	11.27	10.77	11.18	129227638	1431200640.00
2017/07/21	11.15	11.22	10.83	10.97	104190336	1143020288.00
2017/07/24	10.91	10.99	10.68	10.74	86502140	936994688.00
2017/07/25	10.68	10.72	10.47	10.55	72139559	763331456.00
2017/07/26	10.58	10.64	10.30	10.37	89319749	932945984.00
2017/07/27	10.36	10.54	10.29	10.48	74856332	779481792.00
2017/07/28	10.45	10.69	10.42	10.62	62172124	659009344.00
2017/07/31	10.62	10.69	10.39	10.51	64461088	674672512.00
2017/08/01	10.52	10.65	10.48	10.58	47503970	501379776.00
2017/08/02	10.57	10.64	10.18	10.20	87277632	906657216.00
2017/08/03	10.20	10.27	10.03	10.13	68668227	695374656.00
2017/08/04	10.12	10.24	10.05	10.09	69698407	705539776.00
2017/08/07	10.10	10.13	9.98	10.08	49910515	501901184.00
2017/08/08	10.09	10.14	9.98	10.07	59687624	600072128.00
2017/08/09	10.09	10.22	10.06	10.19	58276607	590300928.00
2017/08/10	10.17	10.21	10.00	10.19	50988693	515135808.00
2017/08/11	10.10	10.17	9.80	9.84	68484219	682779584.00
2017/08/14	9.86	9.93	9.80	9.89	58403769	575078144.00
2017/08/15	9.88	9.98	9.83	9.89	35924227	356227840.00
2017/08/16	9.90	9.94	9.81	9.89	27577891	271870752.00
2017/08/17	9.88	10.00	9.85	9.98	36938120	367291072.00
2017/08/18	9.94	10.14	9.91	10.11	54611865	549149184.00
2017/08/21	10.06	10.17	10.05	10.12	36074355	365167872.00
2017/08/22	10.34	10.53	10.21	10.26	90642506	939639168.00
2017/08/23	10.23	10.33	10.15	10.18	43931087	449209568.00
2017/08/24	10.17	10.20	10.05	10.11	31590612	319679712.00
2017/08/25	10.08	10.28	10.08	10.26	42456722	433882784.00
2017/08/28	10.29	10.48	10.22	10.38	74355507	772291968.00
2017/08/29	10.39	10.43	10.26	10.28	32191959	332112672.00
2017/08/30	10.35	10.48	10.33	10.41	62752049	654284224.00
2017/08/31	10.38	10.46	10.27	10.31	37115066	383820480.00
2017/09/01	10.30	10.34	10.10	10.21	67882961	694051584.00
2017/09/04	10.19	10.32	10.15	10.28	35227340	361873248.00
2017/09/05	10.24	10.55	10.24	10.52	79020761	825933568.00
2017/09/06	10.46	10.56	10.40	10.49	46181814	483406528.00
2017/09/07	10.56	11.12	10.55	10.90	188973276	2061528448.00
2017/09/08	10.90	11.21	10.74	11.06	119873432	1320229504.00
2017/09/11	11.15	11.23	10.78	10.90	102665707	1124812032.00
2017/09/12	10.88	10.96	10.63	10.71	79499289	855188800.00
2017/09/13	10.71	10.87	10.67	10.73	69198444	745895744.00
2017/09/14	10.73	11.33	10.72	11.32	199089271	2208562176.00
2017/09/15	11.30	12.00	11.25	11.65	233659499	2726381568.00
2017/09/18	11.71	12.05	11.38	11.45	182134315	2130677504.00
2017/09/19	11.51	12.01	11.46	11.59	182444480	2149170432.00
2017/09/20	11.58	11.63	11.26	11.29	123308991	1411170048.00
2017/09/21	11.33	11.49	11.25	11.33	90467842	1027555072.00
2017/09/22	11.32	11.53	11.21	11.31	66040624	750864256.00
2017/09/25	11.01	11.03	10.53	10.57	158683185	1710973056.00
2017/09/26	10.59	10.79	10.54	10.65	53843945	573766720.00
2017/09/27	10.71	10.78	10.58	10.77	47741802	510624128.00
2017/09/28	10.77	10.79	10.41	10.44	83540018	879283136.00
2017/09/29	10.48	10.53	10.33	10.40	50157216	523320704.00
2017/10/09	10.70	10.82	10.52	10.54	110998938	1186480000.00
2017/10/10	10.59	10.63	10.40	10.46	77929968	815128576.00
2017/10/11	10.49	10.59	10.37	10.44	74703272	780678144.00
2017/10/12	10.45	10.45	10.23	10.32	78408213	808528128.00
2017/10/13	10.32	10.38	10.24	10.27	65698222	676428480.00
2017/10/16	10.31	10.34	10.17	10.18	57536434	589156480.00
2017/10/17	10.17	10.25	10.14	10.22	40065559	408734880.00
2017/10/18	10.22	10.27	10.18	10.25	41237205	421645120.00
2017/10/19	10.26	10.36	10.20	10.26	57295003	590027136.00
2017/10/20	10.27	10.37	10.22	10.37	41327832	426616192.00
2017/10/23	10.37	10.54	10.31	10.49	67798278	706902272.00
2017/10/24	10.65	10.89	10.53	10.80	127323683	1370138112.00
2017/10/25	10.83	11.15	10.80	10.86	97638654	1072989568.00
2017/10/26	10.81	10.95	10.56	10.64	117330732	1260055168.00
2017/10/27	10.70	10.92	10.51	10.64	129417031	1381406336.00
2017/10/30	10.62	10.78	10.53	10.77	126882250	1351294592.00
2017/10/31	10.79	10.92	10.67	10.89	97024465	1047169728.00
2017/11/01	10.91	11.21	10.71	10.77	173845087	1905835520.00
2017/11/02	10.70	10.89	10.65	10.83	83585668	900968064.00
2017/11/03	10.80	10.83	10.43	10.66	99839221	1060995072.00
2017/11/06	10.58	10.64	10.28	10.38	82297945	856949888.00
2017/11/07	10.41	10.53	10.33	10.44	83264274	866677312.00
2017/11/08	10.38	10.60	10.38	10.48	71641514	751950592.00
2017/11/09	10.48	10.66	10.45	10.63	50874064	536823552.00
2017/11/10	10.67	10.70	10.38	10.44	83633608	881818560.00
2017/11/13	10.43	10.53	10.28	10.32	84422657	877198016.00
2017/11/14	10.30	10.52	10.19	10.46	84182089	873880576.00
2017/11/15	10.39	10.73	10.35	10.71	100870373	1070284928.00
2017/11/16	10.72	11.44	10.69	11.43	255354786	2843133184.00
2017/11/17	11.43	11.75	11.33	11.73	258259895	2990202624.00
2017/11/20	11.63	11.75	11.35	11.74	126232853	1459636736.00
2017/11/21	11.69	12.41	11.67	12.02	243130942	2934932992.00
2017/11/22	12.20	12.38	11.95	12.05	214544531	2615151104.00
2017/11/23	12.04	12.37	11.65	11.86	155091831	1867169536.00
2017/11/24	11.80	12.09	11.70	11.94	100370315	1196358656.00
2017/11/27	11.94	12.33	11.66	11.96	130655569	1559436672.00
2017/11/28	11.95	11.95	11.42	11.68	92654119	1078737920.00
2017/11/29	11.80	12.85	11.68	12.85	247745291	3055593984.00
2017/11/30	13.00	13.09	12.27	12.60	235714059	3000986112.00
2017/12/01	12.60	13.25	12.50	12.75	200143236	2570247168.00
2017/12/04	12.70	12.85	12.33	12.82	123880745	1560872960.00
2017/12/05	12.70	13.17	12.54	12.80	228522650	2960015360.00
2017/12/06	12.68	13.05	12.51	12.70	123000395	1565042304.00
2017/12/07	12.73	13.35	12.72	12.84	156682944	2033108352.00
2017/12/08	12.70	12.75	12.29	12.74	144830397	1814506112.00
2017/12/11	12.65	12.92	12.44	12.91	106158237	1342485888.00
2017/12/12	12.83	13.04	12.53	12.56	95430182	1222488192.00
2017/12/13	12.59	12.64	12.35	12.59	77135045	964630208.00
2017/12/14	12.56	12.98	12.46	12.67	101192021	1287149696.00
2017/12/15	12.51	12.65	12.06	12.15	116453125	1433303552.00
2017/12/18	12.16	12.36	11.88	12.13	84246789	1016803328.00
2017/12/19	12.18	12.40	12.06	12.38	69737327	854921728.00
2017/12/20	12.24	12.31	11.89	12.09	106499142	1287971712.00
2017/12/21	12.13	13.24	12.12	13.03	196797513	2501603328.00
2017/12/22	13.00	13.16	12.94	13.08	99055895	1290868224.00
2017/12/25	13.33	13.94	13.33	13.55	186833932	2549486848.00
2017/12/26	13.63	13.87	13.45	13.85	115205732	1576582528.00
2017/12/27	13.70	13.95	13.46	13.65	107345356	1471431168.00
2017/12/28	13.60	13.83	13.32	13.71	92536121	1256870144.00
2017/12/29	13.67	14.32	13.61	14.15	126685808	1780418560.00
2018/01/02	14.30	15.08	14.30	14.62	183889092	2717476352.00
2018/01/03	14.72	15.15	14.34	14.44	190744086	2811032320.00
2018/01/04	14.57	14.84	14.39	14.51	146757420	2143773312.00
2018/01/05	14.55	15.95	14.45	15.29	261799617	3990231040.00
2018/01/08	15.72	16.30	15.46	15.62	278218613	4403516928.00
2018/01/09	15.45	15.96	15.44	15.70	146255668	2293763584.00
2018/01/10	15.70	16.26	15.60	15.86	143295209	2284422144.00
2018/01/11	15.74	15.95	15.34	15.78	118174577	1846425600.00
2018/01/12	15.68	16.34	15.57	15.70	139410530	2227229952.00
2018/01/15	16.18	16.87	16.00	16.60	257430550	4226685184.00
2018/01/16	16.45	17.99	16.34	17.68	322471991	5503315456.00
2018/01/17	17.40	18.21	17.04	17.93	275189261	4846253568.00
2018/01/18	17.90	18.09	17.32	17.57	188233864	3330767616.00
2018/01/19	17.70	18.00	17.10	17.29	195930693	3442182912.00
2018/01/22	17.27	17.72	17.16	17.53	146284361	2552999168.00
2018/01/23	17.65	18.35	17.65	17.75	258624832	4642713600.00
2018/01/24	17.78	18.40	17.70	17.84	192938121	3463923456.00
2018/01/25	17.77	17.81	16.70	17.10	245924200	4216194304.00
2018/01/26	17.10	17.56	16.91	17.19	162439087	2802849280.00
2018/01/29	17.33	17.48	16.68	16.98	171133085	2920008704.00
2018/01/30	16.96	17.13	16.36	16.52	162162669	2701415168.00
2018/01/31	16.61	17.29	16.49	17.23	199998705	3389120768.00
2018/02/01	17.35	17.85	17.18	17.58	224772635	3937634560.00
2018/02/02	17.30	18.48	17.00	18.42	212407255	3791198208.00
2018/02/05	18.20	18.74	17.95	18.69	189981999	3481582592.00
2018/02/06	18.20	18.27	17.40	18.03	230049737	4111399680.00
2018/02/07	18.35	18.46	16.23	16.34	310223696	5241530368.00
2018/02/08	16.03	16.32	15.20	15.67	234483074	3688868352.00
2018/02/09	15.06	15.37	14.10	14.19	326039097	4715270144.00
2018/02/12	14.20	14.56	13.89	14.50	199513961	2844179200.00
2018/02/13	14.76	15.65	14.66	15.11	187797865	2833561088.00
2018/02/14	15.10	15.35	14.74	15.20	80986138	1219895168.00
2018/02/22	15.50	15.79	15.27	15.43	104835838	1626813440.00
2018/02/23	15.48	15.91	15.32	15.64	106256746	1663751552.00
2018/02/26	15.67	15.79	14.40	15.09	202375514	3019017728.00
2018/02/27	14.98	15.00	14.32	14.51	186818358	2718958848.00
2018/02/28	14.26	14.85	14.05	14.63	144939571	2101602176.00
2018/03/01	14.42	15.06	14.38	14.70	135507585	2007251200.00
2018/03/02	14.48	14.99	14.30	14.80	116683131	1715326720.00
2018/03/05	14.92	15.38	14.77	14.86	121588902	1829904896.00
2018/03/06	15.00	15.59	14.60	15.55	174218323	2636841984.00
2018/03/07	15.47	15.86	15.26	15.41	113134790	1759589632.00
2018/03/08	15.42	15.65	15.27	15.54	75850193	1172861184.00
2018/03/09	15.61	15.70	14.99	15.25	110353089	1684591744.00
2018/03/12	15.10	15.10	14.37	14.57	200962744	2937778432.00
2018/03/13	14.48	14.72	14.43	14.53	97397890	1416974720.00
2018/03/14	14.43	14.70	14.30	14.57	84977876	1235367296.00
2018/03/15	14.57	14.68	14.41	14.59	76064766	1107323520.00
2018/03/16	14.53	14.86	14.51	14.61	95596264	1406306304.00
2018/03/19	14.56	14.56	14.00	14.07	119186905	1685857280.00
2018/03/20	13.86	14.03	13.71	13.93	90616692	1255738880.00
2018/03/21	13.99	14.34	13.88	14.01	99500363	1408493952.00
2018/03/22	13.95	14.06	13.53	13.62	109728371	1505140352.00
2018/03/23	13.10	13.33	12.72	13.31	210975953	2750426368.00
2018/03/26	13.15	13.29	12.80	13.04	107120870	1392342272.00
2018/03/27	13.35	13.46	12.94	13.10	110188437	1450370304.00
2018/03/28	12.92	13.45	12.86	13.08	109135043	1433178752.00
2018/03/29	13.15	14.08	12.48	13.76	280695694	3753174272.00
2018/03/30	13.60	13.76	13.43	13.47	117881935	1598923648.00
2018/04/02	13.56	14.05	13.46	13.64	150956503	2081074816.00
2018/04/03	13.36	13.68	13.21	13.53	83338649	1120162560.00
2018/04/04	13.40	13.94	13.35	13.69	96282366	1323213952.00
2018/04/09	13.66	13.79	13.34	13.46	67381793	910837632.00
2018/04/10	13.50	14.31	13.46	14.29	149804664	2094607360.00
2018/04/11	14.31	14.76	14.10	14.54	152303421	2202690816.00
2018/04/12	14.40	14.66	14.23	14.39	79022325	1139604224.00
2018/04/13	14.49	14.62	13.91	14.02	73899731	1051457408.00
2018/04/16	13.93	13.94	13.04	13.24	164611101	2190622976.00
2018/04/17	13.26	13.41	13.06	13.15	90137001	1192294272.00
2018/04/18	13.52	13.76	13.31	13.46	146281997	1976742528.00
2018/04/19	13.46	13.68	13.31	13.44	79533109	1074390912.00
2018/04/20	13.46	13.58	13.08	13.40	77827910	1039547072.00
2018/04/23	13.25	13.63	13.15	13.54	65006623	872327744.00
2018/04/24	13.77	14.43	13.76	14.09	149631754	2124568064.00
2018/04/25	13.93	14.09	13.73	13.85	72227553	1000256384.00
数据来源:通达信
