600009 上海机场 日线 不复权
      日期	    开盘	    最高	    最低	    收盘	    成交量	    成交额
2017/03/27	29.19	30.26	29.11	29.60	16688123	497779520.00
2017/03/28	29.56	29.89	29.26	29.76	5571074	164687968.00
2017/03/29	29.86	30.47	29.58	30.08	8095571	243798848.00
2017/03/30	30.01	30.30	29.59	29.99	8283258	246817504.00
2017/03/31	29.85	30.09	29.70	29.98	3707088	111140664.00
2017/04/05	30.16	30.94	29.97	30.28	8601119	261417120.00
2017/04/06	30.28	30.95	30.26	30.93	10619230	326927744.00
2017/04/07	30.94	31.05	30.38	30.70	5287072	161870640.00
2017/04/10	30.65	30.65	30.09	30.27	6100195	185396320.00
2017/04/11	30.31	30.39	29.44	29.94	8612552	255950096.00
2017/04/12	29.93	32.54	29.64	32.26	31646170	994659712.00
2017/04/13	31.90	34.55	31.81	34.08	26196295	887821184.00
2017/04/14	34.30	34.30	33.62	34.08	7179384	243961840.00
2017/04/17	33.91	34.23	33.21	34.19	7638722	257516720.00
2017/04/18	33.68	35.42	33.55	34.92	13478768	464138496.00
2017/04/19	34.60	34.91	33.90	34.48	14419441	494749312.00
2017/04/20	34.30	34.72	33.90	34.50	7264173	249298912.00
2017/04/21	34.44	34.44	33.32	34.07	9076762	306452448.00
2017/04/24	33.83	34.24	33.05	34.22	11406401	382571872.00
2017/04/25	33.93	34.10	33.38	33.80	5705269	192902544.00
2017/04/26	33.80	34.40	33.52	33.88	4808031	163192656.00
2017/04/27	33.72	34.09	33.70	33.84	3380512	114471952.00
2017/04/28	34.04	35.26	34.04	34.25	8431871	292417856.00
2017/05/02	33.57	35.28	33.06	35.00	6552431	226038336.00
2017/05/03	34.78	35.48	34.56	35.33	5889485	207057168.00
2017/05/04	35.24	36.70	35.20	36.25	10495394	380071584.00
2017/05/05	36.08	36.60	35.67	36.42	7750977	280171808.00
2017/05/08	36.48	37.10	35.61	36.53	11702340	426139392.00
2017/05/09	36.40	36.40	34.89	35.21	5632242	199891584.00
2017/05/10	35.21	35.80	35.15	35.33	4498257	159799504.00
2017/05/11	35.07	35.88	34.80	35.56	5630706	199806080.00
2017/05/12	35.20	36.08	35.20	35.67	3128735	111896992.00
2017/05/15	36.00	37.09	35.90	37.02	6871331	253141760.00
2017/05/16	37.00	39.20	37.00	39.04	11125194	423742400.00
2017/05/17	39.00	39.77	38.35	38.50	8345720	324879328.00
2017/05/18	38.36	38.76	37.70	38.16	5951204	227431920.00
2017/05/19	37.99	39.54	37.99	39.32	8094395	316856096.00
2017/05/22	39.70	39.87	38.80	39.82	5479801	214930288.00
2017/05/23	39.51	40.16	38.01	40.15	14591200	572764736.00
2017/05/24	39.45	39.59	38.14	38.68	11934650	461761504.00
2017/05/25	38.53	39.35	36.98	37.54	12747200	482737888.00
2017/05/26	37.60	38.16	37.11	37.79	10407597	391984800.00
2017/05/31	37.82	37.90	35.71	37.79	16779813	615928704.00
2017/06/01	37.07	38.38	36.61	38.29	14580392	550372992.00
2017/06/02	38.00	38.58	37.90	38.19	6502019	248735328.00
2017/06/05	37.95	38.18	36.95	37.30	6735215	251545264.00
2017/06/06	37.20	37.65	36.70	37.57	6960266	258834640.00
2017/06/07	37.48	37.76	37.10	37.49	9586128	358089984.00
2017/06/08	37.52	39.50	37.52	39.34	16431719	636816000.00
2017/06/09	39.15	39.30	38.40	38.91	13997130	543232768.00
2017/06/12	38.62	39.19	38.21	38.51	8989241	347517920.00
2017/06/13	38.49	38.71	38.00	38.67	5827952	223758208.00
2017/06/14	38.71	38.77	37.30	37.38	11017773	416130656.00
2017/06/15	37.19	37.19	36.01	36.14	17594147	641859392.00
2017/06/16	35.88	36.39	35.72	36.14	8839421	318770816.00
2017/06/19	35.88	36.35	35.87	36.12	6231934	224733600.00
2017/06/20	36.13	36.32	35.50	35.52	8035827	287931712.00
2017/06/21	35.82	37.77	35.58	37.69	15682010	579079040.00
2017/06/22	37.50	37.91	37.12	37.85	11193388	420230400.00
2017/06/23	37.50	38.26	37.43	38.22	6319915	239266192.00
2017/06/26	38.17	38.48	37.72	37.79	8304002	314929888.00
2017/06/27	37.91	38.16	37.64	38.02	4314059	163315344.00
2017/06/28	37.84	38.01	37.21	37.32	5208726	195515984.00
2017/06/29	37.18	37.43	36.91	37.22	4592972	170446416.00
2017/06/30	37.27	37.37	36.58	37.31	5438145	201416032.00
2017/07/03	37.50	38.35	37.31	38.15	6007241	227096208.00
2017/07/04	38.00	38.19	37.10	38.09	8713405	330057824.00
2017/07/05	37.89	38.28	37.61	38.09	3703494	140627152.00
2017/07/06	37.90	39.15	37.80	38.19	6859008	264379024.00
2017/07/07	38.50	38.68	37.95	38.29	4420913	169620032.00
2017/07/10	38.44	38.44	37.05	37.08	8148218	304239424.00
2017/07/11	37.10	37.60	36.93	37.38	4921093	184010656.00
2017/07/12	37.47	37.47	36.61	37.22	3922762	145252224.00
2017/07/13	37.45	37.47	36.98	37.19	5562370	207200160.00
2017/07/14	37.32	37.86	37.04	37.66	4536962	170570656.00
2017/07/17	37.80	38.02	36.01	37.98	6679480	250525152.00
2017/07/18	38.01	38.35	37.41	38.23	5925762	225502704.00
2017/07/19	38.18	38.80	38.03	38.16	7941529	304693280.00
2017/07/20	38.17	38.48	37.51	38.16	8021765	304055200.00
2017/07/21	38.05	38.30	37.50	37.65	4453051	168624192.00
2017/07/24	37.79	37.79	37.30	37.32	4957845	185850912.00
2017/07/25	37.53	37.57	36.58	36.99	5270247	195902192.00
2017/07/26	37.18	37.18	36.13	36.39	9574539	349758656.00
2017/07/27	36.05	36.80	36.05	36.38	6623833	241501536.00
2017/07/28	36.27	36.80	36.27	36.50	2959362	108388208.00
2017/07/31	36.58	37.53	36.35	37.45	5576122	207375888.00
2017/08/01	37.48	37.66	36.99	37.30	5469940	204040336.00
2017/08/02	37.30	37.44	36.78	36.81	2687029	99946576.00
2017/08/03	36.95	36.99	36.17	36.42	4330657	157969440.00
2017/08/04	36.40	36.73	36.20	36.27	3927745	143065632.00
2017/08/07	36.36	36.95	36.31	36.66	2985668	109399728.00
2017/08/08	36.76	37.17	36.66	37.00	2651714	98121072.00
2017/08/09	37.10	37.10	36.62	36.70	2963822	109038512.00
2017/08/10	36.81	37.00	36.34	36.92	3317616	121622040.00
2017/08/11	36.52	37.13	36.52	37.11	3318271	122658416.00
2017/08/14	37.13	37.36	37.06	37.08	2339373	87168544.00
2017/08/15	36.88	37.69	36.82	37.59	4371261	163794048.00
2017/08/16	37.59	37.60	37.09	37.36	2915482	108831552.00
2017/08/17	37.33	38.19	37.18	37.66	5003889	188888608.00
2017/08/18	37.60	37.89	37.30	37.34	3234396	120960752.00
2017/08/21	37.30	37.55	37.08	37.50	2431697	90831304.00
2017/08/22	37.50	37.65	37.10	37.25	2013796	75029304.00
2017/08/23	37.37	37.37	37.13	37.32	1281429	47717132.00
2017/08/24	37.05	37.10	36.83	36.96	1581192	58435952.00
2017/08/25	37.45	37.45	37.05	37.22	2420081	90147944.00
2017/08/28	37.44	38.73	37.43	38.48	10237666	389725888.00
2017/08/29	38.69	39.62	38.48	39.36	7885647	308277504.00
2017/08/30	39.50	39.68	38.57	38.64	6827556	267485312.00
2017/08/31	38.85	39.18	38.20	39.05	3996769	154282976.00
2017/09/01	39.00	39.18	38.17	38.27	5666178	218555520.00
2017/09/04	38.24	38.47	37.79	38.13	2939483	111821520.00
2017/09/05	38.13	39.10	38.13	39.01	4969864	193145936.00
2017/09/06	38.77	39.36	38.77	39.33	3782296	148103744.00
2017/09/07	39.38	40.91	39.21	40.79	9436683	381121568.00
2017/09/08	40.99	42.82	40.81	42.39	10107195	423795104.00
2017/09/11	42.39	42.61	41.07	41.22	6201813	258490448.00
2017/09/12	41.43	41.88	40.62	41.33	4470252	184185264.00
2017/09/13	41.20	41.30	40.10	40.82	7219611	292810112.00
2017/09/14	40.88	41.46	40.36	40.70	2331352	95170560.00
2017/09/15	40.61	41.50	40.44	41.04	3163285	129523336.00
2017/09/18	41.00	41.30	39.84	39.91	5843620	235412352.00
2017/09/19	39.80	40.10	39.02	39.24	5646366	222060352.00
2017/09/20	39.20	39.20	38.20	38.36	9677981	372021184.00
2017/09/21	38.60	38.65	37.81	37.89	9205181	349758336.00
2017/09/22	37.93	38.20	37.81	38.11	5153962	195951168.00
2017/09/25	38.07	38.49	37.33	38.45	7501635	284666560.00
2017/09/26	38.30	38.57	37.85	38.43	3426641	131179904.00
2017/09/27	38.15	38.49	38.10	38.15	3033729	116003656.00
2017/09/28	38.30	38.49	38.03	38.33	2965430	113630944.00
2017/09/29	38.30	38.70	37.71	37.98	4738320	180627856.00
2017/10/09	38.40	38.98	38.26	38.56	8802287	339685376.00
2017/10/10	38.61	39.05	37.18	37.82	10914046	414615936.00
2017/10/11	37.85	39.10	37.82	38.63	7786346	300739808.00
2017/10/12	38.70	40.47	38.63	39.99	10051494	400082656.00
2017/10/13	40.01	40.80	39.81	40.04	5147086	207427744.00
2017/10/16	40.08	40.50	39.50	40.04	5116851	205170848.00
2017/10/17	39.92	40.00	39.56	39.57	2618402	104114056.00
2017/10/18	39.54	40.60	39.54	40.40	6890851	277341568.00
2017/10/19	40.48	40.78	40.16	40.71	4849969	196346144.00
2017/10/20	41.60	42.49	40.69	40.81	7712867	320577536.00
2017/10/23	41.00	42.10	39.90	40.01	7641295	310967648.00
2017/10/24	40.29	40.84	39.80	40.44	4671416	188640688.00
2017/10/25	40.45	40.89	40.18	40.48	3336294	135137376.00
2017/10/26	40.97	40.97	39.94	40.00	4816748	193912192.00
2017/10/27	40.19	40.38	39.59	39.89	6958599	277790880.00
2017/10/30	40.49	43.32	40.49	43.19	14865777	624066176.00
2017/10/31	43.19	43.84	42.16	43.75	10806495	465644960.00
2017/11/01	43.23	43.50	42.31	42.41	10939746	469000448.00
2017/11/02	42.33	42.77	41.53	42.64	6397507	270800480.00
2017/11/03	42.40	42.97	42.00	42.94	6377780	270724128.00
2017/11/06	43.05	45.17	42.69	44.33	13838553	612492480.00
2017/11/07	44.34	44.96	42.82	43.10	12869596	562080192.00
2017/11/08	43.47	43.76	42.14	42.76	11885232	510979424.00
2017/11/09	42.60	43.22	42.19	43.18	5995892	256244656.00
2017/11/10	43.08	44.67	42.61	44.18	9295358	408171840.00
2017/11/13	44.29	44.55	43.39	43.55	8551347	374631968.00
2017/11/14	43.50	43.51	42.42	42.89	7394445	316757056.00
2017/11/15	42.68	43.95	42.68	43.72	8564170	371563456.00
2017/11/16	43.74	43.92	42.97	43.50	5297277	230320928.00
2017/11/17	43.63	45.17	43.53	45.05	14592025	651277952.00
2017/11/20	45.00	45.77	44.07	45.72	11614690	523641760.00
2017/11/21	45.90	47.38	45.10	45.23	15250746	705315136.00
2017/11/22	45.39	46.18	44.35	45.87	12564605	569607744.00
2017/11/23	45.41	45.41	42.83	43.66	12152408	535419904.00
2017/11/24	43.05	43.88	42.81	43.68	10077131	437046656.00
2017/11/27	43.21	43.50	41.80	42.70	12056400	512032416.00
2017/11/28	42.80	43.54	42.20	43.09	5832333	251004480.00
2017/11/29	42.88	43.10	41.45	42.11	10435335	437328608.00
2017/11/30	42.02	42.18	41.21	41.76	5712916	237668016.00
2017/12/01	41.80	42.40	41.58	42.06	4494884	189034160.00
2017/12/04	42.28	42.58	41.83	42.17	4214061	177605872.00
2017/12/05	42.14	43.46	42.13	43.44	7497485	322032704.00
2017/12/06	43.06	43.20	41.60	41.97	9599689	406598176.00
2017/12/07	41.78	42.15	41.44	41.97	6727356	281477920.00
2017/12/08	41.66	42.35	41.46	41.99	5955317	250126528.00
2017/12/11	42.00	43.54	41.75	43.21	5743671	246509440.00
2017/12/12	42.91	43.19	42.38	42.49	5681386	242264448.00
2017/12/13	42.77	44.21	42.60	43.99	7915094	342802400.00
2017/12/14	43.94	43.97	43.34	43.49	5059621	220451200.00
2017/12/15	43.49	43.84	43.32	43.63	4328780	188689504.00
2017/12/18	43.69	44.49	43.60	43.96	4218528	185291088.00
2017/12/19	43.51	44.47	43.51	44.38	4746205	209244208.00
2017/12/20	44.60	44.97	44.13	44.78	4554159	203537776.00
2017/12/21	44.60	45.71	44.60	45.27	6393596	289595040.00
2017/12/22	45.50	45.50	43.98	44.23	5382322	239062512.00
2017/12/25	43.86	44.68	43.86	44.32	3469273	153665104.00
2017/12/26	44.40	45.40	44.31	44.99	5644103	253786944.00
2017/12/27	44.99	45.02	43.75	44.12	5322272	234507168.00
2017/12/28	44.20	44.27	43.58	44.09	3498898	153675824.00
2017/12/29	44.00	45.12	43.96	45.01	5340958	238503168.00
2018/01/02	45.00	45.33	44.13	44.40	5971792	265817888.00
2018/01/03	44.44	44.93	43.73	44.05	9197365	406603744.00
2018/01/04	43.98	44.43	43.58	44.10	5896574	259600544.00
2018/01/05	44.32	44.55	44.01	44.15	5311671	235172144.00
2018/01/08	44.15	44.35	42.73	43.03	10147858	438662528.00
2018/01/09	43.05	43.82	43.03	43.76	8211714	356975296.00
2018/01/10	44.04	44.18	43.50	43.80	4818606	210934032.00
2018/01/11	43.80	44.19	43.16	43.44	4159913	181357440.00
2018/01/12	43.52	44.03	43.20	43.94	4170045	182530928.00
2018/01/15	44.38	46.44	44.00	45.65	12064078	546455040.00
2018/01/16	46.00	46.59	45.51	45.96	11427746	527172800.00
2018/01/17	46.42	46.80	45.11	45.38	7480989	342967488.00
2018/01/18	45.46	46.05	44.70	45.00	9409633	425586816.00
2018/01/19	44.99	45.30	44.46	44.61	4701098	210609344.00
2018/01/22	44.61	45.16	44.26	44.91	5913499	265160496.00
2018/01/23	45.35	47.47	45.12	47.02	14960508	697912704.00
2018/01/24	46.83	47.21	46.35	47.09	7212614	337514464.00
2018/01/25	46.66	47.17	46.21	46.67	5475183	255354976.00
2018/01/26	46.66	47.48	46.57	46.88	6244918	293953312.00
2018/01/29	47.13	47.13	45.43	45.68	6263727	290435776.00
2018/01/30	45.45	46.40	45.43	46.13	5906508	271074304.00
2018/01/31	45.86	46.90	45.67	46.89	3796302	176165952.00
2018/02/01	46.88	47.73	46.42	47.68	7339823	345931840.00
2018/02/02	47.70	48.98	46.80	48.78	7369257	355656256.00
2018/02/05	48.30	49.20	47.58	48.60	7113735	343788768.00
2018/02/06	47.23	48.00	46.15	47.99	12019002	564194176.00
2018/02/07	47.99	48.10	46.25	47.71	8181547	386695968.00
2018/02/08	47.20	47.90	44.80	46.01	8565408	393767104.00
2018/02/09	44.65	44.66	41.66	44.22	13165844	567033792.00
2018/02/12	43.30	43.98	43.02	43.43	6067654	263964944.00
2018/02/13	44.20	45.17	43.54	43.77	6702901	297454176.00
2018/02/14	43.41	44.00	43.22	43.82	3978798	173868656.00
2018/02/22	44.30	46.77	44.11	46.63	5756440	262480592.00
2018/02/23	46.77	47.23	46.16	46.86	4654597	218054032.00
2018/02/26	48.50	49.88	48.30	49.69	11871171	583627968.00
2018/02/27	49.94	50.59	48.90	49.68	9970218	495301248.00
2018/02/28	49.30	49.50	48.28	48.87	6319982	308836256.00
2018/03/01	48.50	49.78	48.31	49.33	5434928	268111568.00
2018/03/02	48.96	50.50	48.65	50.35	7329446	365334880.00
2018/03/05	50.00	50.34	48.50	50.22	6250331	309147328.00
2018/03/06	50.00	50.18	48.90	49.16	4592344	226716528.00
2018/03/07	49.31	49.88	49.03	49.22	4379437	215998288.00
2018/03/08	49.50	49.70	48.56	49.64	3328586	164120768.00
2018/03/09	50.00	50.88	49.41	50.83	5169566	259965552.00
2018/03/12	51.00	51.98	49.90	50.09	6401682	326289408.00
2018/03/13	50.12	51.40	49.85	50.54	4219471	213284096.00
2018/03/14	50.20	50.80	49.63	49.84	3762247	188230912.00
2018/03/15	49.48	50.15	49.41	50.00	2177561	108843928.00
2018/03/16	50.29	50.38	49.10	49.34	3964986	196257968.00
2018/03/19	49.02	50.29	48.80	50.14	4321103	215389568.00
2018/03/20	49.85	50.30	49.60	49.99	3152665	157750080.00
2018/03/21	50.33	50.85	49.60	49.99	3588011	180263328.00
2018/03/22	50.01	51.48	49.75	50.79	5733081	291492448.00
2018/03/23	48.88	50.81	48.88	50.78	9761793	489552832.00
2018/03/26	49.80	51.44	48.36	50.03	7699998	382879808.00
2018/03/27	50.30	50.30	49.00	49.32	3789960	187578784.00
2018/03/28	49.00	49.99	48.58	49.25	4108614	202063680.00
2018/03/29	49.25	49.57	47.30	47.65	6894738	332649184.00
2018/03/30	47.74	49.18	47.66	48.84	3194054	155182736.00
2018/04/02	49.75	50.02	49.12	49.30	3631320	180380960.00
2018/04/03	49.00	49.80	47.95	47.99	4943796	239812416.00
2018/04/04	48.37	48.64	47.76	47.86	5474267	263301376.00
2018/04/09	47.28	47.97	47.22	47.25	5935199	281884160.00
2018/04/10	47.58	48.32	46.88	48.24	4969262	236683888.00
2018/04/11	48.26	48.40	47.80	48.10	5367317	258343328.00
2018/04/12	47.98	48.65	47.90	48.06	4830243	233036560.00
2018/04/13	48.09	48.50	47.01	47.29	2902676	138966160.00
2018/04/16	47.00	47.28	45.51	45.86	8170653	376811808.00
2018/04/17	45.70	46.67	44.52	44.55	8130318	369429568.00
2018/04/18	44.85	45.80	43.82	44.37	8468264	377961440.00
2018/04/19	44.70	45.28	44.00	45.09	6649264	298891904.00
2018/04/20	44.81	46.35	44.81	45.41	4955850	226280880.00
2018/04/23	45.29	46.19	45.01	45.27	3987174	181604688.00
2018/04/24	45.90	47.15	45.50	46.27	4593019	213799680.00
2018/04/25	45.97	47.02	45.80	46.96	3113080	144970848.00
数据来源:通达信
